0.6602273162
0.6455691000
0.6467503680
0.6608434400
0.6876799790
0.7291688986
1.1860365224
0.8822111094
0.8549459719
0.9258642530
1.0727519337
0.8053305781
0.7869820404
0.7739297871
0.7756487568
0.7983290005
0.8487608998
0.9375071547
1.0818651980
1.8588609364
4.5754428675
5.7111316685
4.1109470546
4.2086917846
13.1333166130
5.3682930907
1.0864158309
0.8858821660
0.7660659809
0.6968462510
0.4112019767
0.4118123911
0.4210433379
0.4390415323
0.4679893215
0.5121781366
1.5555869738
1.8099032941
1.0658722637
1.4343682659
1.7471574033
2.7402224918
0.6305470642
0.6167151077
0.6141868276
0.6285259654
0.6642208680
0.7273456455
1.3170695982
6.5940962170
4.7649905372
3.3947571565
4.4853267738
4.9742412048
4.9282076376
0.6843234595
0.5628501933
0.4878245484
0.4441749800
0.4208048058
0.3750431894
0.3813194452
0.4060728283
0.4497020626
0.5071759208
0.9037088948
3.8257586626
1.7800818698
2.2604882288
2.4476950666
3.6699094244
52.1352775840
2.3871111222
3.6466050579
5.4884971119
4.1506762537
3.3173033285
4.6911197733
3.2996795151
3.8997832920
0.6139416461
0.4945453834
0.4241085722
0.3877326384
0.3604194228
0.3643577745
0.3830500880
0.4154799867
0.4609316697
0.5222717485
4.0275615094
3.8422281523
1.5328063302
3.4824081498
3.0464547824
2.6136563983
5.1996956048
3.8017597424
3.6778515683
3.2441864816
4.1336921419
4.0481510476
5.4677394586
0.6813722945
0.5534617091
0.4625948499
0.4048611925
0.3727805206
0.3619346499
0.3657240132
0.3898237152
0.4348362147
0.5065394251
3.9848732250
4.3936649421
2.1741758015
2.3512770404
3.8305494699
3.9595436514
2.1034311102
4.7772900185
6.0635574800
0.6366298056
0.5123561548
0.4286988192
0.3811145315
0.3830643161
0.3904154179
0.4350287232
1.0405354124
3.5321288319
3.1799635529
4.4133435125
5.0480250684
3.7676995196
2.9453821917
0.4927874101
0.4147199536
0.4317001469
0.4628336575
2.6215560609
6.0476341110
4.7730990022
0.4953157274
0.5219384213
0.3604194228
52.1352775840