0.0057319724
0.0055882199
0.0055926081
0.0057171354
0.0059599047
0.0063389647
0.0107182774
0.0077788230
0.0074868116
0.0081696985
0.0095766313
0.0069825348
0.0067985383
0.0066659044
0.0066738813
0.0068798332
0.0073479780
0.0081806589
0.0095475671
0.0169933480
0.0431710422
0.0544071745
0.0387941065
0.0397054358
0.1276040709
0.0509582285
0.0097799601
0.0078767248
0.0067399076
0.0060821220
0.0035135586
0.0035188028
0.0036016847
0.0037633721
0.0040237999
0.0044224700
0.0142550848
0.0167364756
0.0096591740
0.0130741871
0.0161071007
0.0254245015
0.0053949400
0.0052490379
0.0052118599
0.0053331390
0.0056537936
0.0062324792
0.0116395854
0.0605832890
0.0439382835
0.0310614816
0.0414906850
0.0450517711
0.0463308805
0.0060082567
0.0048967206
0.0042111198
0.0038132534
0.0036007636
0.0032358290
0.0032958540
0.0035242985
0.0039231558
0.0044388003
0.0079247342
0.0339584942
0.0160888662
0.0200480632
0.0218102845
0.0327251157
52.8205428248
0.0204865223
0.0313333528
0.0479970038
0.0361643143
0.0290034590
0.0409441957
0.0281533057
0.0346850182
0.0053780475
0.0043089416
0.0036751913
0.0033482461
0.0031154877
0.0031536779
0.0033230758
0.0036114814
0.0040057074
0.0045225626
0.0332825180
0.0324419196
0.0131324483
0.0291225098
0.0255817966
0.0219148574
0.0433665495
0.0315825870
0.0303234899
0.0267211289
0.0342748873
0.0328107981
0.0455674349
0.0058959352
0.0048039682
0.0040132406
0.0035056416
0.0032229437
0.0031163016
0.0031508712
0.0033581534
0.0037343687
0.0043155352
0.0312671411
0.0351171362
0.0173256227
0.0188761977
0.0302974868
0.0311334009
0.0168566030
0.0371170280
0.0477852137
0.0054151749
0.0043943961
0.0036882434
0.0032806053
0.0032699601
0.0033289193
0.0036874133
0.0083620008
0.0268707246
0.0245520102
0.0335542027
0.0381528623
0.0287126530
0.0225261059
0.0041733132
0.0035341507
0.0036364610
0.0038734077
0.0199090346
0.0447625615
0.0354373227
0.0041438354
0.0043207704
0.0031154877
52.8205428248