3.9034265813
3.8292884899
3.8455473470
3.9364970717
4.1022956258
4.3548063094
6.8714432416
5.2106359228
5.1117817018
5.4572092166
6.3086495391
4.8278067095
4.7146460046
4.6301749854
4.6335749103
4.7625818507
5.0571284268
5.5785204730
6.4263021713
11.1367194628
26.1736295317
31.7383625955
22.8598172382
24.6112196516
69.1717664245
29.4009853427
6.2639101062
5.1479623363
4.4832109565
4.1017273705
2.4675964937
2.4725219045
2.5292045713
2.6387713406
2.8147877935
3.0842492034
9.6446994386
11.1428480577
6.3890002849
8.8230308288
10.6530581796
17.0375209414
3.8155593059
3.7267704785
3.7068463542
3.7911987375
4.0076552470
4.3934109600
8.1092828684
41.4325624995
29.7642486686
21.1567659713
28.0339661162
31.2030404630
30.6130830894
4.1017112845
3.3703356898
2.9220035314
2.6622439871
2.5237869354
2.2309614892
2.2649618713
2.4056254599
2.6566629107
2.9978269348
5.4825546906
23.8950137172
11.0574892473
14.0582264228
15.2594853203
22.9758844837
424.0270853452
14.7144852722
22.5361177635
34.2029498193
25.7310068750
20.5374479901
29.1038300010
20.1988392940
24.3405440990
3.6659173806
2.9460666880
2.5247225319
2.3077141975
2.1334060172
2.1536674939
2.2602080021
2.4488206251
2.7197028423
3.0936349150
24.3715530726
23.5217920528
9.3700015639
21.2163813133
18.5971343310
15.9317982563
31.7096653578
23.0907510481
22.2215074106
19.5455373049
25.0323374772
24.1713217722
33.2589993568
4.0627994057
3.2920222585
2.7461139384
2.4006000064
2.2086506492
2.1367391501
2.1565555904
2.2968483359
2.5638895697
2.9935507705
23.3847413249
26.1161992321
12.8336604617
13.9625235450
22.6116257472
23.2745616599
12.4258319730
27.8575475566
35.7348653932
3.7738496568
3.0349404658
2.5362196741
2.2523191624
2.2571186966
2.2985429486
2.5608022905
6.1012620335
20.3112993078
18.4560769467
25.4047800444
28.9482259339
21.6751663119
16.9426043673
2.9069104502
2.4456435100
2.5380703638
2.7183391712
15.0217971800
34.2289261055
27.0337897905
2.9109597757
3.0592457581
2.1334060172
424.0270853452