429.8072780292
425.3679703553
429.4099723939
440.7139356899
459.5496455075
487.2162954256
696.3635318310
560.1380011667
568.8592625137
584.0291112269
666.3907590741
544.8162022238
533.3109348509
524.1001722757
523.7316159404
536.2453960309
565.5552955766
617.3619517479
700.6391367421
1190.2436563015
2438.1255268679
2666.8757804857
1974.6046243162
2430.9635578946
4655.0187800960
2458.3549054686
631.3804242368
534.8272699609
477.7160163879
445.5748449003
283.1970841162
284.0082882350
290.4406646084
302.6729896309
322.2414381498
352.2489546756
1087.4626831714
1234.7326051607
693.0046620764
989.2747779717
1167.0455921186
1907.8644325666
442.7401767546
433.6461058045
431.7360669841
441.2036125224
465.1682394330
507.5012029726
934.0589827450
4739.1088801361
3368.1126893075
2401.1202120667
3164.1471706852
3601.8116413595
3379.3273964695
456.6704293729
378.2797617190
330.8191407431
303.4524407650
288.9475602414
249.7739989309
252.4446436610
265.6722073087
290.2298481229
326.5410553624
620.7322079662
2790.4866231904
1261.9743288104
1633.8385657200
1772.5923112866
2682.5762537926
1476.2391606073
1740.7676683575
2671.5490336037
4034.9149607134
3026.5560402453
2402.0210574401
3419.0707463367
2379.3974522803
2836.0826975008
406.4040792388
327.2164583501
281.7268975469
258.3775693995
236.3924358439
237.6875993330
248.0205802280
267.5412927098
297.6824180490
342.0919054927
2912.3123112569
2797.7742650007
1097.4078131981
2530.9588707819
2214.6840249907
1896.2502540950
3796.1185283232
2759.9126675013
2657.0025249872
2330.4902238067
2985.7720507286
2892.1476069868
3971.2358627269
455.2181770156
366.2032406678
304.6399834154
266.3290352421
245.0947770247
236.7678414413
238.2821672268
253.4169283908
284.1126175258
335.8080905810
2820.7021579623
3146.4129186274
1537.2828243550
1673.2353456018
2726.9561624461
2807.8468644085
1482.7015939299
3364.9458925143
4315.3199159602
426.7272575018
339.7337476213
282.3505413596
250.1215858671
251.7329938755
256.2724747232
287.2385835528
718.6555722991
2458.3943438843
2229.5327682501
3080.5031975838
3513.6706963233
2621.2623323060
2042.6650464098
327.7460953029
273.6935076391
286.2450945760
308.1835802122
1813.8727654759
4168.3667440384
3285.5607884289
330.6179227547
349.9162658518
236.3924358439
4739.1088801361