4.5509935210
4.4674939739
4.4862046611
4.5894040655
4.7771536673
5.0625254687
7.8695922035
6.0535804370
5.9175736069
6.3368989408
7.2569528190
5.6174166071
5.4973287766
5.4085613084
5.4168255432
5.5648606781
5.8974323834
6.4819845020
7.4267999488
12.5778559554
29.3697052882
36.0301456136
25.9098906246
27.2652634913
80.5264059201
33.0761894853
7.2126885588
5.9549709749
5.2052005316
4.7747423899
2.8891533369
2.8944687652
2.9589159245
3.0838111335
3.2844731148
3.5911283070
10.8514606246
12.4447304622
7.2189232159
9.9465610821
11.9113874622
19.0045720651
4.4615771141
4.3700448204
4.3536991401
4.4533664936
4.7007397480
5.1365498283
9.3334684769
46.6645228039
33.4165104978
23.8796188560
31.4128614807
35.4951828876
33.8717701997
4.7453143239
3.9164324773
3.4071853462
3.1114985805
2.9535252260
2.6056263716
2.6442351122
2.8052672565
3.0934682249
3.4865643961
6.3617243415
27.5197816473
12.5858208422
16.1841854047
17.5100339657
26.3650685199
316.2557585044
17.2328737942
26.3806604321
39.6807629490
29.9043070437
23.8194897679
33.8037336358
23.7242859122
28.0028838980
4.2491747264
3.4244012687
2.9422896948
2.6938008777
2.4917929011
2.5149939409
2.6381303849
2.8572386546
3.1742098882
3.6157145518
29.0580064234
27.7771884515
10.9868568915
25.1588480939
22.0008763789
18.8605041175
37.6362030103
27.4494045589
26.5048119247
23.3140291657
29.7837904041
29.0322588813
39.4985221607
4.7372805453
3.8340462878
3.1999002083
2.8003750118
2.5787670929
2.5007467486
2.5242671219
2.6896722917
3.0070491725
3.5229359919
28.4549561154
31.5553521605
15.5195037925
16.8341096151
27.4223085417
28.2863983438
14.9869825545
34.0042702971
43.4017331608
4.4353541414
3.5547107527
2.9674075247
2.6354298032
2.6515773505
2.7025212951
3.0190985739
7.3528401483
24.9806373549
22.5840125929
31.2509938608
35.6825672027
26.6359365891
20.7927120680
3.4242442980
2.8741069250
2.9981666689
3.2206160426
18.4842194590
42.4946516255
33.5212075291
3.4472860386
3.6393222482
2.4917929011
316.2557585044