172.8775993089
170.5289625542
171.7846932136
176.0806460886
183.4831218677
194.5047146352
287.8330906733
226.5082353054
227.2147692081
236.8226299390
270.5704027901
216.8478044354
212.2482977702
208.6724391221
208.7049431020
213.9747565107
226.1090318290
247.5089703595
281.9826798475
478.4029738647
1035.8563449288
1175.7978279011
869.3474549555
1000.5459933065
2251.2510037179
1100.5217387421
262.1022177038
219.6316179097
194.4185622635
180.0973241223
112.1944026116
112.4746235720
115.0096502332
119.8638161194
127.6423809608
139.5556601840
427.8601844647
487.3298821077
276.6898833642
390.1303029349
462.6018879763
750.0849908871
174.6434854293
171.0477101055
170.3277844979
174.1217261847
183.6662906630
200.5154624729
367.6430990028
1856.7786979324
1322.9015336367
943.8772607216
1243.0921152280
1411.7688970220
1331.5765003250
182.2230332485
150.7196949579
131.5385671300
120.4498856708
114.5555243403
99.7817922049
101.0200854445
106.6645193538
116.9714057902
131.6914946192
246.5649912472
1093.7548193686
496.3949054927
641.2056309042
695.0574259130
1050.2000614055
1412.2612672059
682.8212535262
1047.1287432100
1579.8294750391
1186.7789395095
943.0604240171
1341.0457003124
935.4955594816
1112.1429863184
162.5077961888
130.8742090000
112.5855044522
103.1880240912
94.7961462314
95.4658316089
99.8300088846
107.8615477702
119.9294828851
137.3179277242
1144.4663344184
1098.1252625881
432.0289672813
993.5859713848
869.3380330061
744.6441586911
1488.9427128805
1083.5710220389
1044.0354770376
916.5815729017
1173.3565552220
1138.1915105604
1559.3328858432
181.6699416862
146.4714602660
121.9910355711
106.6887310707
98.2091371058
94.9998112237
95.7241194162
101.8802907674
114.0856585365
134.3583865261
1110.9847497546
1237.4625251407
605.8743981874
658.8605763435
1073.1441871480
1105.4578644739
584.7032752463
1325.7109122838
1698.2251540117
170.1527901661
135.8138305799
113.0648266865
100.2592072354
100.8743621658
102.7393586913
114.9940333999
284.5938734118
969.6907259112
878.9024140467
1214.4637494339
1385.4413050690
1034.0370609708
806.3345975937
130.9096397188
109.5409499484
114.4239765437
123.0718536437
716.1299213146
1644.6714990463
1296.8290419197
131.9186543776
139.4536213290
94.7961462314
2251.2510037179