363.2571397864
359.4134588817
362.7195071257
372.1384819005
387.8849990144
411.0382309305
588.0841002897
472.8304749884
479.4112536070
493.1920054099
561.9036205018
459.5727110950
450.1402424358
442.6232200550
442.4663008137
453.0599687580
477.6880642120
521.1052762883
590.7654303565
996.0825468994
2048.0184815796
2252.3426971812
1671.4299186593
2028.5442530179
3979.9767604884
2085.4121855112
533.8284328992
452.2043779706
403.8874165362
376.6597483664
239.1119462016
239.7769418403
245.1619093268
255.4171635240
271.8276220965
296.9786631718
907.2891275760
1027.7203018747
579.4832115706
825.8056590426
971.9987995825
1587.3121531424
373.5349227354
366.1458551930
364.7007748859
372.7249944672
392.8345285042
428.2373286836
784.6388575425
3955.4174068302
2808.5103544667
2005.6169841465
2637.0307765942
3015.6634032473
2804.8517907819
384.5846554683
318.9200731922
279.1150661846
256.1424118370
243.9546497803
210.9468637195
213.2236162154
224.4126695779
245.1631246307
275.7587658723
523.1583461278
2344.4953169134
1056.7235016434
1372.5783474834
1487.5695694810
2251.0919247260
1533.7015001204
1469.1478001013
2254.4749338601
3396.8351911005
2549.2618484572
2021.9702627923
2879.4007383241
2009.9978236145
2382.0972646961
342.5044540959
275.9946232031
237.7832827334
218.1665179394
199.7318269117
200.8572012451
209.6154109068
226.1326970446
251.6063657723
289.1313445286
2469.5004496144
2366.5099469062
926.8535440683
2143.0579024947
1874.0908120824
1604.9925156551
3214.7197441170
2338.3775718293
2253.1939278100
1976.5211152102
2530.4754475162
2456.5732037643
3364.1865796355
384.2129089449
309.0473807550
257.1627366747
224.9058981880
207.0390546933
200.1690264188
201.4902629120
214.3354186995
240.3667104041
284.2458231469
2403.6008772869
2676.5713469204
1308.2237822770
1422.7029597433
2321.6758728916
2391.8283189990
1260.9787296652
2869.1739799100
3675.9208703934
360.8982138369
287.1377215741
238.6164615689
211.4142562559
213.0014354677
216.9086333464
243.2585602654
611.3258614242
2099.9098522891
1902.2435480099
2631.4577331612
3002.7887021907
2238.5907593242
1744.1625347959
277.4017777852
231.5654244403
242.4850308621
261.2457474478
1549.5941123787
3567.8642707251
2811.6492619286
280.1885975907
296.8503615876
199.7318269117
3979.9767604884