3.1013959005
3.0421810692
3.0536858250
3.1234982834
3.2515240521
3.4467327779
5.4079520363
4.1324995864
4.0325431933
4.3277147471
4.9682645334
3.8212337375
3.7378536216
3.6765213161
3.6822381307
3.7842484766
4.0134463199
4.4167095009
5.0696282216
8.6260996327
20.3541342428
25.0579787673
18.0078013411
18.8658319980
56.3598112245
23.0812027779
4.9548706715
4.0797077687
3.5578144504
3.2578452699
1.9615222890
1.9650345051
2.0089721036
2.0941973577
2.2311568022
2.4404652168
7.4107954599
8.5221996984
4.9466422303
6.7959691379
8.1650912298
13.0016132444
3.0261844048
2.9624755392
2.9506694328
3.0183848173
3.1872110124
3.4852383309
6.3427235117
31.8029041702
22.8112272241
16.2842464024
21.4539387799
24.1348726382
23.2268718495
3.2334845480
2.6657510866
2.3167053677
2.1140125219
2.0057064152
1.7729987108
1.7999694164
1.9111446499
2.1095050632
2.3782780517
4.3244399994
18.6620394402
8.5686936907
10.9829005418
11.8884560510
17.8890886518
236.7254402266
11.6544829519
17.8358557285
26.8624628782
20.2487875162
16.1412966231
22.8913261887
16.0473666018
18.9962500406
2.8957556990
2.3327323279
2.0030578673
1.8330979897
1.6969676954
1.7133114663
1.7980448653
1.9480410610
2.1636543223
2.4620690284
19.6067814827
18.7610129953
7.4375789836
16.9846892235
14.8582181689
12.7375281022
25.3976394841
18.5262211726
17.8853848798
15.7389728466
20.1053599702
19.5854535459
26.6592321261
3.2236408920
2.6109601688
2.1795309511
1.9071946272
1.7560701394
1.7028111519
1.7191544024
1.8318746678
2.0469298828
2.3948575767
19.1766682982
21.2675535092
10.4683579167
11.3547046749
18.4808434614
19.0638822015
10.1151600164
22.9168622048
29.2451114072
3.0141300604
2.4184105606
2.0199345633
1.7942773137
1.8040899213
1.8386072749
2.0524492776
4.9697124785
16.8355562294
15.2212445629
21.0567912443
24.0427115121
17.9541015077
14.0210911766
2.3273676296
1.9549564612
2.0373059872
2.1869891269
12.4624437992
28.6319284212
22.5911263596
2.3408334689
2.4690730991
1.6969676954
236.7254402266