9.3394483020
9.3674567487
9.4517103627
9.5865880072
9.7711007399
10.0052831335
10.3173797237
10.5459308916
10.7617894946
10.9183523035
11.0593570972
11.1464735581
11.2659595998
11.3974219152
11.5499327669
11.7330272341
11.9488294199
12.1850057502
12.4126966873
12.7792931958
13.2059816011
13.1213886042
12.5959053046
12.3633145188
12.4245180931
11.0056112778
10.0914765421
9.7278917773
9.5002058659
9.3783363341
6.6678563809
6.6715852825
6.7461677714
6.8920257062
7.1175240619
7.4367867401
8.6769789800
8.9301410375
8.7522383463
9.5106807204
9.6846276466
10.8785055008
9.6535301551
9.8800598402
10.1096450449
10.3605093529
10.6434556617
10.9466704267
12.5462059605
22.3713097597
17.4611923882
15.5379970567
15.1421370987
22.5447461686
11.6704870878
8.3608768641
7.6666276123
7.2045433381
6.9117682440
6.7424415370
5.6853137783
5.6867341968
5.8209110013
6.1062695970
6.5935430040
9.4920262033
25.0690281363
10.9999806905
16.8324124835
16.9002272081
23.0338964314
1.5068193160
27.1482860508
39.4022385251
44.8726450371
38.4639577477
29.7524796425
41.0192879310
41.2297402060
25.1317224966
7.7769149254
6.7456989526
6.1502205439
5.8262150017
5.4636094850
5.4562897636
5.6073990874
5.9462597959
6.5494800283
7.5494521247
71.0836132105
52.6439018248
19.3605648642
54.2539915640
45.3790590578
39.7927924055
81.8193840742
63.9162044049
67.7270686834
61.7997393410
71.7092737729
90.4353338380
87.6142984026
9.8570660840
7.8956136431
6.7096795819
6.0184137420
5.6361330969
5.7897235402
5.8160824978
6.1932847201
7.0618802232
8.7260146681
117.8613070057
108.9585777105
57.9037508358
57.6860129575
105.3525804003
115.4513079435
54.3182875725
154.2387085838
171.0060959215
11.2256165754
8.4312680723
6.8892950852
6.1074381441
6.7373612516
6.9299090018
8.1053794169
27.7690100119
134.4958107721
108.3355784698
167.4327979357
199.9020285149
142.6380592228
110.3270384088
9.3044973480
7.4106913833
8.6396530097
9.7588117523
102.7292523240
274.9103471009
214.5364472149
10.5247158113
12.1179357945
1.5068193160
274.9103471009