19.2517868444
18.8869140220
18.9678232467
19.4171527385
20.2357842629
21.4822878417
33.8796089690
25.6509647552
25.2183901432
26.8715628645
31.0741701301
23.8172536437
23.2581759374
22.8401766193
22.8557900496
23.4912893910
24.9435835213
27.5149581247
31.6962285160
54.9645079370
128.9496047660
155.2944703636
112.3700052012
121.4316531713
333.7714268330
145.1905917957
30.8858744583
25.3854438300
22.1089765665
20.2288469209
12.1708132014
12.1955128861
12.4754964362
13.0164006533
13.8852771318
15.2155970658
47.6469112013
55.0471424753
31.5276841949
43.5766698869
52.6100091928
84.1907007484
18.8254539280
18.3859921161
18.2866209639
18.7022352644
19.7701577766
21.6740154129
40.0321075580
204.7253524758
147.0636875714
104.5090269266
138.5153849911
154.1359093121
151.2855631810
20.2279845568
16.6207966377
14.4102858163
13.1298178074
12.4474939462
10.9979117979
11.1651823267
11.8575608399
13.0933621646
14.7737721966
27.0403405796
117.9869358550
54.5937124808
69.4036604656
75.3530812201
113.4777520033
751.9407342154
72.6254495023
111.2331661129
168.8680538431
127.0243711060
101.3805151222
143.6731790794
99.6671043827
120.1935138493
18.0730158460
14.5228398643
12.4456773358
11.3761674665
10.5139279208
10.6133640931
11.1376226151
12.0660820916
13.4001714882
15.2427825153
120.2056673452
116.0516948509
46.2233350267
104.6668925404
91.7515396919
78.5991429798
156.4495633465
113.9114067317
109.6067800514
96.3991252768
123.4736271790
119.1844190796
164.0685489678
20.0281764479
16.2265117921
13.5344686651
11.8310688979
10.8849170272
10.5289197325
10.6260967706
11.3167596333
12.6321350979
14.7495177224
115.2549330963
128.7577202004
63.2582744661
68.8374140437
111.4657396251
114.7183713604
61.2562860205
137.2946411476
176.1405948591
18.6006078400
14.9573034327
12.4984018117
11.0988184952
11.1214939503
11.3251412564
12.6171110314
30.0662889091
100.0650276802
90.9533967699
125.1657712123
142.6164143878
106.7875978790
83.4755847235
14.3248839635
12.0510080951
12.5057069920
13.3936169767
74.0060890293
168.5892841201
133.1504823235
14.3437956670
15.0738001512
10.5139279208
751.9407342154