3.8957260931
3.8217889415
3.8380468972
3.9288325132
4.0943068072
4.3463087948
6.8568798412
5.2003998477
5.1017293104
5.4463160017
6.2958350629
4.8184471946
4.7055352066
4.6212429012
4.6246317006
4.7533599498
5.0472724254
5.5675347200
6.4134587148
11.1138407867
26.1145270072
31.6684468135
22.8067139694
24.5570374967
69.0292677302
29.3297722971
6.2506574502
5.1373171036
4.4741243979
4.0935441381
2.4629060386
2.4678238855
2.5243951220
2.6337449795
2.8094122598
3.0783394040
9.6256265879
11.1203615389
6.3759399149
8.8054808310
10.6313469793
17.0033490252
3.8083514253
3.7197608647
3.6998897229
3.7840828402
4.0001122645
4.3850929751
8.0936494611
41.3510710003
29.7053263250
21.1149778684
27.9783829272
31.1431186436
30.5509979720
4.0936848060
3.3637962759
2.9163812693
2.6571536365
2.5189803590
2.2266445154
2.2605616148
2.4009156230
2.6514165201
2.9918974494
5.4719334562
23.8501957366
11.0360910724
14.0311126033
15.2310063386
22.9323237210
421.9438002591
14.6872692027
22.4944605553
34.1391443537
25.6830340362
20.4984217641
29.0492955854
20.1615726789
24.2944382957
3.6587421237
2.9403196844
2.5198217834
2.3032490514
2.1292530638
2.1494616209
2.2557743966
2.4440030265
2.7143668149
3.0876263017
24.3273578821
23.4784671967
9.3526693688
21.1774939188
18.5630042499
15.9025201581
31.6520678742
23.0489751607
22.1811730837
19.5099317123
24.9865376381
24.1275561815
33.1978907028
4.0549385819
3.2856183766
2.7407654582
2.3959287392
2.2043557962
2.1325881559
2.1523580315
2.2923758813
2.5589215422
2.9878177809
23.3423559060
26.0693800632
12.8105645304
13.9372071012
22.5715813340
23.2330555340
12.4033491870
27.8088026502
35.6714369539
3.7666336413
3.0290855299
2.5313067414
2.2479497110
2.2527653336
2.2941126061
2.5558988854
6.0902225231
20.2765137455
18.4233403677
25.3603802931
28.8975304977
21.6375154037
16.9125545618
2.9013518157
2.4409374347
2.5332301302
2.7131878361
14.9957785114
34.1684920692
26.9856568434
2.9054409430
3.0534932760
2.1292530638
421.9438002591