604.5200926621
599.0572181567
605.2381732524
621.4526587457
648.1359820488
687.1191020839
966.7059603856
787.3194564070
801.5818544237
819.9092405618
932.0772326701
769.3253711266
753.2567766846
740.2058716512
739.4522668315
756.6850807732
797.3286643328
869.2114511592
984.5817355724
1669.4463016925
3345.2293597005
3622.1360940967
2675.6452368491
3354.5532246221
6172.9713416330
3287.5211742256
876.3447909556
745.7799791780
668.6722275704
625.4561293531
400.7475033811
401.9431890100
411.0456750880
428.3179803049
455.9362349344
498.3069576868
1541.9232682402
1744.5120137670
970.7357650746
1399.3620080467
1642.4414876716
2703.6808056883
627.6468846241
614.8522100566
612.1263134593
625.4601083365
659.2706388323
718.9895009303
1325.6455792263
6737.5821707669
4780.3340307714
3408.0583613962
4491.0992420032
5123.3248954244
4780.9197635101
644.1215093318
533.9697049210
467.4144515874
429.0708911335
408.7678117557
352.2968242315
355.8489019720
374.0458048286
408.0586903741
459.0319946119
878.2298564312
3970.2030147051
1792.3727631889
2323.2457533622
2521.1658810548
3818.1723057263
1587.3974570661
2475.4293207160
3800.7369875451
5743.0877835048
4304.8265897617
3413.9559710916
4862.0340015795
3379.6888560776
4033.4134350822
572.7520531838
461.1724820671
397.2455391121
364.4501763317
332.9253417388
334.5680768985
348.8512249237
376.1108624743
418.6457399451
481.8493218801
4138.6705477773
3977.9668127336
1558.4737712701
3598.3260153419
3148.6474978141
2695.4915670229
5398.8161699584
3923.3689132847
3775.7160328622
3310.4344654320
4242.3381774535
4106.4693350596
5644.9684105410
642.1615280986
516.1146398416
429.1718774138
375.1795105193
345.2605373068
333.3902824946
335.3937502701
356.6324018396
400.0699686225
473.6030106443
4004.3705372464
4469.4359544533
2181.7615677231
2375.6284786440
3872.3806391263
3986.4280638033
2103.5080586105
4775.7617214786
6127.9905601623
602.2914333032
478.9823426756
397.8209517845
352.2987680495
354.6650087105
361.0385689380
404.9419478010
1017.9804203727
3487.4014378485
3163.5587676030
4371.2009810408
4985.2691901457
3718.3420835268
2896.7271475109
462.3092654412
385.7591653828
403.7163302202
434.8874976614
2572.2178627891
5912.5468508315
4659.7793339781
466.6236993129
494.1631205730
332.9253417388
6737.5821707669