0.5050758551
0.4942880028
0.4957097539
0.5071412755
0.5285278199
0.5614197937
0.9095963911
0.6783998627
0.6603871752
0.7112812896
0.8259785192
0.6208982961
0.6057321566
0.5945733124
0.5951420565
0.6123831096
0.6516447476
0.7212554796
0.8348476729
1.4601585370
3.5421337447
4.3675198347
3.1327941421
3.2953047107
9.8314186873
4.0662729985
0.8301068057
0.6768165441
0.5853912289
0.5327346118
0.3155434315
0.3161094130
0.3234199896
0.3376045158
0.3604157309
0.3953332246
1.2486469988
1.4509281754
0.8341451907
1.1434120321
1.3905394578
2.2131675153
0.4866077597
0.4746642957
0.4718553150
0.4826860602
0.5107559964
0.5609995122
1.0394495254
5.3429950426
3.8513895420
2.7327547819
3.6311420012
4.0066296297
3.9970878667
0.5299177689
0.4341552496
0.3752997144
0.3411736864
0.3229672343
0.2872702163
0.2920155141
0.3109578412
0.3444605922
0.3890794071
0.7049000078
3.0515540862
1.4239427199
1.7976987870
1.9529665253
2.9365082358
464.2203065980
1.8663727743
2.8568937082
4.3493070441
3.2735334845
2.6178480911
3.7044547263
2.5633955714
3.1109189209
0.4739248791
0.3804738768
0.3255064114
0.2971780197
0.2754282051
0.2783417906
0.2925697579
0.3173650923
0.3522961225
0.3995938057
3.0713278107
2.9738569184
1.1913381622
2.6779481804
2.3495377279
2.0128206648
3.9977214948
2.9114910929
2.7996135532
2.4642685627
3.1573290764
3.0402479091
4.1950519616
0.5231879785
0.4248116939
0.3545779411
0.3098940033
0.2850497287
0.2757434468
0.2785016915
0.2967094715
0.3307464693
0.3847087937
2.9264834916
3.2743249913
1.6113287912
1.7540404834
2.8320028932
2.9131982319
1.5628029589
3.4827246381
4.4721824936
0.4840682713
0.3905693373
0.3269174936
0.2905052933
0.2905799135
0.2958933475
0.3289713410
0.7701948366
2.5334582207
2.3062394806
3.1670059749
3.6061877282
2.7046985232
2.1167244079
0.3729778935
0.3145468186
0.3254509306
0.3478909826
1.8749553196
4.2532835802
3.3618475165
0.3723897379
0.3902817794
0.2754282051
464.2203065980