0.0000000022
0.0000000022
0.0000000022
0.0000000022
0.0000000023
0.0000000025
0.0000000043
0.0000000031
0.0000000029
0.0000000032
0.0000000038
0.0000000027
0.0000000027
0.0000000026
0.0000000026
0.0000000027
0.0000000029
0.0000000032
0.0000000038
0.0000000068
0.0000000176
0.0000000224
0.0000000159
0.0000000162
0.0000000532
0.0000000211
0.0000000039
0.0000000031
0.0000000027
0.0000000024
0.0000000014
0.0000000014
0.0000000014
0.0000000015
0.0000000016
0.0000000017
0.0000000056
0.0000000067
0.0000000038
0.0000000052
0.0000000064
0.0000000101
0.0000000021
0.0000000020
0.0000000020
0.0000000021
0.0000000022
0.0000000024
0.0000000045
0.0000000238
0.0000000173
0.0000000122
0.0000000164
0.0000000176
0.0000000185
0.0000000024
0.0000000019
0.0000000016
0.0000000015
0.0000000014
0.0000000013
0.0000000013
0.0000000014
0.0000000015
0.0000000017
0.0000000031
0.0000000132
0.0000000063
0.0000000078
0.0000000085
0.0000000127
0.0000417234
0.0000000079
0.0000000121
0.0000000185
0.0000000140
0.0000000112
0.0000000158
0.0000000108
0.0000000135
0.0000000021
0.0000000017
0.0000000014
0.0000000013
0.0000000012
0.0000000012
0.0000000013
0.0000000014
0.0000000016
0.0000000018
0.0000000127
0.0000000124
0.0000000051
0.0000000111
0.0000000098
0.0000000084
0.0000000165
0.0000000120
0.0000000115
0.0000000102
0.0000000131
0.0000000124
0.0000000174
0.0000000023
0.0000000019
0.0000000016
0.0000000014
0.0000000013
0.0000000012
0.0000000012
0.0000000013
0.0000000015
0.0000000017
0.0000000118
0.0000000133
0.0000000066
0.0000000072
0.0000000114
0.0000000117
0.0000000064
0.0000000140
0.0000000180
0.0000000021
0.0000000017
0.0000000014
0.0000000013
0.0000000013
0.0000000013
0.0000000014
0.0000000032
0.0000000101
0.0000000092
0.0000000126
0.0000000143
0.0000000108
0.0000000085
0.0000000016
0.0000000014
0.0000000014
0.0000000015
0.0000000075
0.0000000167
0.0000000132
0.0000000016
0.0000000017
0.0000000012
0.0000417234