361.3263996108
357.5687081093
360.9154899744
370.3421950390
386.0690984960
409.1759619539
584.5041134301
470.4635267656
477.4177173024
490.6291158380
559.2787130070
457.5583433876
448.0820197884
440.5129397705
440.2969574609
450.8135480934
475.3331622314
518.5980814441
588.0506458512
993.8591168278
2037.5432770885
2235.0753359150
1657.2509970068
2024.6513816172
3924.7432960825
2063.8946888179
530.3862451866
449.4434383204
401.5470051336
374.5759869071
238.0297671710
238.7003384928
244.0758585731
254.3064594550
270.6750300480
295.7668651133
906.7088230204
1027.7331959475
578.6147855667
825.0979069155
971.7812592439
1587.7116337823
371.9796144640
364.5331892656
363.0398627387
371.0151563755
391.0688278436
426.4119114539
782.4656669546
3952.8589679644
2807.4495120906
2003.6910372734
2636.3855912751
3010.8273266393
2807.4818534852
383.0739963077
317.5713431075
277.8866438723
254.9914624302
242.8494787785
209.9275240741
212.1753293293
223.2820839221
243.8981598631
274.3545476297
521.0447285866
2338.1362492843
1054.8810156972
1368.9234472327
1484.1208863958
2245.8923846240
1398.6471407041
1463.1282712628
2245.3224883831
3385.6225161436
2540.4385097081
2015.2541587233
2869.4100270070
2000.9411223102
2375.8176807585
341.0695192422
274.7655565370
236.6804860889
217.1296410973
198.7193530965
199.8191680223
208.5100851938
224.9232438390
250.2666629229
287.6267455368
2455.6458903230
2355.1021940203
922.6444329220
2132.0436499074
1864.8126786025
1596.9093072726
3198.3831363484
2325.8885214236
2240.4781040403
1965.1720821310
2516.6566705436
2441.4040546643
3346.3841955272
382.4497041677
307.6212532148
255.9455110247
223.8123162638
206.0095391114
199.1147367833
200.4080704461
213.1642430741
239.0400066100
282.6629078480
2386.4091258010
2658.8302360529
1299.3616189363
1413.5164310654
2305.6011158343
2374.9363550135
1252.6026977781
2847.8891954230
3649.5644438883
359.0228191852
285.6839780712
237.4035042853
210.3217885221
211.8318916315
215.6932803407
241.8614311485
607.1675810993
2083.2438454628
1887.7138780382
2610.4493554057
2978.2755253362
2221.0372761753
1730.4147104015
275.8806197790
230.3087295351
241.0832410007
259.6874313321
1537.1258652762
3537.0712128167
2787.6028197315
278.5488298379
295.0265148039
198.7193530965
3952.8589679644