600.0829390610
594.6985551903
600.8581510708
616.9684154407
643.4641368747
682.1628983984
958.9811787535
781.5146563599
795.7686724718
813.8180915289
925.0025853662
763.8291673573
747.8862931534
734.9290182796
734.1710969758
751.2603464704
791.5775557995
862.8838966612
977.3179276926
1656.9244338072
3316.5091769983
3589.1523922722
2650.9788689172
3326.7686799588
6109.6043023580
3254.9848415262
869.3302638005
739.9851248178
663.6037467462
620.8038304927
397.9265026514
399.1158310507
408.1538356308
425.3021262392
452.7214838652
494.7878374128
1531.0112140082
1731.9156436979
963.4462158884
1389.4579885075
1630.3889447170
2684.3931059495
623.2879437254
610.5898860546
607.8835822491
621.1212303907
654.6895098953
713.9788335578
1316.5158386690
6691.4508649532
4747.0282260614
3384.4738334993
4459.7486346170
5088.5081934257
4746.5281416134
639.4816016562
530.1449456826
464.0886139790
426.0339960282
405.8847634898
349.7613223633
353.2769592183
371.3198939725
405.0567541632
455.6506475939
872.0665725994
3943.5207254335
1779.9023108641
2307.5533512714
2504.1225047355
3792.4843637172
1544.2173491762
2458.7870353915
3775.3147466280
5704.8620200662
4275.8990949006
3391.0475774380
4829.5835964239
3356.7039886425
4006.2168654682
568.6084782424
457.8367284723
394.3811673922
361.8283858393
330.5051839878
332.1268121419
346.2926755701
373.3426077215
415.5727069043
478.3505060380
4110.5199293726
3951.1748046928
1547.9038016994
3573.9374739756
3127.4418604285
2677.2737285460
5362.4262745229
3896.8922702482
3749.9573275982
3287.7056839358
4213.4640948094
4078.1808587629
5606.9593993936
637.5499985226
512.3832711073
426.0595932364
372.4573758488
342.7548873958
330.9634435069
332.9457453553
354.0260948577
397.1581669730
470.1929076282
3976.7714384309
4438.8517644462
2166.7902076991
2359.3629016328
3845.7483575943
3958.9778432872
2088.8057000754
4742.7306939418
6085.7526878914
597.9786660919
475.5268975953
394.9379565785
349.7397831238
352.0924582080
358.4183359450
402.0161678424
1010.7919441405
3463.0661826710
3141.6940994762
4340.6657516931
4950.2195148720
3692.5949001038
2876.5504116900
458.9830755921
382.9689022512
400.8071182235
431.7635748821
2554.1197783489
5871.3052412825
4627.2427984095
463.2764798850
490.6302931954
330.5051839878
6691.4508649532