2.2150819860
2.1738876329
2.1832332645
2.2343624899
2.3273563107
2.4687884711
3.8647350850
2.9544439625
2.8924012577
3.0922913916
3.5589715858
2.7382750964
2.6765391371
2.6305745853
2.6333063666
2.7058863416
2.8705749462
3.1612658542
3.6327237538
6.2340912842
14.5857120358
17.8153940049
12.7875705815
13.6457781945
39.4938962202
16.3648135739
3.5319157916
2.9093876872
2.5384823366
2.3256439946
1.4037570741
1.4064690693
1.4383055107
1.4999064445
1.5988678387
1.7502598956
5.3959689613
6.2129469594
3.5762372900
4.9391801271
5.9402156523
9.4973658987
2.1695524398
2.1216473999
2.1117599916
2.1599151369
2.2817567297
2.4978482102
4.5803105144
23.1929702267
16.6380527623
11.8525241636
15.6585603602
17.5396201006
17.0059954334
2.3210038062
1.9108313817
1.6591895497
1.5132629612
1.4354060070
1.2675661701
1.2865729017
1.3656642803
1.5070725107
1.6997986252
3.1068833173
13.5016637007
6.2177458501
7.9424901683
8.6095178695
12.9628992768
286.4568648957
8.3730226133
12.8204569160
19.3843215516
14.5935830818
11.6373150877
16.5018606366
11.5067411728
13.7460906862
2.0760318623
1.6704038575
1.4331411579
1.3108952738
1.2120896284
1.2234419779
1.2836220678
1.3904882386
1.5446025163
1.7583472009
13.9747802893
13.4319675251
5.3347162502
12.1373246705
10.6281449446
9.1073339615
18.1474651328
13.2235368717
12.7440731481
11.2097469537
14.3402629623
13.9041209533
19.0371289135
2.3067637822
1.8681398977
1.5586797801
1.3632130973
1.2546847115
1.2150654993
1.2263655553
1.3063906608
1.4593565463
1.7066592823
13.5310251492
15.0635457583
7.4054274293
8.0460629653
13.0637760907
13.4594029674
7.1617593713
16.1425478391
20.6587087757
2.1501508618
1.7265230437
1.4421103712
1.2807001154
1.2856806385
1.3097562456
1.4610128054
3.5152310257
11.8106531628
10.7073630685
14.7736797512
16.8503866290
12.5989642549
9.8426261784
1.6578657880
1.3933198824
1.4493079395
1.5543143854
8.7374602433
19.9909220654
15.7798039030
1.6641141568
1.7524448392
1.2120896284
286.4568648957