4.9783381885
4.8845710773
4.9054619664
5.0211176402
5.2317420018
5.5523436499
8.7360701372
6.6401453781
6.5131855684
6.9532906607
8.0273515402
6.1565970376
6.0142423859
5.9080547916
5.9129994012
6.0769933387
6.4506354080
7.1113785656
8.1847690654
14.1367178052
33.1562943095
40.2366862105
28.9797605661
31.1355713037
87.9428255250
37.2462061508
7.9694574983
6.5553626949
5.7129533332
5.2295410216
3.1500358972
3.1562754925
3.2283241564
3.3676246233
3.5914032657
3.9339047875
12.2407937190
14.1253003522
8.1102378017
11.2007422256
13.5053897249
21.5974163695
4.8702875754
4.7590048992
4.7347052668
4.8425041890
5.1177729484
5.6075103680
10.3260408180
52.5960657898
37.7674245768
26.8633275061
35.5606785035
39.6693646372
38.7550294881
5.2257084558
4.2969335676
3.7274693058
3.3974389378
3.2214758996
2.8463365044
2.8894358827
3.0681427122
3.3872935079
3.8215468962
6.9886871372
30.4337955258
14.0576537902
17.9026212038
19.4251142144
29.2498943800
433.3810766417
18.7889105943
28.7734464781
43.6111228734
32.8160598175
26.1839757025
37.1137590485
25.8015573751
30.9965460427
4.6715434196
3.7558146366
3.2200040740
2.9440224300
2.7216636248
2.7473551975
2.8829322777
3.1232402742
3.4689342102
3.9470312811
31.2040302349
30.0723702681
11.9649146362
27.1426720167
23.7824767625
20.3759877165
40.5734134985
29.5505624603
28.4533559433
25.0265754309
32.0376772522
30.9823387661
42.5564220311
5.1821772599
4.1980884909
3.5021225140
3.0619891015
2.8175370955
2.7267279416
2.7520144165
2.9312092519
3.2728729455
3.8236396536
30.0357419117
33.5078101895
16.4675766885
17.9085945904
29.0278204385
29.8875571159
15.9372509259
35.8004007637
45.8832757242
4.8195623137
3.8736526811
3.2364705195
2.8741678396
2.8820890602
2.9353526213
3.2717556542
7.8237329844
26.1325835174
23.7267249317
32.6857380418
37.2579294292
27.8835295208
21.7911644242
3.7135884749
3.1230562022
3.2437746423
3.4758501977
19.3292968593
44.1047816669
34.8264450336
3.7219257762
3.9143961217
2.7216636248
433.3810766417