46.8785092071
46.0045238397
46.2117367408
47.3136344356
49.3135989640
52.3548023372
82.3450982433
62.3629119728
61.4656744695
65.3521569515
75.5780792743
58.0620155627
56.6962714121
55.6719114407
55.7037528423
57.2456718732
60.7762464057
67.0298373456
77.1985990850
133.9872962834
313.0767419953
373.9580419607
271.7860452284
295.5447553653
790.3933400728
351.0635316225
75.0109190742
61.7045254265
53.7802507484
49.2359374213
29.6771268415
29.7391088159
30.4231542910
31.7432870387
33.8633714691
37.1098634841
116.4174062215
134.4905116249
76.9078122242
106.4417750346
128.4677336112
205.7843123389
45.9306125325
44.8548554638
44.6091979008
45.6209808302
48.2252865154
52.8701117846
97.7435092876
500.4272161172
359.4355160413
255.3506142083
338.5360617581
376.6318604598
369.7872947096
49.2967840945
40.5078733261
35.1256922568
32.0091781742
30.3492439494
26.7912586364
27.1952818987
28.8740687040
31.8730111604
35.9600270652
65.9230848373
288.1910030823
133.3190948085
169.4717740153
184.0569420185
277.2552935502
1008.1764016449
177.3020052961
271.5819628537
412.4531397789
310.1989173326
247.5481310737
350.8272691053
243.2313158823
293.5772785542
44.0294668184
35.3762516522
30.3171579157
27.7131117840
25.5995501168
25.8382217880
27.1094099933
29.3644027572
32.6107362233
37.1026655114
293.2331805098
283.2013079252
112.7731725830
255.3960177728
223.9233410205
191.7917698505
381.7989720319
277.9514075911
267.4009483536
235.1477408715
301.2373853936
290.6414612065
400.3396737354
48.7949791022
39.5230429200
32.9604621497
28.8099030617
26.5047260361
25.6317373211
25.8651239189
27.5434687645
30.7458257557
35.9073906216
280.9351926793
313.9512186668
154.2011965094
167.8299203883
271.7426654965
279.6442601524
149.3281085132
334.6082403530
429.3867455861
45.3105739555
36.4271809300
30.4331077764
27.0219283417
27.0745804629
27.5681123122
30.7145677046
73.2489064149
243.7895435747
221.6460960438
304.9651172332
347.4460850288
260.1672150842
203.3540635855
34.8842974272
29.3413647481
30.4479002896
32.6101886475
180.2757378471
410.5982529178
324.2864845540
34.9289825334
36.7066393229
25.5995501168
1008.1764016449