4.6041509833
4.5165140263
4.5355897443
4.6428274193
4.8384048958
5.1363217799
8.1089893199
6.1454802700
6.0293890766
6.4364517818
7.4420278038
5.6939964155
5.5604192575
5.4607173525
5.4647236393
5.6169629398
5.9645660057
6.5799084210
7.5805243855
13.1396316064
30.8931057140
37.4511261778
26.9824094886
29.0496858036
81.5814105866
34.7329070100
7.3915888911
6.0738516280
5.2888794557
4.8383745211
2.9099234435
2.9157312897
2.9825959751
3.1118469460
3.3194897221
3.6373732876
11.3784756800
13.1464141753
7.5371063232
10.4085563100
12.5690993005
20.1015498236
4.4994919466
4.3946536692
4.3710868707
4.4705524324
4.7258734606
5.1809460952
9.5636642511
48.8755208122
35.1137311891
24.9578983260
33.0739184729
36.8052882557
36.1223247969
4.8377825099
3.9749435483
3.4460138812
3.1395591584
2.9762144215
2.6310810369
2.6712382918
2.8372481720
3.1334714106
3.5359251422
6.4662493874
28.1820030517
13.0431718393
16.5809032667
17.9980732145
27.0995830970
450.6267899396
17.3526858018
26.5735049203
40.3346056834
30.3439112355
24.2202096165
34.3203962426
23.8186494249
28.7068748363
4.3236796911
3.4745864069
2.9775696010
2.7215934157
2.5160857812
2.5400306880
2.6657511951
2.8882569067
3.2077195507
3.6485843182
28.7329556811
27.7323507278
11.0490932009
25.0147477067
21.9264278292
18.7845146541
37.3878073737
27.2246432003
26.1990575842
23.0430122610
29.5111200387
28.4964004378
39.2091110556
4.7913684263
3.8824872628
3.2386857190
2.8311867008
2.6048052572
2.5199636994
2.5433693102
2.7088381411
3.0237043504
3.5301911576
27.5623870034
30.7848390701
15.1279373911
16.4599614224
26.6530414893
27.4336796428
14.6492256528
32.8352412496
42.1185110238
4.4501972769
3.5790663929
2.9910158440
2.6562409549
2.6617960706
2.7106479753
3.0198160993
7.1928847479
23.9372137229
21.7528039391
29.9403395329
34.1172607448
25.5437714711
19.9690516996
3.4278654006
2.8840637089
2.9928862526
3.2053493797
17.7047014283
40.3354052224
31.8568659792
3.4324376841
3.6071026183
2.5160857812
450.6267899396