0.5904766626
0.5783130771
0.5801473357
0.5934774748
0.6182534517
0.6562502876
1.0516741932
0.7915347021
0.7704728803
0.8292726806
0.9592518096
0.7263635694
0.7092780753
0.6967128444
0.6975306685
0.7174367710
0.7625558216
0.8423460801
0.9722161030
1.6844834945
4.0497183626
5.0061752159
3.5841999753
3.7620653168
11.3556583021
4.6289339303
0.9612964979
0.7863466448
0.6820076810
0.6219521024
0.3704588969
0.3711176438
0.3795967226
0.3960504840
0.4225053106
0.4629765481
1.4422868042
1.6701845270
0.9634347791
1.3214563132
1.6005727509
2.5475355221
0.5712927924
0.5579731597
0.5550556105
0.5678004220
0.6003807576
0.6584197939
1.2121041919
6.1764522094
4.4452582824
3.1605972212
4.1874998549
4.6504871663
4.5844286005
0.6182263335
0.5075899110
0.4395770936
0.4001179005
0.3790527334
0.3364945862
0.3419010631
0.3637195328
0.4024267216
0.4542842448
0.8237832283
3.5605624761
1.6527529177
2.0971283849
2.2752174888
3.4215576874
413.0180943954
2.1936505510
3.3575324686
5.0918774868
3.8348124105
3.0633925380
4.3379370880
3.0159258353
3.6278370449
0.5532131698
0.4446649752
0.3809040541
0.3480354351
0.3224683764
0.3257764778
0.3422494001
0.3711111392
0.4120544158
0.4679132386
3.6390510114
3.5084201188
1.4005556442
3.1654295377
2.7742808263
2.3772902904
4.7279584590
3.4453744722
3.3178986550
2.9203752913
3.7374557455
3.6143361547
4.9622084107
0.6124826099
0.4969174282
0.4147946872
0.3626807049
0.3337215737
0.3231129984
0.3263046221
0.3476677128
0.3878836790
0.4520887983
3.5011976976
3.9044189131
1.9217782785
2.0890998952
3.3828125900
3.4835034971
1.8613074266
4.1729815793
5.3459250445
0.5687891561
0.4580602749
0.3831390990
0.3404272523
0.3411416488
0.3474868140
0.3868839758
0.9165035556
3.0471037022
2.7666309851
3.8097213329
4.3424435272
3.2516976463
2.5428768381
0.4386214162
0.3694063968
0.3831809512
0.4102130243
2.2553774687
5.1405270741
4.0604858348
0.4390705340
0.4612139979
0.3224683764
413.0180943954