294.1487836661
290.9992539222
293.6155386054
301.1568221608
313.7883068341
332.3686667700
474.6913023320
382.4736355852
387.2338879620
398.9707235347
453.2585575415
371.6270268294
364.2001574502
358.2948214344
358.2612234936
366.8273026737
386.6301759244
421.4649344089
477.2565296646
799.4674397013
1645.0603795481
1816.8931622627
1349.2140420799
1619.8255796042
3246.7392282213
1687.8044970740
432.0010012928
366.0768951951
327.0324124899
305.0112284724
193.5546354248
194.0802370935
198.4059962364
206.6530673280
219.8524397158
240.0726094801
726.9588804472
821.6356244945
464.6714933565
661.9173112569
777.2293982523
1268.7480637507
302.2147395722
296.4399944817
295.3872170114
301.9012608940
318.0873075582
346.4979136844
632.4786275865
3170.9114534978
2249.3684841598
1608.6629252355
2110.9983724461
2424.0750142720
2236.9980020027
310.5398853441
257.7795106803
225.7668370340
207.2782865168
197.4618632893
170.7333400259
172.5805864160
181.6295216071
198.4064865398
223.1114831817
422.7830416457
1890.4901685055
849.4446438641
1106.5858140161
1198.2698994872
1813.3813976986
1472.7640443842
1189.3120963855
1824.8634867730
2743.7356117968
2059.9281579746
1633.2776494843
2326.5665438796
1628.3162107324
1920.3389751344
276.7000421343
223.1264886642
192.3496118687
176.5470952730
161.6888317853
162.6122860222
169.7097732088
183.0888248472
203.7216723634
234.1342418527
2007.1994352379
1919.4104184814
750.5225071490
1739.7174776141
1520.5893820110
1302.4415662547
2610.1736471457
1899.2629342188
1831.4088330428
1606.5270603290
2055.7345952073
1999.7699960892
2731.8638996655
310.8098772802
249.9589931291
208.0337067874
181.9939006528
167.5782447736
162.1225628214
163.2143291764
173.6502057142
194.8024361353
230.5026194492
1961.8440381653
2181.3951127373
1066.4077356446
1159.0958331349
1893.5623742336
1951.6091726349
1027.3076340923
2343.1799565665
2998.6759479980
292.4757022615
232.5429094906
193.2174784058
171.2068097684
172.6530191223
175.8647407203
197.3423882379
498.0709649930
1717.4791366241
1554.2190827246
2152.2359102197
2456.8050797642
1830.6655481615
1425.8642173126
224.9455401760
187.6982708232
196.7726620160
212.1322584992
1267.5554142549
2923.1749966299
2303.1343353667
227.4683066639
241.2261179222
161.6888317853
3246.7392282213