0.0045261078
0.0044144989
0.0044190560
0.0045179384
0.0047097749
0.0050088011
0.0084297734
0.0061333698
0.0059139504
0.0064399823
0.0075437783
0.0055201502
0.0053756304
0.0052711049
0.0052770487
0.0054386968
0.0058064578
0.0064605023
0.0075336037
0.0133901419
0.0338427737
0.0424590656
0.0303257166
0.0311859330
0.0989552231
0.0398328302
0.0076913811
0.0062026630
0.0053135920
0.0047994181
0.0027803094
0.0027845819
0.0028500829
0.0029777655
0.0031833851
0.0034981784
0.0112584952
0.0132128444
0.0076179111
0.0103268556
0.0127085941
0.0200842803
0.0042719383
0.0041572690
0.0041281305
0.0042239887
0.0044771256
0.0049336887
0.0092143181
0.0478904770
0.0347133214
0.0245503105
0.0327671721
0.0356410929
0.0365664657
0.0047455739
0.0038695628
0.0033295327
0.0030162060
0.0028489045
0.0025568970
0.0026036540
0.0027826721
0.0030957164
0.0035019065
0.0062628933
0.0268854261
0.0127197847
0.0158712867
0.0172699504
0.0259251520
49.8558618366
0.0162460584
0.0248407253
0.0380481926
0.0286550097
0.0229877935
0.0324408671
0.0223145505
0.0274756734
0.0042469801
0.0034032040
0.0029034919
0.0026457288
0.0024604339
0.0024900343
0.0026229369
0.0028498474
0.0031611352
0.0035708338
0.0264039315
0.0257233787
0.0104000122
0.0230880530
0.0202971483
0.0173831213
0.0344321126
0.0250620318
0.0240707475
0.0211981555
0.0271977378
0.0260408139
0.0361471871
0.0046589276
0.0037945710
0.0031695640
0.0027687240
0.0025455052
0.0024611429
0.0024880320
0.0026514573
0.0029491407
0.0034103931
0.0248235354
0.0278878623
0.0137516893
0.0149862562
0.0240744175
0.0247255037
0.0133780002
0.0294908978
0.0379459200
0.0042817111
0.0034725166
0.0029136004
0.0025912242
0.0025835248
0.0026300358
0.0029142484
0.0066320634
0.0213488643
0.0195122119
0.0266721916
0.0303354972
0.0228134639
0.0178901513
0.0032994012
0.0027928257
0.0028750815
0.0030633798
0.0158197095
0.0355894693
0.0281686241
0.0032777016
0.0034192334
0.0024604339
49.8558618366