101.5157330059
99.9551511343
100.5791589963
103.0319407335
107.3395201085
113.8019036365
171.7914761857
133.6692132724
133.0473087699
139.9286169019
160.1637267340
126.6499552462
123.9213501972
121.8340755362
121.8979685177
125.0725539253
132.3340097014
145.1376834797
165.8058070044
282.0153962760
628.3690486536
731.0921812484
536.8680799201
599.1236437642
1470.0933503018
683.1025906672
156.6724401106
130.4909983678
114.9244793048
106.0460426803
65.3288230019
65.4789691268
66.9548784864
69.7915346280
74.3412463749
81.3058559730
249.2362141940
284.8099568077
162.6394139590
227.5870559318
271.0804141402
437.2947632072
101.4386148298
99.3145874559
98.8904301209
101.1117426364
106.7003090977
116.5751447571
213.5722718811
1078.2001792554
769.8227952281
549.1358661343
723.6610600352
818.8070324559
778.2291937811
106.6871464468
88.1234636674
76.7884607126
70.2277159439
66.7353248511
58.3964490855
59.1748211935
62.5962220227
68.7933593720
77.4891694443
143.8438809853
633.4252887336
288.6281019607
371.7199948227
402.8751579947
608.0556482810
1059.5202577500
394.9555209111
605.3514172675
913.5332310501
686.7753907239
546.3525247248
776.2294002391
541.7326575624
644.3453526246
95.2467410401
76.6939831520
65.9253099404
60.3872193902
55.6018840531
56.0406316265
58.6706255602
63.4467476519
70.5177830058
80.5736672440
661.6343024229
634.8918705329
250.4477025155
574.3158934421
502.5742455027
430.5605880143
860.0942689370
626.2445765282
603.5176868997
530.1985328883
678.4852516725
658.3359779872
901.2760420350
106.2883567809
85.8200567293
71.5220772107
62.5553178860
57.5843424728
55.7313444756
56.1902467729
59.8235412369
66.9360298857
78.6469109568
642.3390526880
715.1235348286
350.6072286067
381.1058639234
620.2747137195
639.0280060495
338.5555792825
766.5481061616
981.4246929212
99.4267341356
79.5086289111
66.2624524002
58.7888458693
59.1159671452
60.2165391181
67.3278570059
165.2302754315
560.9028844839
508.3197332782
702.2269843415
801.0930069811
598.1744200249
466.7040879243
76.5598600163
64.1508805972
66.9309032510
71.9276123703
414.4742299401
951.0641984346
750.1394005385
77.0670163534
81.3804494318
55.6018840531
1470.0933503018