0.7495734865
0.7344928695
0.7371214270
0.7543260364
0.7860818376
0.8346718490
1.3329634374
1.0028439917
0.9805546033
1.0508892534
1.2168482983
0.9243056525
0.9022809692
0.8859521828
0.8867159144
0.9118590807
0.9691690687
1.0706745325
1.2359738400
2.1496399190
5.1286208553
6.2605134377
4.5065912245
4.7940245705
13.8339827444
5.8293354363
1.2164193371
0.9959878814
0.8645930048
0.7890495695
0.4712024528
0.4720984220
0.4829586446
0.5039886994
0.5377899124
0.5895307929
1.8507497866
2.1432496350
1.2303029588
1.6936933814
2.0510915734
3.2736796995
0.7277155385
0.7104059531
0.7064475142
0.7225879593
0.7641671798
0.8383987979
1.5497928081
7.9370727515
5.7102440417
4.0559009408
5.3802105081
5.9674455337
5.8948110808
0.7867286313
0.6456433069
0.5590474015
0.5088550091
0.4820892808
0.4273349812
0.4341072315
0.4616263496
0.5105244671
0.5763317903
1.0494411426
4.5596174050
2.1172636714
2.6839049074
2.9143391806
4.3854930020
229.9633771712
2.7999699287
4.2872375283
6.5145941886
4.9022133305
3.9159184051
5.5459900611
3.8444286787
4.6461836132
0.7033393762
0.5649969745
0.4838448992
0.4420395311
0.4091286350
0.4132264000
0.4339888540
0.4704694136
0.5223903387
0.5934325726
4.6253790579
4.4699230592
1.7848090657
4.0291344655
3.5330117084
3.0267000396
6.0189962586
4.3830684623
4.2167541924
3.7101948207
4.7522479739
4.5837167920
6.3141665256
0.7781810109
0.6311239942
0.5266142410
0.4603208846
0.4234833853
0.4096975023
0.4136437556
0.4406244491
0.4915534691
0.5729604130
4.4252939841
4.9459563633
2.4319692388
2.6465670996
4.2804487492
4.4046729565
2.3564282988
5.2697598438
6.7620145466
0.7216422820
0.5811722280
0.4860193525
0.4317442820
0.4323295632
0.4402640279
0.4900600203
1.1589364972
3.8385724496
3.4908203955
4.8000402851
5.4680318382
4.0969828031
3.2042147234
0.5559581604
0.4682304339
0.4853087004
0.5193523354
2.8399400259
6.4586168825
5.1027048658
0.5560378172
0.5836835397
0.4091286350
229.9633771712