5.5488509382
5.4457984333
5.4694615141
5.5979147160
5.8314032161
6.1864586431
9.6879440250
7.3944860401
7.2498884239
7.7413005484
8.9160162650
6.8620272463
6.7065869030
6.5906933094
6.5971106474
6.7789404125
7.1920490168
7.9215356555
9.1049375562
15.6440034313
36.5729695785
44.4599994925
32.0068891416
34.2712264804
97.6718319335
41.0550404928
8.8488162596
7.2886176908
6.3591103172
5.8257971832
3.5163525228
3.5232468868
3.6031772744
3.7577642462
4.0060951150
4.3860562263
13.5521297899
15.6075835681
8.9762135629
12.4014617826
14.9198348804
23.8647287743
5.4364460506
5.3155470853
5.2902132787
5.4107221224
5.7163480483
6.2587755188
11.4909124838
58.2701556901
41.8005187892
29.7669277138
39.3394936787
44.0480994275
42.7452210957
5.8165751279
4.7876502845
4.1566082385
3.7907576675
3.5956194596
3.1744865788
3.2220689405
3.4201047815
3.7741814024
4.2569387247
7.7875192599
33.8859907330
15.6068013382
19.9294857069
21.6087025087
32.5397889315
425.2382177983
20.9919022624
32.1465342213
48.6355457522
36.6065720271
29.1920222360
41.3950528782
28.8405365053
34.4997372631
5.2013359122
4.1842323919
3.5894504568
3.2830687365
3.0349550276
3.0633203769
3.2139259690
3.4813964653
3.8671752261
4.4022771244
34.9918516640
33.6574083679
13.3697585437
30.4040304404
26.6277739495
22.8159757781
45.4594188275
33.1182873883
31.9082331315
28.0640659520
35.9105640981
34.7895487505
47.6838341759
5.7777407324
4.6788748588
3.9034309783
3.4136321515
3.1416986696
3.0418093238
3.0699928341
3.2701599213
3.6527987182
4.2713372081
33.8150648049
37.6746443842
18.5147049159
20.1240259782
32.6588649643
33.6415607623
17.9091241902
40.3275197561
51.6443589089
5.3826250455
4.3225419374
3.6104493501
3.2062259592
3.2178224262
3.2778703495
3.6559160610
8.7874361750
29.4781965714
26.7412428061
36.8771340790
42.0504013830
31.4489851335
24.5690416482
4.1490514193
3.4872610279
3.6262099569
3.8882916508
21.8052054604
49.8465963414
39.3488788608
4.1631989493
4.3829097494
3.0349550276
425.2382177983