114.0391426624
112.1346071542
112.7691323669
115.5197983677
120.4094405141
127.7847126061
196.6127499017
150.7390880001
149.8047635187
157.8932858634
181.9808855060
141.9976502887
138.7521305161
136.2823366200
136.3237189126
139.9717955146
148.3595223153
163.2048138075
187.2773298893
323.1254951301
733.7377215011
856.5532582472
628.1529186145
700.2652739634
1731.5666604577
807.0936238704
178.9234767429
148.1614227755
129.8642840283
119.4082018339
72.8797442380
73.0459943839
74.7186930137
77.9353424768
83.0964155061
91.0017745752
284.0461700286
326.6679648180
186.0563400148
259.3896840302
311.2750087448
501.0161414662
113.0753222717
110.5183787510
109.9484798657
112.4219177037
118.7558245384
130.0221989307
239.9949512978
1225.1850788534
877.5704703386
624.0681109787
825.9840562240
924.6057694052
896.8915869739
120.1328912247
98.9234502676
85.9684277545
78.4738310196
74.4864373288
65.4086470245
66.3276205722
70.2739500042
77.3797277445
87.2364619604
161.3100288481
709.9424379590
326.3977543725
417.0005062869
452.7353578856
682.8081308705
1306.2059695541
438.5547136537
672.1087022181
1019.0409630795
765.8802332651
610.3018470708
865.9458412462
601.1283150549
722.7823286245
107.2005391106
86.1834635586
73.9486918910
67.6562555347
62.3513280809
62.8768702694
65.8848782419
71.2939626505
79.2072866165
90.3270847418
727.8429372439
701.7777558119
278.2862413544
633.4556206018
555.0485055816
475.4135642236
947.8475736466
689.8250001488
663.8197125533
583.3720920446
747.2991315749
721.9304886825
993.3124100193
119.1339681789
96.3296379473
80.2866970951
70.1826222206
64.5750675552
62.4363921230
62.9658010901
67.0317622575
74.9041663816
87.7373285237
699.6664984788
781.3872927281
383.2586523756
417.1215624444
676.6578616297
696.4750482555
370.7355445937
833.8172962849
1069.7293892320
110.9111792012
88.9410695309
74.2077194041
65.8534547334
66.0619552081
67.2651474460
75.0568409589
181.2898680678
608.0226528381
552.3619233858
760.9619235265
867.3029653722
648.7475609490
506.6579990802
85.3428769948
71.6497735363
74.5066281355
79.9075592642
449.3708437564
1026.1836769056
810.0283540893
85.6233856972
90.1517470144
62.3513280809
1731.5666604577