0.0001863248
0.0001812980
0.0001812406
0.0001851922
0.0001930688
0.0002054635
0.0003549329
0.0002538464
0.0002431508
0.0002668651
0.0003145304
0.0002258305
0.0002196620
0.0002152640
0.0002155567
0.0002224181
0.0002379887
0.0002657213
0.0003113793
0.0005591499
0.0014518025
0.0018431873
0.0013128166
0.0013296977
0.0043749953
0.0017370829
0.0003237689
0.0002592404
0.0002206688
0.0001983025
0.0001130967
0.0001132479
0.0001159371
0.0001211969
0.0001296741
0.0001426492
0.0004638169
0.0005479702
0.0003172987
0.0004261239
0.0005288118
0.0008304265
0.0001731722
0.0001682759
0.0001669936
0.0001709085
0.0001813463
0.0002002536
0.0003749424
0.0019616009
0.0014278970
0.0010075721
0.0013498678
0.0014515043
0.0015202510
0.0001950621
0.0001585921
0.0001360545
0.0001229686
0.0001159756
0.0001047758
0.0001068266
0.0001144652
0.0001277177
0.0001445939
0.0002557096
0.0010875646
0.0005201903
0.0006434230
0.0007008825
0.0010496512
1.0852819028
0.0006522250
0.0009969286
0.0015313900
0.0011544383
0.0009283596
0.0013076614
0.0008973179
0.0011114521
0.0001746970
0.0001398631
0.0001191286
0.0001084250
0.0001011075
0.0001024312
0.0001080615
0.0001175385
0.0001302928
0.0001467253
0.0010539803
0.0010296163
0.0004193244
0.0009230922
0.0008122060
0.0006958340
0.0013734186
0.0010008333
0.0009605171
0.0008474830
0.0010866410
0.0010392783
0.0014436965
0.0001909018
0.0001558360
0.0001302594
0.0001137648
0.0001045699
0.0001011159
0.0001022910
0.0001090362
0.0001210961
0.0001394771
0.0009875562
0.0011092891
0.0005486100
0.0005976717
0.0009573091
0.0009836494
0.0005346591
0.0011730405
0.0015086555
0.0001748425
0.0001422716
0.0001195691
0.0001064059
0.0001059192
0.0001078156
0.0001192159
0.0002664068
0.0008496539
0.0007760714
0.0010601711
0.0012054869
0.0009081234
0.0007131260
0.0001348334
0.0001143956
0.0001174474
0.0001249019
0.0006303038
0.0014146298
0.0011207780
0.0001336035
0.0001390246
0.0001011075
1.0852819028