16.5436115024
16.2276331811
16.2958258627
16.6813621996
17.3848571941
18.4567065588
29.1633660372
22.0544422931
21.6703673657
23.1054697593
26.7309886075
20.4594340525
19.9776046024
19.6177557703
19.6314318592
20.1788366741
21.4296024413
23.6444410074
27.2469530481
47.2835804014
111.1696081899
134.0847965336
96.9531677968
104.6369461092
288.9350443666
125.3431312294
26.5824183749
21.8368931985
19.0099251781
17.3873743551
10.4510590340
10.4721271035
10.7127019404
11.1775880563
11.9244045708
13.0678388107
40.9507316285
47.3330144377
27.1175891833
37.4570069723
45.2471342734
72.3791630620
16.1622702702
15.7834658497
15.6975048345
16.0544877067
16.9724218958
18.6094107204
34.3808946287
175.8973793300
126.3908511272
89.8048944938
119.0508052420
132.3870424987
130.1098389805
17.3823634387
14.2796287381
12.3779149527
11.2762665456
10.6891939046
9.4484571296
9.5929039808
10.1894578781
11.2535992740
12.6987426310
23.2275136679
101.3001733571
46.9023536121
59.5934559233
64.7069709106
97.4333546767
715.4158651989
62.3237279798
95.4539966806
144.9396896205
109.0315690060
87.0302532407
123.3238178414
85.5342166258
103.1989633480
15.5313720062
12.4795395582
10.6933146438
9.7735420331
9.0343461208
9.1203907552
9.5718492738
10.3705620834
11.5167879255
13.0979395203
103.1119379766
99.5692552322
39.6744424605
89.7911520137
78.7170896750
67.4327262322
134.2027045871
97.7147504988
94.0173849632
82.6933712545
105.9185997795
102.2238171989
140.7450512178
17.2068103655
13.9427630475
11.6300900443
10.1661774176
9.3529759586
9.0469988474
9.1308924525
9.7245169562
10.8537544024
12.6697283341
98.8203929262
110.4099552730
54.2506369828
59.0372289149
95.5765403375
98.3615483350
52.5394352099
117.7107996711
151.0284802612
15.9759459965
12.8497199538
10.7385102869
9.5363887830
9.5545919318
9.7294525835
10.8377931279
25.7953071310
85.7804395975
77.9775466981
107.2930086491
122.2464554741
91.5459497767
71.5670022729
12.3038349227
10.3524938612
10.7408164581
11.5018348618
63.4451027387
144.4876686457
114.1212809037
12.3175154579
12.9418980729
9.0343461208
715.4158651989