177.0668634454
174.7592683611
176.0953699208
180.5116819814
188.0813164619
199.3256329987
292.7844452793
231.6604974762
232.6599158223
242.1119592866
276.0718837849
222.3538150385
217.7206600191
214.1056852606
214.1420493982
219.4904955360
231.7988347702
253.4839727928
288.3643203147
487.2441086218
1045.6482305139
1182.3558709095
874.8344986178
1011.5046698237
2246.6081264782
1103.6174336555
266.7154117650
224.0116465638
198.6684487298
184.2896835903
115.2304395304
115.5212842479
118.1143752140
123.0768830508
131.0274690394
143.2029926295
437.0048315760
496.7288606154
282.0188082570
398.3928230674
471.2198878510
764.9863510604
179.4546020108
175.8427914428
175.1431983847
179.0392378797
188.7960082771
205.9879422190
376.9928002839
1898.6112110771
1351.2314281494
964.9080313445
1269.2566891535
1446.0870267247
1355.5046782650
186.5912015616
154.4797792525
134.9370105414
123.6393733785
117.6341028538
102.3186507944
103.5584867772
109.2765774861
119.7460310754
134.7777021427
252.8485507507
1122.7014709145
508.1449734898
657.9459399759
712.9028181162
1077.4918790158
1399.0936694700
702.6358764873
1077.6123879121
1623.8743579681
1219.8233930065
968.8134843276
1378.2507970269
962.7055351283
1141.2676826367
166.4035766642
134.0689200879
115.3979161636
105.8050255452
97.1529080556
97.8163833535
102.2511944551
110.4479555568
122.8243673215
140.7380182384
1180.5108237798
1131.3427179509
444.3857590611
1024.2227718844
895.8450599780
767.3611814048
1535.2749135416
1117.3641276664
1076.9283905437
945.3443161261
1209.8908324337
1174.9100768408
1607.7170279264
186.2620960264
150.0938979485
124.9967795515
109.3320904400
100.6544846445
97.3841291003
98.1136147181
104.4217807387
116.9819097246
137.9157552966
1148.7620463637
1278.6353808293
625.8716001283
680.4317253840
1109.2404240529
1142.8892795182
603.7011029238
1371.2306161351
1755.7627775879
174.6926315964
139.3087279285
115.9264803556
102.7844382545
103.4854347057
105.4079974771
118.0564517898
293.6166836483
1003.7925244180
909.2853975131
1257.3298080335
1434.6555962744
1070.2667066210
834.3324645976
134.4144590469
112.4005093361
117.5266721040
126.4861801691
741.2360007751
1704.4762141969
1343.7175307547
135.5815352080
143.4492659246
97.1529080556
2246.6081264782