11.7121392210
11.4907947286
11.5402913310
11.8136588734
12.3114614898
13.0693081326
20.6020474962
15.6166292387
15.3403884488
16.3564906461
18.9106212132
14.4903404653
14.1509614325
13.8973152744
13.9071232977
14.2936241641
15.1764990860
16.7393887360
19.2803869996
33.4121542541
78.3769830989
94.6693985200
68.3393303157
73.7769182737
204.7966230263
88.1082261455
18.7780309465
15.4371849146
13.4472001040
12.3053847602
7.4068408264
7.4217907838
7.5920061487
7.9209053195
8.4492390156
9.2581161822
28.9609543675
33.4526570178
19.1674437559
26.4890859629
31.9728952034
51.1603255550
11.4557201910
11.1892088059
11.1292727634
11.3823030756
12.0318167857
13.1893676450
24.3490000410
124.4395427663
89.3852047753
63.5316840497
84.1837862921
93.7176689353
91.9133063559
12.3070301964
10.1134334443
8.7690642212
7.9902486228
7.5751920864
6.6934315436
6.7950904391
7.2162109899
7.9680213514
8.9907157337
16.4540663520
71.7668844907
33.2005328824
42.2166895231
45.8308406453
69.0154374773
630.5957596740
44.1948657707
67.6888600508
102.7345238811
77.2818462952
61.6761250467
87.4088615183
60.6570519692
73.1041628114
10.9974599600
8.8379049587
7.5743170244
6.9236333020
6.3993402674
6.4598071867
6.7788340437
7.3439896580
8.1563469080
9.2787152031
73.1893502008
70.6404302539
28.1331075563
63.7176734838
55.8512015334
47.8460796200
95.2386157373
69.3486111298
66.7346350349
58.6931943742
75.1729568931
72.5810909888
99.8812814993
12.1891318161
9.8754458512
8.2373358095
7.2008596463
6.6251248994
6.4090101257
6.4682058685
6.8887853542
7.6899748528
8.9799107169
70.2150210999
78.4257830124
38.5319100002
41.9249052174
67.8989165989
69.8830101686
37.3090594418
83.6473414963
107.2986629222
11.3227224724
9.1044547796
7.6077016696
6.7558600071
6.7704129402
6.8945978771
7.6817364144
18.3138255497
60.9797715890
55.4171980830
76.2739647669
86.9129825052
65.0724646140
50.8663644905
8.7208065063
7.3362492469
7.6140543737
8.1552998441
45.0994970261
102.7624373769
81.1588430405
8.7334991098
9.1790263071
6.3993402674
630.5957596740