247.3893742509
244.6113848672
246.7203472537
252.9927463069
263.5565771732
279.1287603551
400.4673279171
321.9215338163
325.1437676790
335.9511550790
381.3662542520
311.9623936235
305.7580275632
300.8498171750
300.8762681731
308.1295297335
324.8351823020
354.1992349649
401.2294021331
671.1295796542
1393.8283463609
1549.7192170795
1151.5053467341
1362.7459702027
2825.1334398953
1440.3522956013
365.0447188104
308.8451546494
275.5359956829
256.7176134701
162.4043797949
162.8345011818
166.4556722640
173.3679722351
184.4339681395
201.3802423494
608.0440487915
687.2791919020
389.5870653717
553.8893217803
650.5742240927
1060.5788908685
253.3848570689
248.5766307688
247.7219667626
253.2013147060
266.7792312255
290.5946877300
529.7151297859
2650.7923620671
1880.7571162541
1345.6340176933
1764.9283356800
2027.6820496677
1869.7532516452
260.7141734031
216.4136933935
189.5066019864
173.9584914595
165.6983912307
143.4389297584
145.0320883972
152.7181833068
166.9279442411
187.7256076023
354.7822394642
1582.4033443305
710.9532249978
926.3852626313
1002.8298942078
1517.2603645152
1493.0550469371
996.4127142774
1528.6730797632
2297.0305997575
1725.0637942260
1367.9251568659
1948.4044298949
1364.9110238253
1607.4117425708
232.4116690715
187.4456043521
161.5887960691
148.3103173010
135.9262820994
136.7395307828
142.7589332441
154.0558079637
171.4003133291
196.8784231807
1683.5447330787
1608.9174642837
629.1811435216
1458.5701733967
1274.7031335146
1091.9253270879
2188.1406735486
1592.5342211270
1536.0529525946
1347.6558469052
1724.0510606821
1678.2054767937
2290.6318286600
261.0575243677
210.0105928734
174.8233112153
152.9579419446
140.8552691091
136.3161752662
137.2645666287
146.0645296666
163.8374299563
193.7772818731
1647.4876405544
1830.9041022438
895.3857907384
972.9388977010
1589.7214215295
1638.6884324204
862.5333474455
1968.0582740860
2517.6486484212
245.7157771584
195.4146135714
162.4044238357
143.9283865882
145.1646811456
147.8830672845
165.9274070413
418.4497848114
1443.2396237151
1305.6511726660
1808.4263774902
2064.5610986974
1538.3194925520
1198.2105695922
189.0541568538
157.7848962553
165.4196083534
178.3277033101
1065.3210368723
2457.4195057774
1936.1661537440
191.1881248553
202.7539392705
135.9262820994
2825.1334398953