3.7604615137
3.6919117834
3.7089817334
3.7969647060
3.9561530433
4.1978392384
6.5545609033
5.0142963475
4.9209943603
5.2475004731
6.0450814234
4.6577940619
4.5514184633
4.4717025401
4.4751720563
4.5979408019
4.8778915040
5.3727375334
6.1757611839
10.6355615996
24.7407106139
30.0179870406
21.5739228858
23.2599562122
65.7213809534
27.5838740433
5.9823368071
4.9311909768
4.3052248106
3.9463841321
2.3868204200
2.3916345088
2.4460774311
2.5512666504
2.7202151938
2.9788044819
9.2459873765
10.6476509493
6.1038627735
8.4549674699
10.1688357552
16.2947257404
3.6929393003
3.6098068349
3.5918975794
3.6735037254
3.8813755550
4.2507824868
7.8226847239
39.7865526958
28.5359713178
20.3104978340
26.8628227844
30.0486284227
29.1994407097
3.9498293103
3.2501559902
2.8214211975
2.5729842286
2.4405432291
2.1532200829
2.1851492489
2.3188622305
2.5582734226
2.8858132785
5.2917216864
23.0887218629
10.6405390465
13.5773396869
14.7268263616
22.1830895190
398.2375248989
14.2746189627
21.8651585421
33.1164193171
24.9142541611
19.8693949770
28.1761116611
19.5971642937
23.5080829062
3.5305751085
2.8392234423
2.4351839380
2.2270923610
2.0576495500
2.0765440485
2.1782355139
2.3592380575
2.6209336133
2.9846230751
23.7369642517
22.8632976767
9.0855050542
20.6418571387
18.0824500916
15.4928642952
30.8651386799
22.4783730340
21.6441701691
19.0336837930
24.3652019046
23.5701457778
32.3658033315
3.9202167784
3.1741719186
2.6475872944
2.3149941471
2.1303013149
2.0616832111
2.0804764948
2.2158724237
2.4751645604
2.8945641998
22.8699484242
25.5098452501
12.5310368083
13.6265918706
22.1006449796
22.7566960789
12.1223278180
27.2588169636
34.9372011968
3.6491115202
2.9306949637
2.4477188845
2.1734160716
2.1803568741
2.2207518245
2.4765791566
5.9457362667
19.9027842785
18.0702753711
24.9001963623
28.3812294444
21.2315603702
16.5907624245
2.8114637106
2.3631332511
2.4561816375
2.6331589761
14.7187457933
33.6101149966
26.5351693252
2.8196375819
2.9673107320
2.0576495500
398.2375248989