349.7491314307
349.3165020277
354.1065357690
363.6061206424
378.1865444178
398.7385013576
493.9427753239
447.1071534865
457.8291176957
463.1469518734
502.9941908201
450.4244874093
444.3459439123
438.9882612027
439.0520986148
447.5470650940
466.9798678457
500.3989420776
551.9886591289
853.1062839415
1436.6833387643
1489.2150617621
1102.4023800241
1444.6722738711
2250.3206803076
1181.5294597909
454.7053852259
403.3184565467
373.2046887543
356.8406794150
240.9920205319
241.7266901886
246.7398790144
256.2184058346
271.3443420396
294.4748875679
822.9341843992
890.5858630208
500.2016432638
744.7199853318
829.2936494754
1394.7678129340
379.2849596915
374.8757671823
374.9064720757
382.9998165383
401.6234686275
433.2255415488
769.3163986184
3677.3899454661
2553.1796133615
1855.2086824777
2380.8252311646
2903.2235337775
2368.6695433460
368.0431281001
310.4686769563
275.8138069956
255.7961762879
245.1673066410
207.2909739589
208.5534599192
217.2671627429
234.4247590463
262.4493109216
515.3878918020
2345.5610806345
1005.2472214650
1364.3169385320
1466.6246369315
2232.1432367229
197.6445849291
1532.2899261172
2354.6701866463
3477.4995628360
2608.2430411823
2050.0198256737
2941.2923842114
2097.7912396588
2371.6476071582
328.0741109092
266.4822127764
231.8739832416
214.1343404994
194.5686434796
194.9393170269
202.2614130684
217.2848538392
242.4958524559
282.3337160400
2674.9532280680
2516.5208306172
960.6863752315
2298.4415523285
1999.1803309936
1712.9469111956
3462.0493199486
2520.1971262471
2440.8524157149
2135.3640682555
2725.5891155677
2687.8824822122
3618.4139319628
376.4741935474
300.0945307376
249.3943078668
218.6785485086
201.7692001040
195.8261950420
196.7415114492
209.3109431658
236.5423256051
284.8156000315
2695.6403906263
2971.8236459265
1446.6889490139
1567.6360910349
2590.9028148698
2676.8304412863
1383.6498277257
3230.7867267517
4114.6574659006
362.0592970142
283.6546250327
234.1285893590
207.0725432230
211.1329262136
215.4030780939
244.2343834978
663.4034304185
2390.5960023217
2148.8725141836
3000.4620528408
3433.9313717424
2543.4090751072
1972.8693295059
278.8088794011
230.2880865629
245.1957883875
266.8833509757
1761.1441688567
4123.8986722566
3240.0491619295
286.1689635491
307.4764983612
194.5686434796
4123.8986722566