452.0780683829
447.5112506466
451.8235261549
463.7463310120
483.5699098767
512.6596950864
730.5936240755
589.0304028288
598.4336443610
614.0325434651
700.0631147896
573.3918793524
561.3258729602
551.6460139164
551.2394771740
564.3525051693
595.0876271318
649.4094574104
736.6967934871
1250.7277541416
2552.2133289165
2787.0458737409
2062.8887429243
2546.9868282486
4847.1330476303
2562.4276552763
662.4709113700
561.6484522679
502.0262301075
468.4942756936
298.1999363784
299.0591690771
305.8285681057
318.6973858825
339.2819844570
370.8483596509
1144.2836851085
1298.7553572640
728.1136051419
1040.8960493279
1226.8112277449
2007.2713207457
466.3069406988
456.7671471420
454.7700488167
464.7349675896
489.9452290457
534.4656678441
983.5758690580
4988.8088004683
3544.7490120155
2527.3053266519
3329.9230669419
3793.0460676517
3553.9025710886
480.4918293170
398.0982794715
348.2286683082
319.4757355023
304.2378584678
262.8527265691
265.6340356237
279.4901870531
305.2449423521
343.4133603048
653.4110821245
2939.3570629459
1328.5169648421
1720.9667359712
1866.9107070282
2825.4532668058
1504.6934130076
1834.1549729776
2815.2026065646
4251.4643127997
3188.8516989914
2530.2316389138
3602.1773834871
2506.8818877126
2986.9601594962
427.5647844965
344.2763557478
296.4526780318
271.9067433849
248.7107405820
250.0494441635
260.8842446308
281.3897904330
313.1109186277
359.9215689582
3069.7970204685
2948.5961073311
1156.1383591307
2667.5884580463
2334.2017414292
1998.5592864933
4001.5363294630
2909.2277886779
2800.8015077537
2456.5631505043
3147.0418334817
3048.4976681826
4185.8235818266
479.0571737417
385.3133658877
320.5185921422
280.2136098298
257.8752975326
249.1098189773
250.6870454020
266.6034214684
298.9343779132
353.4413283280
2974.1136960426
3317.3653380384
1620.6747926055
1763.9845829345
2875.1415934999
2960.3668307196
1562.9194458521
3548.1451943290
4550.2649841863
449.1927053750
357.5282857502
297.0999129105
263.1725672885
264.9024450976
269.6804854111
302.3175933386
757.3590380796
2592.4375336104
2350.9561042317
3248.6971683078
3705.5255296912
2764.1232928951
2153.8018335897
344.9832333937
288.0345507964
301.3093730783
324.4499580564
1912.6698933792
4396.4637688739
3465.2131355426
348.0775505528
368.4667036591
248.7107405820
4988.8088004683