0.6902805816
0.6763633241
0.6787651416
0.6945967799
0.7238332181
0.7685767173
1.2279812856
0.9237930907
0.9029135391
0.9680788279
1.1208631093
0.8510726079
0.8307890240
0.8157570621
0.8164694536
0.8396370424
0.8924344369
0.9859456685
1.1382314533
1.9797037970
4.7271768619
5.7752038253
4.1555656577
4.4162057440
12.7822694062
5.3734127281
1.1206459341
0.9174488639
0.7963244273
0.7266810000
0.4338493212
0.4346709547
0.4446693843
0.4640333306
0.4951576069
0.5427994230
1.7038718570
1.9732914964
1.1328915183
1.5593780701
1.8884849556
3.0138460582
0.6699729607
0.6540344981
0.6503920642
0.6652570097
0.7035461649
0.7719036644
1.4268741965
7.3069807639
5.2571041934
3.7343523664
4.9536694390
5.4935683704
5.4274837965
0.7244792001
0.5945356797
0.5147712820
0.4685365741
0.4438800631
0.3935280158
0.3997769873
0.4251471669
0.4702172865
0.5308399626
0.9663694578
4.1975580081
1.9493915705
2.4709317660
2.6829331833
4.0371172634
222.9261803862
2.5776005389
3.9465718201
5.9968974947
4.5129686538
3.6049475970
5.1055016474
3.5391739575
4.2772632145
0.6477222309
0.5203189071
0.4455743173
0.4070684471
0.3767903335
0.3805748116
0.3997130874
0.4333272195
0.4811463368
0.5465470761
4.2580519980
4.1147398039
1.6431682737
3.7088993674
3.2523408841
2.7862836323
5.5407115257
4.0351244549
3.8819015428
3.4154056585
4.3749499419
4.2195365139
5.8124863425
0.7166150843
0.5812182563
0.4849824456
0.4239312421
0.3900061258
0.3773177999
0.3809602789
0.4058152999
0.4527123969
0.5276514729
4.0736739202
4.5530287389
2.2388629869
2.4362541872
3.9404402031
4.0548022806
2.1692128747
4.8511775703
6.2251400458
0.6645301595
0.5352062663
0.4475936739
0.3976160993
0.3981495598
0.4054594295
0.4513061001
1.0669586578
3.5335055819
3.2135655966
4.4185086769
5.0335571039
3.7714795893
2.9497566672
0.5119719811
0.4312028379
0.4469150892
0.4782536450
2.6143012880
5.9454514646
4.6973811083
0.5120287558
0.5374682197
0.3767903335
222.9261803862