219.9277760025
217.5054585367
219.3945090330
224.9595859881
234.3154779982
248.0942380032
354.6219589614
286.0785826243
288.7875293034
298.5207493702
338.2021679598
277.3471279845
271.9249368222
267.6336779752
267.6844851888
274.1061109602
288.8617729261
314.7660744962
356.2015542275
593.4204763458
1229.0064180380
1367.7111747208
1015.9996430402
1198.8712955354
2503.2189712556
1265.6286128082
323.4693144957
274.0010471246
244.6823760721
228.1245229243
144.5491845278
144.9296972797
148.1383599376
154.2645185196
164.0717164499
179.0862147592
537.8849681986
606.9979856361
344.5444536629
490.0383782845
574.5293332887
936.7719737688
225.5152658841
221.3326628856
220.6247184112
225.5075678295
237.5456711531
258.6204143747
470.3979535210
2346.1930061343
1663.4481188632
1191.2208868562
1560.4645206482
1797.7813910284
1648.9196056067
231.5736313920
192.3674615370
168.5501493272
154.7835950903
147.4677512411
127.5990266219
129.0053883488
135.8122566819
148.4073151291
166.8657943050
315.3980812095
1405.8002351822
630.2407346861
822.8582356493
890.3128271426
1347.1533149801
1435.4202940832
887.3898874074
1361.3760020032
2043.0235029786
1534.5837066808
1216.4513984578
1733.1375747000
1215.9718247553
1427.7208374025
206.4918590915
166.6132237840
143.6922261155
131.9208703486
120.9059282621
121.6235409004
126.9647531950
137.0022393679
152.4380970291
175.1510172600
1503.0406568555
1434.5736670666
560.3699916662
1301.2544656843
1136.8331220035
973.9141010270
1952.4560601805
1421.2324837845
1371.4042494937
1203.1736324100
1538.7571517177
1499.6181581709
2043.9911061703
232.1753719256
186.7291299581
155.4499431573
136.0301037428
125.2842743769
121.2879797433
122.1328410763
129.9718316623
145.8272613341
172.5798035517
1474.6303783587
1637.4160939238
800.7772766889
869.8297343711
1422.3188379987
1466.5247198238
771.1029805150
1762.1591188132
2253.0002800040
218.7955825463
173.9038653340
144.4979219696
128.0581330055
129.2372548962
131.6746694717
147.8078975183
374.0144388377
1293.4164600608
1169.3969680553
1620.7435338207
1850.7477428850
1378.4733551839
1073.4958687874
168.3895255166
140.4829965968
147.3974409916
158.9727140174
954.7514998113
2204.7455012678
1736.8203565533
170.4258170071
180.8578540502
120.9059282621
2503.2189712556