1.1306863022
1.1083695955
1.1125045406
1.1384325595
1.1861308904
1.2590086865
1.9993552879
1.5120836269
1.4776548179
1.5838731909
1.8298662281
1.3948228303
1.3622156111
1.3380326055
1.3393181788
1.3770015407
1.4627126482
1.6143306509
1.8609047964
3.2209864796
7.6503384762
9.3635255006
6.7271012884
7.1416532092
20.8491128854
8.6690238693
1.8261688044
1.4977079555
1.3019289553
1.1894110725
0.7123129329
0.7136580052
0.7299765758
0.7615818521
0.8123775596
0.8901120244
2.7758759595
3.2083481943
1.8440282806
2.5406679719
3.0695850073
4.9013430617
1.1001606300
1.0746494000
1.0690129829
1.0934385024
1.1559553930
1.2673108111
2.3359165230
11.9138906774
8.5630449126
6.0890166426
8.0654674757
8.9765271570
8.8091056871
1.1857519729
0.9740998875
0.8441758917
0.7688471279
0.7286634472
0.6453153948
0.6554032107
0.6966283203
0.7699982636
0.8690453106
1.5836500907
6.8772445425
3.1844900979
4.0473258591
4.3919382036
6.6097248111
256.8618261328
4.2374801810
6.4882089866
9.8415236779
7.4071942703
5.9137494177
8.3789592548
5.8205627680
7.0056979628
1.0603841257
0.8522959137
0.7303128899
0.6674647490
0.6176829004
0.6237779546
0.6549640159
0.7099073618
0.7883777707
0.8961450314
7.0250656897
6.7763362472
2.7012184376
6.1130503863
5.3578549888
4.5904604338
9.1344314185
6.6533608126
6.4046091202
5.6347750406
7.2146533685
6.9707317981
9.5826396340
1.1748322995
0.9524430636
0.7947496930
0.6948446258
0.6393447877
0.6187833190
0.6247127455
0.6655016271
0.7427507328
0.8666255474
6.7477978623
7.5317009232
3.7033196020
4.0278632509
6.5226079475
6.7146175178
3.5859578367
8.0397160423
10.3078020501
1.0913097699
0.8781120228
0.7341029747
0.6520931087
0.6535275891
0.6656274177
0.7414201507
1.7626903103
5.8648368344
5.3281456557
7.3343985386
8.3584540184
6.2582585772
4.8929393947
0.8410465757
0.7079011663
0.7345658198
0.7866418596
4.3389080615
9.8865773422
7.8087097664
0.8421475690
0.8849244992
0.6176829004
256.8618261328