10.9215034008
10.7146522918
10.7605552798
11.0153495537
11.4795335865
12.1863205129
19.2196672337
14.5634436384
14.3046575216
15.2541775219
17.6379750021
13.5107355773
13.1940286346
12.9573995636
12.9665881714
13.3272035598
14.1509159987
15.6091296009
17.9801242014
31.1649834081
73.1456369174
88.3679401837
63.7919222779
68.8454012507
191.2187090144
82.2585750429
17.5178436966
14.3991460423
12.5414428457
11.4754573874
6.9054092976
6.9193282716
7.0780500180
7.3847566806
7.8774479613
8.6317524701
27.0067335899
31.1976736308
17.8779925926
24.7021724416
29.8212848403
47.7099569453
10.6796448475
10.4309431304
10.3749662166
10.6108797512
11.2165615028
12.2960923113
22.7015472724
116.0285960083
83.3512048033
59.2389306444
78.5029747641
87.3748397486
85.7230512475
11.4758748779
9.4299417929
8.1760173666
7.4495901640
7.0624485492
6.2410439128
6.3359732205
6.7289438985
7.4303782776
8.3841870678
15.3411197878
66.9046063197
30.9558693319
39.3570671829
42.7270145971
64.3387086035
603.0919909222
41.1946935206
63.0940270817
95.7652675024
72.0412791324
57.4970527435
81.4814104093
56.5422371585
68.1525766456
10.2548570928
8.2409848458
7.0625375901
6.4556919840
5.9671030819
6.0235980899
6.3212506013
6.8483881246
7.6058320385
8.6519711792
68.2162847012
65.8433130481
26.2245827399
59.3895726226
52.0594400632
44.5971182551
88.7703987547
64.6354621483
62.1981829450
54.7064113660
70.0633856082
67.6470113184
93.0933081890
11.3652815781
9.2083224037
7.6809598383
6.7144677723
6.1776001657
5.9760824560
6.0313522952
6.4235509488
7.1704390740
8.3726463737
65.4377030986
73.0897004252
35.9128406346
39.0750758814
63.2810889356
65.1293043059
34.7737788218
77.9544214680
99.9983995095
10.5567637405
8.4890382615
7.0936590869
6.2994448919
6.3128227265
6.4286015435
7.1622730391
17.0701485577
56.8300853911
51.6467787867
71.0824174029
80.9972034546
60.6458972032
47.4049225957
8.1309390337
6.8403064521
7.0989833129
7.6033625083
42.0308423081
95.7647350784
75.6336889237
8.1423925699
8.5573863810
5.9671030819
603.0919909222