0.0048746992
0.0047534573
0.0047577028
0.0048637755
0.0050701223
0.0053920617
0.0090931064
0.0066111492
0.0063668206
0.0069420336
0.0081336973
0.0059411863
0.0057854222
0.0056730151
0.0056797593
0.0058543470
0.0062511741
0.0069568166
0.0081147113
0.0144262080
0.0365593734
0.0460074487
0.0328075970
0.0336441723
0.1076802133
0.0431033377
0.0082991639
0.0066888836
0.0057270979
0.0051706997
0.0029913941
0.0029959099
0.0030663767
0.0032038069
0.0034251484
0.0037639710
0.0121131534
0.0142154151
0.0082024236
0.0111142473
0.0136783679
0.0216030385
0.0045944781
0.0044710317
0.0044397666
0.0045430174
0.0048155462
0.0053070546
0.0099065527
0.0515057886
0.0373378446
0.0264068437
0.0352609228
0.0383280988
0.0393525876
0.0051090350
0.0041653749
0.0035834322
0.0032457321
0.0030653835
0.0027530116
0.0028037518
0.0029973322
0.0033355598
0.0037735455
0.0067422651
0.0289076717
0.0136879822
0.0170657317
0.0185692988
0.0278511547
49.0072311936
0.0174646662
0.0267107951
0.0408833368
0.0308006326
0.0247056650
0.0348831410
0.0239929891
0.0294884935
0.0045730283
0.0036645488
0.0031262592
0.0028485786
0.0026499864
0.0026822173
0.0028258778
0.0030707853
0.0034061457
0.0038466966
0.0283853503
0.0276569462
0.0111869987
0.0248392028
0.0218138859
0.0186852199
0.0369857389
0.0269468852
0.0258690051
0.0227936749
0.0292274797
0.0279943830
0.0388635668
0.0050157957
0.0040859721
0.0034133068
0.0029817459
0.0027414271
0.0026508821
0.0026801359
0.0028564035
0.0031768964
0.0036728109
0.0266956976
0.0299709020
0.0147909331
0.0161140835
0.0258709556
0.0265862835
0.0143858129
0.0317009440
0.0407871744
0.0046092357
0.0037390034
0.0031376614
0.0027907458
0.0027824151
0.0028326641
0.0031384922
0.0071306683
0.0229626919
0.0209701734
0.0286686777
0.0326008455
0.0245347293
0.0192386323
0.0035523296
0.0030074809
0.0030957761
0.0032983167
0.0170091514
0.0382624373
0.0302999166
0.0035286581
0.0036806792
0.0026499864
49.0072311936