4.3410341486
4.2595214586
4.2771586381
4.3766962887
4.5582080801
4.8345079400
7.5799706538
5.7843528234
5.6629127973
6.0561273726
6.9710102997
5.3611642320
5.2409975743
5.1518603571
5.1579016894
5.3004293923
5.6230048048
6.1919608147
7.1144908528
12.1908861284
28.5955815249
34.9090107334
25.1114452514
26.7181492823
77.2902884236
32.2238850132
6.9293568405
5.7061879198
4.9772260323
4.5587118908
2.7487128616
2.7539418630
2.8161305094
2.9365202839
3.1299349249
3.4257493855
10.5249973365
12.1217264602
6.9955629392
9.6407980052
11.5993803839
18.5158387066
4.2460022360
4.1531371338
4.1344149815
4.2288651474
4.4670179301
4.8889579827
8.9475954653
45.2018190435
32.4350823965
23.1144164223
30.5229891993
34.2024345179
33.1430927450
4.5422169162
3.7405566575
3.2484776765
2.9630319351
2.8106876037
2.4827898219
2.5201986489
2.6753839143
2.9526265106
3.3297656490
6.0762781453
26.3522999452
12.1308490175
15.5043470132
16.8021829519
25.2917906391
347.2516469905
16.3706939135
25.0623089827
37.8565884361
28.5125706985
22.7354312416
32.2380314378
22.5107028565
26.8307482380
4.0638809182
3.2707179527
2.8066250198
2.5674818134
2.3747043576
2.3971265816
2.5152191359
2.7246927725
3.0264132496
3.4444992542
27.3791570891
26.2845096595
10.4351050101
23.7618893070
20.8039570602
17.8285377026
35.5297473048
25.8987304497
24.9705965080
21.9681849287
28.0927478944
27.2719851472
37.2804529276
4.5173087771
3.6585519899
3.0528756468
2.6703345569
2.4579670453
2.3810821883
2.4033978798
2.5603673573
2.8601917825
3.3449330871
26.5815659381
29.5611421984
14.5385884059
15.7878472667
25.6501915669
26.4369986696
14.0573487185
31.7277800080
40.5768541064
4.2136746435
3.3829406714
2.8256546951
2.5095278428
2.5201886544
2.5675872118
2.8644813157
6.9014730319
23.2370416632
21.0509852547
29.0654713636
33.1617210728
24.7872358963
19.3625501393
3.2500736634
2.7311324618
2.8420694623
3.0485826623
17.1935811805
39.3801782474
31.0814885102
3.2638319983
3.4383248965
2.3747043576
347.2516469905