250.3239870857
247.6401968043
249.8392666415
256.2076519830
266.8816560456
282.5821024243
402.6288373923
325.3180540655
328.9331616589
339.3636928799
384.5778519380
315.9908783700
309.8113945043
304.9050497799
304.9349019800
312.2098980346
328.9574322677
358.3665848683
405.3989757024
675.5696547836
1389.8760767332
1540.1806627405
1145.0022200775
1362.1617974233
2782.1639837728
1427.2255694616
367.1259176556
311.2891361236
278.2069826508
259.5401827827
164.7423124589
165.1824104131
168.8421122514
175.8242769489
187.0000518841
204.1132752230
613.6870053872
692.3631982044
392.5045765114
558.9521863598
655.0411163954
1068.9587602871
257.1391877627
252.3651014966
251.5489545498
257.1062347572
270.8200388606
294.8325114554
536.5431942395
2678.0327956693
1898.2422712158
1359.1624069912
1780.7194872620
2051.7352573879
1881.3165443234
263.7476208977
219.1220212971
192.0289422524
176.3734895652
168.0565400941
145.2912595189
146.8633373610
154.5534683065
168.8116474319
189.7938035759
359.3543283340
1604.1825280956
718.9858415699
938.8586274979
1015.9402921189
1537.5230118698
1431.8345237518
1012.4057731424
1553.2946750290
2331.4791397532
1750.9550716791
1387.7800593180
1977.4262378158
1386.8940061161
1629.1395416315
235.1146585139
189.6996615098
163.6142742905
150.2190746150
137.6120803366
138.4032549293
144.4449562479
155.8340808101
173.4035632633
199.3201866837
1714.1936209352
1636.4437996602
639.0579628740
1484.2881377473
1296.7803182588
1110.8804813871
2227.2501075276
1621.0995109980
1564.0972239440
1372.0745089125
1754.9677442438
1709.9178554771
2331.4081171487
264.3996708271
212.5965443497
176.9612118435
154.8466505853
142.6089235185
138.0366603412
138.9780801283
147.8838788312
165.9432059387
196.4596191693
1681.1364975994
1867.0896983300
912.8936381330
991.7422201437
1621.6991045160
1671.9726699304
879.0374204604
2008.8106278258
2568.7588954938
249.1711768175
197.9971068365
164.4884219126
145.7582596498
147.1008008070
149.8660047585
168.2495475320
426.1711840459
1474.1979146064
1332.9782269401
1847.3809269780
2109.4778498434
1571.1385258629
1223.4687309819
191.7287971012
159.9220830989
167.8094459416
181.0028561629
1088.0857108290
2512.6672049309
1979.3411262251
194.0621123169
205.9606514939
137.6120803366
2782.1639837728