0.0058316644
0.0056790430
0.0056799061
0.0058048707
0.0060516187
0.0064386263
0.0110197587
0.0079344273
0.0076130814
0.0083379039
0.0097992510
0.0070842240
0.0068939398
0.0067576086
0.0067663740
0.0069789186
0.0074615826
0.0083207080
0.0097331692
0.0174018230
0.0447994220
0.0567095608
0.0403931412
0.0410526405
0.1340846845
0.0532763812
0.0100553152
0.0080711670
0.0068855139
0.0061986096
0.0035545569
0.0035595384
0.0036437759
0.0038083713
0.0040736023
0.0044796098
0.0145104868
0.0170873659
0.0098788352
0.0133192397
0.0164733243
0.0259273228
0.0054507928
0.0052997468
0.0052605995
0.0053835075
0.0057101235
0.0063008410
0.0117900935
0.0615575474
0.0446981911
0.0315689193
0.0422526512
0.0456807770
0.0473919540
0.0061087641
0.0049715975
0.0042694335
0.0038618419
0.0036440868
0.0032845732
0.0033475044
0.0035839042
0.0039951501
0.0045222066
0.0080371286
0.0343212877
0.0163326728
0.0202862214
0.0220814746
0.0330962106
47.3856309754
0.0206404019
0.0315664167
0.0484225604
0.0364813512
0.0293084002
0.0413234751
0.0283787406
0.0350468792
0.0054695959
0.0043801062
0.0037328357
0.0033988279
0.0031662894
0.0032066938
0.0033813790
0.0036768168
0.0040770911
0.0045967881
0.0334098600
0.0326241185
0.0132452482
0.0292485263
0.0257292418
0.0220388371
0.0435468369
0.0317156686
0.0304316393
0.0268282065
0.0344211701
0.0329022501
0.0457564225
0.0059850303
0.0048814019
0.0040790539
0.0035627048
0.0032750181
0.0031664372
0.0032026067
0.0034136983
0.0037934950
0.0043756639
0.0312527932
0.0351522175
0.0173531949
0.0189249914
0.0303172521
0.0311336032
0.0169032454
0.0370928929
0.0477808038
0.0054863823
0.0044593032
0.0037456059
0.0033325887
0.0033187077
0.0033783578
0.0037382935
0.0084036254
0.0268263665
0.0245295709
0.0334806524
0.0380519986
0.0286630154
0.0225028131
0.0042287198
0.0035852246
0.0036834772
0.0039196218
0.0198823221
0.0445737609
0.0353040308
0.0041925858
0.0043654444
0.0031662894
47.3856309754