47.1360806111
46.2597168846
46.4692761894
47.5775749229
49.5881361846
52.6448163735
82.7453517771
62.6999324184
61.8008359607
65.7025969520
75.9679309650
58.3866063555
57.0154173378
55.9867574086
56.0189631104
57.5681761869
61.1151030385
67.3970260044
77.6104859375
134.6455162138
314.3956214253
375.5128841503
272.8997626044
296.8367383274
793.7641381878
352.3876940937
75.3795772217
62.0199982520
54.0642186030
49.5021763604
29.8481963983
29.9105801447
30.5982590691
31.9253600563
34.0566043463
37.3201500657
117.0260579530
135.1617001752
77.2927898578
106.9912962430
129.1037660445
206.8164166818
46.1968369402
45.1171016382
44.8712058285
45.8889156666
48.5070895749
53.1757403736
98.2871679624
503.0886555907
361.2731898836
256.6873739197
340.2683783072
378.6828474287
371.5866598685
49.5665275770
40.7332954992
35.3241222714
32.1919558961
30.5236707948
26.9416881258
27.3472070054
29.0336497105
32.0469290646
36.1553431694
66.2925972226
289.8157404524
134.0392067403
170.4260618592
185.0855936738
278.7975846714
1001.1663692306
178.3441911446
273.1993190681
414.8685245991
311.9967077228
248.9589978703
352.8513682987
244.6882671941
295.2300163936
44.2706094056
35.5715388888
30.4861529354
27.8685739328
25.7420827477
25.9815059030
27.2588302311
29.5255422988
32.7902148213
37.3095534423
295.0631594437
284.9261994038
113.4298766508
256.9652222415
225.2599065661
192.9681499251
384.1500300857
279.6640631718
269.0634270530
236.6071330732
303.1021354394
292.4838475223
402.8127227276
49.0685051612
39.7425785675
33.1432917513
28.9700918021
26.6523997541
25.7751444203
26.0095150212
27.6972143547
30.9187607395
36.1131018171
282.7359926105
315.9621201361
155.1907944519
168.9028574784
273.5057538897
281.4570254940
150.2763514821
336.8084557923
432.2099496716
45.5711990468
36.6332532832
30.6040089902
27.1733456896
27.2282181271
27.7248023442
30.8911160046
73.7077496320
245.4127165482
223.1023749840
306.9900469696
349.7939739067
261.9014165381
204.7072328174
35.0853748797
29.5085115562
30.6244932917
32.8013774651
181.4793346270
413.4332610681
326.4957315708
35.1339146430
36.9254109666
25.7420827477
1001.1663692306