0.7909518663
0.7750742971
0.7778674312
0.7960302573
0.8295386129
0.8808006580
1.4058444417
1.0581241242
1.0346928267
1.1087604093
1.2837225710
0.9754350805
0.9522149608
0.9349946609
0.9357969519
0.9623090801
1.0227423426
1.1297757790
1.3040634584
2.2675595159
5.4068543766
6.5988942203
4.7500923667
5.0543528719
14.5819203343
6.1423109525
1.2829672478
1.0506414623
0.9121594529
0.8325465512
0.4973306604
0.4982776499
0.5097372114
0.5319267148
0.5675909390
0.6221835828
1.9527478338
2.2610659300
1.2978298640
1.7870024437
2.1636752796
3.4538052508
0.7681036095
0.7498561518
0.7456878430
0.7627218735
0.8065930998
0.8849089473
1.6356238642
8.3753132928
6.0251397270
4.2797986033
5.6770696999
6.2975211081
6.2186178662
0.8301776425
0.6813433569
0.5899950200
0.5370483784
0.5088141029
0.4509709396
0.4581057300
0.4871205696
0.5386868185
0.6081146830
1.1075367872
4.8124873477
2.2343235794
2.8327790933
3.0758328782
4.6286969212
234.6346361847
2.9556935864
4.5256894397
6.8766022360
5.1745610681
4.1332036374
5.8539987513
4.0583205806
4.9038087591
0.7421774712
0.5962105072
0.5105936177
0.4664883231
0.4317372527
0.4360520412
0.4579472260
0.4964309270
0.5512251828
0.6262290925
4.8833447137
4.7189016786
1.8840765120
4.2536568779
3.7297991866
3.1953020258
6.3544589236
4.6275060922
4.4520885461
3.9169517073
5.0173226516
4.8396682405
6.6663726570
0.8212210589
0.6660032626
0.5557122337
0.4857589306
0.4468881517
0.4323431026
0.4365016262
0.4649715813
0.5187316354
0.6046891989
4.6728677288
5.2226104438
2.5678707485
2.7943901334
4.5198754810
4.6510826377
2.4879693749
5.5647161375
7.1404741420
0.7616206962
0.6133279627
0.5128943084
0.4556129124
0.4562500028
0.4646252915
0.5172004598
1.2235501220
4.0535292860
3.6861729373
5.0689783349
5.7743283741
4.3263309096
3.3835111630
0.5867568705
0.4941459775
0.5122035467
0.5481575289
2.9990435378
6.8210562176
5.3891186187
0.5868792830
0.6160960991
0.4317372527
234.6346361847