7.9294623600
7.7837361460
7.8185142307
8.0026727248
8.3366720892
8.8441467556
13.8209876226
10.5614760707
10.3636057298
11.0556673957
12.7310864200
9.8118433929
9.5899064863
9.4241551176
9.4329274042
9.6920697887
10.2812338572
11.3216465088
13.0091367109
22.3485873487
52.0933145912
63.1972750279
45.5199100203
48.8784462545
138.2822260723
58.3573510157
12.6218015706
10.4027533311
9.0809086801
8.3227616604
5.0296705687
5.0396465293
5.1539790079
5.3750077813
5.7300358168
6.2732792907
19.3839875768
22.3170959523
12.8264536537
17.7365551394
21.3272497713
34.1323635349
7.7782310095
7.6055455488
7.5693502862
7.7416109766
8.1784807501
8.9537702538
16.4394423960
83.3693354987
59.7932623561
42.5814309998
56.2725231475
63.0288671294
61.1204375251
8.3147456165
6.8449273006
5.9437580877
5.4213668279
5.1427741805
4.5381034882
4.6056599441
4.8877446634
5.3924883006
6.0818785409
11.1358063228
48.4924951662
22.3259519818
28.5183530247
30.9220126375
46.5703002702
482.7193976418
30.0479239404
46.0158291855
69.6121126493
52.3927136852
41.7752422447
59.2463838940
41.2751648540
49.3713928012
7.4343734835
5.9807271907
5.1310174282
4.6933545128
4.3375820978
4.3777230303
4.5923599735
4.9740542340
5.5254332490
6.2913474215
50.0890049929
48.1785472210
19.1316284787
43.5232393666
38.1151152661
32.6587592232
65.0779836946
47.4119074737
45.6762614084
40.1698449612
51.4045844808
49.7986043828
68.2579154475
8.2598056677
6.6878444678
5.5790783872
4.8789852795
4.4903113029
4.3473072063
4.3872883952
4.6731642726
5.2204081638
6.1059319818
48.4100288152
53.9352783566
26.5031924763
28.8072675938
46.7572000927
48.1608313852
25.6331688761
57.7343585810
73.9292561741
7.6960776447
6.1791185664
5.1605714688
4.5825317435
4.5994170134
4.6851759216
5.2261398695
12.5741921498
42.2043929681
38.2840351449
52.7969165373
60.2052275276
45.0217332727
35.1723017885
5.9318447033
4.9849242377
5.1842800423
5.5595220219
31.2162758513
71.3713954559
56.3371378888
5.9528648715
6.2678612899
4.3375820978
482.7193976418