93.7317647556
92.0951540925
92.5760808923
94.8169214121
98.8319804835
104.9072453268
162.8682683023
124.1886020628
123.0708393523
130.1091645224
150.2145712308
116.4832525221
113.7833046231
111.7397175034
111.7821713248
114.8144938349
121.7787529250
134.1110795643
154.1341584671
266.7501131282
612.5522963803
720.6839251859
526.9971772047
582.5060218082
1478.2522497343
679.0524709357
148.2320484324
122.4167553387
107.0548247847
98.2640375082
59.6783226394
59.8105721074
61.1838908855
63.8280676575
68.0720392666
74.5723241682
233.4661461360
269.0416207023
153.4271246392
213.2966303227
256.6060541391
412.2518534525
92.5096181336
90.3809884235
89.8993119523
91.9276256698
97.1372330577
106.4164669376
196.6260666185
1005.6053549954
721.1276284694
512.5277080069
678.9522009119
757.8561133626
739.2301428551
98.6943351663
81.1937816536
70.4946062686
64.3033415474
61.0082713003
53.6818901899
54.4578019103
57.7458777197
63.6474411275
71.7767984715
132.2978141778
580.8860679069
267.7847251597
341.3611564584
370.7057728641
558.8211645601
1252.9475756869
358.0924634657
548.7301055868
832.6983508727
625.9688653963
499.1011154624
707.8519223667
490.9702057202
591.5587747758
88.0930075795
70.7997161856
60.7158763340
55.5282935135
51.2178429114
51.6671420640
54.1660672720
58.6353698093
65.1320679224
74.2054535817
593.2456345291
572.5084801951
227.4211016286
516.5477462105
452.7202914751
387.7493652364
772.6275345128
562.3322547630
541.0207588542
475.5874150063
609.2729366036
588.1634224206
809.8175843811
97.7781220830
79.1160466687
65.9535216277
57.6492966475
53.0391598744
51.2821791058
51.7287675175
55.0740770871
61.5138085606
71.9639841650
569.2280237983
636.0032978188
312.1135962545
339.7142900033
550.6151052004
566.6616509414
302.0593302535
678.2027003249
870.2768007506
90.9193671860
72.9862803481
60.9279870081
54.0797534379
54.2193387575
55.2053885743
61.5590043615
147.8840215297
494.2904128523
449.2161913407
618.5025985421
704.7965590840
527.4289545849
412.0746735534
69.9691410999
58.7874973070
61.0739141748
65.4609833346
365.3803634172
833.3730034759
657.9880357729
70.1349866280
73.7814149003
51.2178429114
1478.2522497343