5.2792577307
5.1797012467
5.2019965026
5.3250126587
5.5489934745
5.8899353404
9.2757628072
7.0436864777
6.9116303422
7.3762901495
8.5213399035
6.5307139829
6.3785734039
6.2649445775
6.2696840428
6.4437451824
6.8409544777
7.5438141900
8.6861564963
15.0307445908
35.2576263276
42.7366602760
30.7859206069
33.1479146992
93.1318409282
39.5806007864
8.4577864235
6.9549597584
6.0597719350
5.5461250726
3.3397375242
3.3464125314
3.4230011304
3.5710375064
3.8088471816
4.1728863281
13.0239997851
15.0376817428
8.6230171996
11.9143824435
14.3738778772
22.9956829631
5.1646352620
5.0453848678
5.0188860013
5.1330647879
5.4255205712
5.9463616536
10.9669439468
55.9676681517
40.1939401121
28.5795385226
37.8533802478
42.1803261531
41.2941433524
5.5458276588
4.5584568074
3.9532181926
3.6025303685
3.4155970265
3.0181076892
3.0638798207
3.2536164328
3.5924220824
4.0533961681
7.4161445877
32.3269680008
14.9449817209
19.0162262768
20.6384253781
31.0772200447
465.7764216514
19.9275203613
30.5180160660
46.2918684956
34.8283392909
27.7927748763
39.3923944706
27.3552264807
32.9263569568
4.9567531489
3.9840975149
3.4149612195
3.1218417698
2.8857490469
2.9130011066
3.0568330430
3.3117081103
3.6782105275
4.1848038989
33.0365349513
31.8681469966
12.6871541026
28.7521523467
25.1984582556
21.5857128205
42.9765165093
31.2964579009
30.1248548586
26.4929396252
33.9261947280
32.7751897780
45.0735000740
5.4957683069
4.4524472010
3.7140804526
3.2469757292
2.9875130066
2.8905424926
2.9172873979
3.1071076433
3.4688439331
4.0515136432
31.7324917265
35.4269535580
17.4079588783
18.9380616165
30.6796279239
31.5794762624
16.8526930850
37.8099520354
48.4866010228
5.1075035875
4.1062300654
3.4310558445
3.0469235595
3.0542061206
3.1104068062
3.4660664284
8.2725309821
27.5763677684
25.0529722224
34.4950454996
39.3103824818
29.4278541909
22.9998430238
3.9344943378
3.3094837327
3.4358060548
3.6806617453
20.3964155387
46.4965572194
36.7192654967
3.9414072148
4.1435291020
2.8857490469
465.7764216514