692.4459617399
688.0784555406
696.1999090088
715.2361711044
745.7988777408
789.9402096176
1070.2426793437
899.0511176348
918.4936038405
934.1927464609
1050.1880062801
887.0568973545
869.7932674733
855.3980564003
854.3793813352
873.1815396128
917.7213552438
996.2555372794
1121.4098130937
1871.0199174913
3566.3728678924
3799.3588975876
2794.0863494089
3607.2768294848
6204.7714361123
3312.9638380580
972.0068709991
836.9177608908
757.3814546928
713.2134431838
465.1303363162
466.5836256797
477.0065365684
496.7265791189
528.2341196734
576.5744780476
1760.3988132576
1971.0028060174
1089.2646368572
1593.2736747216
1846.0132631156
3069.0593197055
730.6644460422
716.9352421773
714.2553795837
729.6743004571
768.2728167643
836.0401654469
1535.9185989223
7747.6514026966
5466.9832587198
3909.6433037731
5130.0748964345
5931.3408158827
5385.5910803370
738.9776573585
614.7805689960
539.9598718525
496.8828620343
474.0899350468
405.9904470105
409.5401485749
429.2873839314
466.7841920801
524.6218173992
1016.0038387057
4629.7423081375
2067.0143343098
2703.9860639240
2930.3995456011
4445.9629227216
1117.8992043465
2906.4128680513
4465.4333586634
6727.1868155899
5037.7012584300
3986.5304914328
5688.5536107350
3964.1855542428
4697.7694444476
656.7946177830
529.5487335052
457.0840953766
419.9353231741
382.5992087608
384.0612021518
399.8030178784
430.5492315480
479.6724039628
554.1175854548
4887.3466244594
4685.7751528389
1825.3033502402
4243.9708890379
3710.3254521208
3175.8630637808
6374.2511643914
4630.5068927301
4458.0388835034
3904.6425718815
5003.7036195652
4851.8083367871
6660.2398263134
739.8503712848
593.2124935111
492.9817924068
431.1222441255
396.8853977954
383.3303864398
385.3789713911
409.7319491462
460.4946170674
547.5928803244
4749.0590030205
5296.4676352626
2580.9243643806
2809.5875491274
4590.6264243099
4726.5099533123
2483.7083422684
5665.7977577757
7268.6667093204
696.9222903281
552.2598366658
457.8926121333
405.2601130719
408.8774963274
416.3356307882
468.1230063395
1197.6219660524
4141.8367742785
3754.0230902244
5194.2484236225
5925.7277272299
4414.2635041180
3435.0769770389
534.7724837416
445.1237174999
467.3999038891
504.6006796841
3052.5043672168
7037.4929069916
5542.4838842111
541.4600089568
575.0778418960
382.5992087608
7747.6514026966