5.7183940228
5.6111534614
5.6354216393
5.7684144604
6.0103963358
6.3785959378
10.0240578494
7.6254457436
7.4816067620
7.9839462599
9.2140986691
7.0735353200
6.9102721356
6.7883607515
6.7939305769
6.9820290232
7.4107123701
8.1687729126
9.4000598084
16.2288829765
38.0093915079
46.0982704107
33.1978317270
35.6986419845
100.7719110886
42.6877885457
9.1466380534
7.5257359467
6.5601733860
6.0061668579
3.6197705587
3.6269687935
3.7097437903
3.8697623554
4.1268194884
4.5202699661
14.0647982557
16.2236289017
9.3090332799
12.8667036541
15.5057586934
24.8100930029
5.5975092747
5.4698160130
5.4419362869
5.5657704400
5.8819696800
6.4444773831
11.8687519247
60.4551770211
43.3982224404
30.8719408278
40.8608484434
45.6043857478
44.5159058574
6.0029941939
4.9365094864
4.2826850928
3.9037812102
3.7017701194
3.2698187935
3.3191778339
3.5241354058
3.8903203420
4.3890406749
8.0314550069
34.9942680548
16.1581368379
20.5838081427
22.3324064473
33.6298397823
462.5783167318
21.6052756716
33.0881865662
50.1482369584
37.7314388283
30.1033000556
42.6751794759
29.6647448171
35.6363503146
5.3660000994
4.3142135764
3.6989309536
3.3820324117
3.1261963531
3.1555885527
3.3111370984
3.5870260432
3.9842349868
4.5340185044
35.8801427575
34.5798026245
13.7564126685
31.2101960245
27.3473185724
23.4289967532
46.6558086798
33.9813934668
32.7152747533
28.7732359279
36.8385598962
35.6191275640
48.9333170746
5.9531695471
4.8222434591
4.0226706276
3.5171245263
3.2363576487
3.1319656313
3.1609408610
3.3667537290
3.7594315496
4.3927437935
34.5282789995
38.5233172196
18.9308022982
20.5884544844
33.3726208399
34.3590725339
18.3210277519
41.1533308972
52.7522763976
5.5369367862
4.4497584147
3.7176033185
3.3013715735
3.3105814040
3.3717872736
3.7584811968
8.9919287871
30.0352298293
27.2745846733
37.5701190476
42.8220517152
32.0467492039
25.0449722641
4.2660924678
3.5874650784
3.7263823297
3.9932175237
22.2157051246
50.6894589007
40.0248560904
4.2758962755
4.4972887911
3.1261963531
462.5783167318