0.3489228778
0.3498086743
0.3524069636
0.3564556411
0.3617916042
0.3682915763
0.3769927540
0.3831829108
0.3897597914
0.3952623651
0.4003923265
0.4036597348
0.4079407438
0.4127100947
0.4181167833
0.4241181171
0.4304707275
0.4367000524
0.4421320799
0.4496946646
0.4599460271
0.4574052221
0.4419497728
0.4324104953
0.4356791811
0.3985906660
0.3710648967
0.3605989285
0.3538188037
0.3501091768
0.2502593760
0.2502233728
0.2524752376
0.2569402416
0.2637057948
0.2729516283
0.2951077391
0.3073446405
0.3116492486
0.3275129321
0.3369668380
0.3571824208
0.3450739602
0.3531581113
0.3613994061
0.3697810601
0.3781202224
0.3859040376
0.4037259819
0.4995399582
0.4559279022
0.4302729121
0.4217342179
0.4622642245
0.3625253415
0.3011805006
0.2814800455
0.2675981435
0.2583793572
0.2528305404
0.2154766417
0.2152609901
0.2194808660
0.2284777793
0.2432664741
0.2878937138
0.4603820580
0.3324334088
0.4045714112
0.4155435506
0.4870980709
0.0423181831
0.6092899421
0.7923856341
0.8014820740
0.7881723139
0.6482283675
0.7747427390
0.9094984785
0.4796596224
0.2820759859
0.2506330901
0.2314219636
0.2204782265
0.2103722541
0.2098319461
0.2148589391
0.2262254975
0.2459688998
0.2774674712
1.8272214313
1.1591809265
0.5188367176
1.3291705637
1.1230930828
1.0022705888
1.9731354041
1.6698262098
1.8701389069
1.8121283448
1.8918564467
2.8937003858
2.0891792783
0.3595359668
0.2946134177
0.2544772696
0.2304302827
0.2167610309
0.2277787157
0.2284183406
0.2421572237
0.2737332521
0.3338164254
4.5444553655
3.6647896546
2.1516940899
2.0052697970
3.8806692882
4.4566674092
2.0178122871
6.4030813258
6.3134138008
0.4363750789
0.3286123960
0.2700124009
0.2401495604
0.2726841729
0.2800838863
0.3276174104
1.1146715013
6.2929295394
4.6868504750
7.7712279386
9.5676231417
6.6893591644
5.1963805673
0.3803382822
0.3007663137
0.3625027397
0.4119875728
4.9781536621
14.5051340455
11.3216846636
0.4483413170
0.5294482933
0.0423181831
14.5051340455