229.8832776773
227.3124902463
229.2714733031
235.0900409019
244.8867530737
259.3252272071
371.6594450993
299.1250406569
301.9848304042
312.1635705830
354.0651350336
289.8473709311
284.1249407275
279.5996659222
279.6407149186
286.3738906027
301.8613909371
329.0685885479
372.6218350931
622.1818088684
1291.9540596220
1437.7670691229
1068.1314898104
1261.1318399564
2630.5914311352
1333.7695094508
338.8915145864
286.8225149428
255.9603158008
238.5247050874
150.9579216556
151.3557588045
154.7147901675
161.1280004880
171.3951227486
187.1157435547
563.5839242055
636.6419234823
361.1827550120
513.4533430551
602.6762877508
982.3845948867
235.5021565680
231.0774659823
230.3082041022
235.4050620869
248.0053278956
270.0874514159
491.8193493132
2457.3544468528
1743.0489608604
1247.6065129069
1635.4898698101
1881.1307593698
1730.8191324556
242.1480358915
201.0629740317
176.1045251306
161.6800336325
154.0154755495
133.3163037853
134.7958381671
141.9334239120
155.1302201747
174.4450525258
329.6078750745
1469.3137461260
659.5692438445
860.1487598678
930.9056433846
1408.4459612372
1445.7186850881
926.2376443574
1420.9512707257
2133.9257527673
1602.7495585365
1270.7571978209
1810.2056326738
1269.0219130345
1492.4090361472
215.8960509673
174.1596445621
150.1620691382
137.8378871376
126.3377376786
127.0943147142
132.6879835288
143.1872973562
159.3113218132
183.0054922164
1566.7673104604
1496.4026887631
584.9224459758
1356.9202119566
1185.6920875178
1015.7074197979
2035.7907960518
1481.7757494356
1429.5038826935
1254.1783884640
1604.2551427459
1562.4656388736
2131.2016846418
242.6054902929
195.1528202212
162.4617297443
142.1537238337
130.9145601552
126.7179130956
127.6025980751
135.7889944003
152.3271669121
180.2003761436
1535.0669218210
1705.2625503688
833.9843364157
906.0624547185
1480.9262328507
1526.7490235958
803.2658596669
1834.0630486228
2345.5686817138
228.4680945186
181.6589255723
150.9632016961
133.7906261062
134.9759959564
137.5125731331
154.3186646133
389.6789816627
1345.5767637387
1216.9417167347
1686.0538432352
1925.0931580607
1434.1408522382
1116.9869691246
175.8117639197
146.7122007775
153.8623984062
165.8999689760
993.2622358056
2292.3015130280
1805.9676853788
177.8564538827
188.6690458163
126.3377376786
2630.5914311352