1.2424766424
1.2171715061
1.2213622968
1.2498116500
1.3024608724
1.3831029599
2.2155907575
1.6636031123
1.6253260018
1.7437808144
2.0201768052
1.5312225887
1.4945228995
1.4673538758
1.4686344300
1.5104624727
1.6057992935
1.7747020380
2.0498842492
3.5701295476
8.5482717291
10.4503714554
7.5208399798
7.9819977133
23.1459532512
9.7326585270
2.0215739423
1.6537899021
1.4345382187
1.3084391241
0.7800882931
0.7815565882
0.7995600713
0.8344351686
0.8904952139
0.9763085952
3.0695404482
3.5574027445
2.0425213668
2.8094122333
3.4054470853
5.4322796206
1.2044166265
1.1755559530
1.1689079077
1.1956374769
1.2645981684
1.3877900645
2.5668565494
13.1579528084
9.4702072273
6.7247689834
8.9246450897
9.8866830757
9.7880903785
1.3040975784
1.0698321028
0.9260075700
0.8426400009
0.7981801877
0.7080253162
0.7193487854
0.7651796444
0.8465305127
0.9557570527
1.7385279771
7.5484117528
3.5089044478
4.4438814105
4.8261479641
7.2611490322
287.7979885621
4.6309942479
7.0905807255
10.7791297549
8.1114586550
6.4811466394
9.1771020153
6.3589309672
7.6925786781
1.1659467337
0.9364741578
0.8017890519
0.7324012316
0.6780531883
0.6849249191
0.7194655482
0.7800458298
0.8660725007
0.9835132016
7.6432576072
7.3897718676
2.9527675215
6.6594637973
5.8403204635
5.0033380970
9.9471109070
7.2436463755
6.9679920655
6.1312990330
7.8541092551
7.5724551264
10.4354947643
1.2893755771
1.0459675250
0.8728118256
0.7629043109
0.7018239009
0.6789484147
0.6855383048
0.7302707725
0.8145326976
0.9489861287
7.3056636060
8.1674083051
4.0164951401
4.3712650491
7.0673756867
7.2719562519
3.8927847258
8.6985459225
11.1641663213
1.1950728677
0.9628299397
0.8053387980
0.7154486603
0.7162351276
0.7293631111
0.8116427919
1.9152502147
6.3342394035
5.7615350913
7.9200181543
9.0214626362
6.7609569946
5.2884419571
0.9206936463
0.7756319414
0.8036053211
0.8597603952
4.6864680267
10.6522789938
8.4167461598
0.9204670649
0.9658864672
0.6780531883
287.7979885621