3.3866373334
3.3259458276
3.3415946339
3.4205167061
3.5629901031
3.7790465242
5.8678734097
4.5135562048
4.4248825694
4.7220233872
5.4228738862
4.1948255176
4.1013263694
4.0312720244
4.0350212465
4.1448962275
4.3946447338
4.8353688270
5.5493564626
9.4985818336
22.0153274703
26.8071234346
19.2352444739
20.6288662314
59.1330022470
24.4995763630
5.3635026975
4.4281864227
3.8711626290
3.5519078979
2.1534090355
2.1576925874
2.2064548538
2.3007110948
2.4521018162
2.6837348414
8.2631614979
9.4916978310
5.4499446129
7.5566613716
9.0620567714
14.5292234761
3.3317453961
3.2590838731
3.2441724092
3.3179144767
3.5043048976
3.8346161418
7.0330062507
35.5926536741
25.4973551543
18.1730810974
23.9912161100
26.9531658589
25.9762968303
3.5519165131
2.9261238866
2.5425330945
2.3201585688
2.2015539645
1.9407628525
1.9692120326
2.0888747838
2.3034169282
2.5976051059
4.7655749788
20.7759781601
9.5421529490
12.2135949338
13.2373976162
19.9429293718
357.9948442034
12.8951353551
19.7507284155
29.8544403404
22.4651479828
17.9045462299
25.4024101783
17.7111188519
21.1463228646
3.1761158711
2.5559006415
2.1936728699
2.0070939802
1.8543180937
1.8711584274
1.9624209990
2.1252237504
2.3613014872
2.6904689592
21.5296357920
20.6941982635
8.2076578896
18.7002391763
16.3731974081
14.0288860658
27.9681329752
20.3739686985
19.6312934664
17.2610566272
22.0874022336
21.4078738256
29.3309187255
3.5321216506
2.8587723353
2.3846783218
2.0856530777
1.9196715295
1.8587906045
1.8757297388
1.9980052729
2.2328420171
2.6138546872
20.8311072878
23.2027821235
11.3970371403
12.3873382845
20.1156757401
20.7213770636
11.0185706165
24.8430547711
31.8123590251
3.2941441529
2.6431105939
2.2068062800
1.9594755488
1.9676332212
2.0045026070
2.2370780743
5.4014374886
18.1672496096
16.4769506718
22.7293464213
25.9206657042
19.3765980651
15.1349993868
2.5390864557
2.1328335394
2.2196591424
2.3814214064
13.4352314937
30.7362255219
24.2595921536
2.5497664669
2.6863235103
1.8543180937
357.9948442034