25.3881524742
24.9135298343
25.0230155307
25.6155814188
26.6926354349
28.3309712264
44.5195566150
33.7914434967
33.2401208313
35.3951769921
40.8866735596
31.4184633975
30.6889351851
30.1433360434
30.1655351487
31.0001820179
32.9052527168
36.2758043155
41.7523995857
72.2158129126
168.8721205956
203.0523590009
147.0668069379
159.0127985192
436.0250518322
189.7132331828
40.6021095167
33.4079354694
29.1227117017
26.6644331782
16.0722348135
16.1049457691
16.4735006462
17.1853925196
18.3287902050
20.0791149287
62.6380960042
72.3015358790
41.4443431812
57.2981793532
69.0956197130
110.5778747107
24.8610779465
24.2892709973
24.1626750561
24.7118204413
26.1173531096
28.6196502806
52.7632041265
269.1786727781
193.2864129047
137.4301606275
182.0036427915
202.8783090389
198.4963536858
26.6603655239
21.9201461314
19.0154325478
17.3326442463
16.4358399791
14.5118290609
14.7305487279
15.6391704733
17.2624816323
19.4740007163
35.6552477928
155.5213137395
71.8555464759
91.4753537428
99.2860594143
149.5260487508
756.7450921576
95.9289724466
146.9240603677
222.8056081931
167.6296088132
133.7436028361
189.5749434028
131.6860612933
158.4040980252
23.8228726495
19.1498343038
16.4170962666
15.0100331800
13.8703348499
14.0000752199
14.6890927265
15.9114378414
17.6715819454
20.1081688410
159.1458989640
153.4506569425
61.0555490193
138.4768899055
121.3537466108
103.9661303568
207.0214571170
150.7617319621
145.1282879208
127.6408168651
163.4310143898
157.9588686934
217.1115371346
26.4228656307
21.4016809836
17.8510883567
15.6062814633
14.3596618732
13.8933668915
14.0209101925
14.9324027532
16.6721330394
19.4785448529
153.0357140559
170.7919403434
83.9185505060
91.2800281616
147.9385984706
152.3026188686
81.2306496275
182.3914801195
233.8310820184
24.5666122198
19.7429911539
16.4934364424
14.6457524874
14.6836692824
14.9537398969
16.6667235731
39.8587629259
133.0867208208
120.8717006921
166.4777154133
189.7507698506
142.0135011042
110.9846021268
18.9236543149
15.9128648502
16.5258452324
17.7070290477
98.4343044546
224.5597648864
177.3218021978
18.9634621340
19.9421704905
13.8703348499
756.7450921576