0.1450501196
0.1419508847
0.1423429445
0.1455957455
0.1516909022
0.1610677694
0.2604744423
0.1949521159
0.1892821362
0.2043190967
0.2367746515
0.1781395441
0.1738693137
0.1707389892
0.1709400123
0.1758837134
0.1870956133
0.2069434766
0.2392953694
0.4163810715
1.0113117731
1.2566475467
0.8980559699
0.9368062638
2.8759289582
1.1624094081
0.2380754298
0.1942154577
0.1680500855
0.1529747415
0.0906476940
0.0908040316
0.0928889252
0.0969389353
0.1034530574
0.1134197773
0.3553788672
0.4123535647
0.2377858141
0.3255992980
0.3953739107
0.6286926738
0.1397032810
0.1363616881
0.1356065365
0.1387266236
0.1467499133
0.1610750614
0.2973302901
1.5206499343
1.0955736091
0.7783146497
1.0325527383
1.1428397201
1.1336900418
0.1519042747
0.1245623621
0.1077438369
0.0979856138
0.0927756717
0.0825314858
0.0838931849
0.0893274831
0.0989406613
0.1117386079
0.2021563353
0.8728141987
0.4064143339
0.5142260600
0.5581652377
0.8391149612
220.3843867392
0.5358037308
0.8200297429
1.2458064391
0.9381364296
0.7499613493
1.0614854056
0.7365079350
0.8895614060
0.1359394020
0.1092050108
0.0934768761
0.0853680977
0.0791540462
0.0799940978
0.0840838928
0.0912128862
0.1012615849
0.1148807058
0.8854868570
0.8554453112
0.3422664009
0.7710582113
0.6761284831
0.5793270501
1.1511937602
0.8387341522
0.8071783347
0.7105732660
0.9098199070
0.8780893255
1.2082965289
0.1502499937
0.1219872914
0.1018404265
0.0890308249
0.0819102193
0.0792865835
0.0800874524
0.0853368822
0.0951572938
0.1107497889
0.8479642807
0.9470678327
0.4662368302
0.5071166679
0.8198522783
0.8438316663
0.4518996846
1.0099034059
1.2951111511
0.1392570088
0.1122946597
0.0939834121
0.0835225253
0.0836183688
0.0851667524
0.0947404434
0.2227591182
0.7361335337
0.6692147338
0.9201892924
1.0483553521
0.7857034851
0.6147345622
0.1073705376
0.0905151017
0.0937564886
0.1002839702
0.5448982821
1.2387701871
0.9788802583
0.1073252061
0.1125917089
0.0791540462
220.3843867392