25.0408710657
24.5788198497
24.6888698847
25.2723494357
26.3307990444
27.9393646955
43.7417554812
33.3169855318
32.7573934296
34.8907978374
40.2347317693
30.9922439106
30.2830103538
29.7527658496
29.7774735700
30.5972870450
32.4647616130
35.7653734696
41.1229369407
70.8690783161
165.2832314257
199.0849198264
144.0484259022
155.4192899214
428.7093559863
185.3224531315
39.9165511400
32.8814934615
28.6910568033
26.2876754179
15.8740804095
15.9061924859
16.2685399646
16.9685515499
18.0928119334
19.8134198443
61.4885655792
70.8792917644
40.6826969375
56.2571177458
67.7356135236
108.4019063101
24.5530034996
23.9993205783
23.8803382408
24.4232863748
25.8057745705
28.2625902266
51.9809231848
264.3211600906
189.6819008236
134.9754000878
178.5571683664
199.5223684822
194.3268212549
26.2735118481
21.6187347757
18.7659112090
17.1127558048
16.2314981143
14.3231999788
14.5372025290
15.4292718688
17.0244870497
19.2012934932
35.1600358714
153.2460741834
70.6655759927
90.1290830785
97.7767684202
147.2592257786
691.4159534304
94.7770689248
145.1517971503
219.8121642753
165.4113388419
131.9247338274
187.0478380456
130.1537799778
156.0575028337
23.4833130230
18.8854507950
16.1977961470
14.8137997243
13.6885122166
13.8153562860
14.4930533223
15.6972645474
17.4348728394
19.8456857156
157.6880808438
151.8084605178
60.3276150785
137.0892422987
120.0931840709
102.8941453352
204.9844849533
149.3136245884
143.8085656074
126.4805885365
161.8811146031
156.6974994095
214.9883430034
26.0733062633
21.1130780657
17.6112279471
15.3991828494
14.1710254106
13.7156394212
13.8412290359
14.7416948311
16.4639905139
19.2483624547
152.1536488232
169.6060453477
83.3443068241
90.6110368561
147.0005706005
151.3955851220
80.6374371168
181.4404789102
232.4117375850
24.2741412406
19.4953426728
16.2828128202
14.4583964834
14.5055153100
14.7740889222
16.4746299110
39.5578708442
132.5656006929
120.2894205728
165.8332783374
189.0849020626
141.4376288238
110.5075118170
18.7045777761
15.7214426536
16.3417407490
17.5189088627
98.0557251953
224.0587124543
176.8872266311
18.7612619340
19.7452878662
13.6885122166
691.4159534304