11.9088338340
11.6843287690
11.7349517822
12.0130235594
12.5191472606
13.2895084966
20.9355402088
15.8768853642
15.5978638777
16.6285644164
19.2213339857
14.7352642737
14.3905790822
14.1328807293
14.1428198857
14.5355027583
15.4325198773
17.0203675013
19.6017030198
33.9594634390
79.6046650973
96.1274653111
69.3950215543
74.9411638400
207.9350422935
89.4563901544
19.0837788831
15.6912125189
13.6704651658
12.5110810842
7.5330387463
7.5482645260
7.7213290668
8.0557156286
8.5928550991
9.4152111936
29.4441661053
34.0038283708
19.4820297557
26.9298686490
32.4971351849
52.0070774758
11.6515159089
11.3808659646
11.3200901700
11.5774091562
12.2377400627
13.4144324610
24.7613342441
126.5274104943
90.8750969218
64.5940357677
85.5884683652
95.3010803520
93.4187265788
12.5137183061
10.2840278657
8.9175952748
8.1260024917
7.7041393339
6.8064637847
6.9096556605
7.3374705148
8.1013919832
9.1410311923
16.7326083189
72.9905999285
33.7590962735
42.9352610999
46.6098493646
70.1904152446
630.1748670017
44.9570506998
68.8556128204
104.4957396920
78.6058108091
62.7307563397
88.9068824840
61.7021289730
74.3514292297
11.1820186516
8.9864848007
7.7019790032
7.0405301827
6.5070571898
6.5684009040
6.8925715800
7.4670403339
8.2931395056
9.4349785063
74.4636165858
71.8641943603
28.6169200202
64.8252266823
56.8193703595
48.6761363071
96.8967297037
70.5543492219
67.8963869024
59.7138203998
76.4772690821
73.8479788477
101.6172342932
12.3948602584
10.0416649007
8.3758965039
7.3220474830
6.7366760791
6.5169792263
6.5770887952
7.0047321260
7.8196931756
9.1322183835
71.4492660259
79.8007575952
39.2065991261
42.6585249304
69.0905935704
71.1117530287
37.9596243110
85.1191833845
109.1844052407
11.5149791903
9.2583456595
7.7360221147
6.8697334391
6.8848747475
7.0112012549
7.8120622416
18.6319471263
62.0560272801
56.3941693010
77.6224676167
88.4521942088
66.2226335387
51.7621918545
8.8688851249
7.4604176278
7.7435156216
8.2943736620
45.8959953051
104.5874780902
82.5973557646
8.8824571270
9.3362265754
6.5070571898
630.1748670017