0.0055426439
0.0054010863
0.0054037763
0.0055232916
0.0057576289
0.0061242502
0.0104047454
0.0075292118
0.0072356790
0.0079090624
0.0092786263
0.0067430936
0.0065645604
0.0064362303
0.0064444070
0.0066446601
0.0070994208
0.0079083678
0.0092369427
0.0164626496
0.0420403786
0.0531232942
0.0378655334
0.0386066165
0.1251657801
0.0498179202
0.0094966914
0.0076383906
0.0065281615
0.0058853741
0.0033895851
0.0033944832
0.0034744991
0.0036307256
0.0038824119
0.0042676730
0.0137655433
0.0161829812
0.0093506034
0.0126287219
0.0155808483
0.0245727905
0.0052016474
0.0050600955
0.0050239022
0.0051410126
0.0054509644
0.0060106386
0.0112312715
0.0584755218
0.0424282349
0.0299915748
0.0400835196
0.0434441423
0.0448045321
0.0058060259
0.0047298242
0.0040656433
0.0036801285
0.0034741866
0.0031258701
0.0031846218
0.0034069934
0.0037946576
0.0042939861
0.0076481042
0.0327239625
0.0155284827
0.0193262357
0.0210348228
0.0315519405
48.0618398892
0.0197374392
0.0301757914
0.0462324562
0.0348215569
0.0279541844
0.0394674744
0.0271275507
0.0334124764
0.0051980387
0.0041643000
0.0035509358
0.0032344584
0.0030112118
0.0030487533
0.0032134501
0.0034930863
0.0038739558
0.0043713886
0.0320225640
0.0312288211
0.0126556195
0.0280101600
0.0246473846
0.0211028587
0.0417343770
0.0304047846
0.0291742286
0.0257212254
0.0329953350
0.0315626035
0.0438480327
0.0056952918
0.0046422555
0.0038787007
0.0033880976
0.0031148313
0.0030119446
0.0030457944
0.0032463694
0.0036091601
0.0041679806
0.0300543566
0.0337688284
0.0166650794
0.0181697981
0.0291394181
0.0299376065
0.0162212581
0.0356933305
0.0459376632
0.0052281411
0.0042449681
0.0035638737
0.0031703915
0.0031593175
0.0032162967
0.0035614156
0.0080525434
0.0258286669
0.0236064615
0.0322488370
0.0366665919
0.0275978166
0.0216499878
0.0040297291
0.0034139555
0.0035112125
0.0037388302
0.0191363704
0.0430009249
0.0340446064
0.0039995300
0.0041685430
0.0030112118
48.0618398892