0.0033693296
0.0032880547
0.0032923217
0.0033661377
0.0035085657
0.0037301136
0.0062365241
0.0045615585
0.0043999115
0.0047878406
0.0055968535
0.0041133508
0.0040074642
0.0039307751
0.0039353948
0.0040548401
0.0043262760
0.0048085589
0.0055989141
0.0099124673
0.0249037060
0.0312665967
0.0223069951
0.0229346419
0.0729499780
0.0291623057
0.0056925141
0.0045994940
0.0039468184
0.0035695526
0.0020756673
0.0020788982
0.0021275505
0.0022223513
0.0023749867
0.0026086192
0.0083484364
0.0097685305
0.0056385608
0.0076553029
0.0093975765
0.0148647637
0.0031905568
0.0031067624
0.0030859137
0.0031574855
0.0033454627
0.0036838578
0.0068641353
0.0355684576
0.0257442989
0.0182220452
0.0242917831
0.0264884147
0.0270237836
0.0035308902
0.0028822035
0.0024823701
0.0022503527
0.0021264512
0.0019059009
0.0019402474
0.0020724546
0.0023040303
0.0026056484
0.0046678444
0.0200552701
0.0094625578
0.0118379821
0.0128661181
0.0193181182
39.9038763261
0.0121568226
0.0185754119
0.0284102598
0.0213991901
0.0171621625
0.0242395593
0.0166915707
0.0204286838
0.0031602031
0.0025337636
0.0021631120
0.0019719256
0.0018331577
0.0018548556
0.0019532531
0.0021217685
0.0023539388
0.0026609954
0.0198144464
0.0192713617
0.0077832132
0.0173239477
0.0152237905
0.0130290175
0.0258189910
0.0187899390
0.0180653940
0.0159170901
0.0203994454
0.0195623961
0.0270972669
0.0034716518
0.0028261518
0.0023606129
0.0020624894
0.0018965328
0.0018342709
0.0018541550
0.0019760181
0.0021989386
0.0025457988
0.0187185508
0.0209751183
0.0103474336
0.0112704184
0.0181120428
0.0186214564
0.0100579448
0.0222245332
0.0286112473
0.0031961390
0.0025894142
0.0021717505
0.0019313012
0.0019271833
0.0019621758
0.0021758598
0.0049767783
0.0161249693
0.0147075800
0.0201335492
0.0229022514
0.0172220351
0.0135066753
0.0024634193
0.0020837103
0.0021476630
0.0022900653
0.0119440076
0.0269239655
0.0213073477
0.0024501654
0.0025587494
0.0018331577
39.9038763261