0.0273062256
0.0266537416
0.0266829057
0.0272656847
0.0283933848
0.0301479267
0.0500945951
0.0368034933
0.0354672596
0.0386362609
0.0450009346
0.0332468720
0.0324361181
0.0318575057
0.0319170453
0.0328788879
0.0350363657
0.0388511708
0.0450838889
0.0786877134
0.1976388554
0.2492756926
0.1781808767
0.1811802674
0.5847153974
0.2333074568
0.0458373728
0.0371247550
0.0319185769
0.0289068402
0.0168536564
0.0168777287
0.0172643292
0.0180191495
0.0192343452
0.0210915009
0.0657600073
0.0768456875
0.0448965686
0.0605022916
0.0741157439
0.1165027025
0.0258475330
0.0252214912
0.0250850686
0.0256710355
0.0271692026
0.0298434935
0.0547937639
0.2790866835
0.2020295137
0.1434581236
0.1904726479
0.2092176309
0.2108653197
0.0284254539
0.0232773468
0.0200975503
0.0182491629
0.0172602945
0.0154571507
0.0157317740
0.0167913345
0.0186484119
0.0210660283
0.0375168873
0.1594749750
0.0748252382
0.0942020484
0.1022113428
0.1532618150
51.9475269126
0.0980092182
0.1498037378
0.2272330940
0.1715460194
0.1373856352
0.1940929977
0.1351682093
0.1626774297
0.0254836997
0.0204775764
0.0175154165
0.0159861314
0.0148743885
0.0150488157
0.0158416956
0.0172022763
0.0190823425
0.0215799857
0.1625855494
0.1566077523
0.0629076141
0.1413112668
0.1238793323
0.1062119302
0.2107447580
0.1538136485
0.1482902021
0.1307587176
0.1671128375
0.1619787765
0.2215214904
0.0281179881
0.0228775944
0.0191197499
0.0167195580
0.0153844589
0.0149108505
0.0150735962
0.0160680828
0.0178968647
0.0207649833
0.1570808547
0.1746782364
0.0863163878
0.0936829714
0.1515738929
0.1562381013
0.0837237179
0.1874788375
0.2394955074
0.0260614359
0.0210605599
0.0176504968
0.0156972158
0.0157161921
0.0160107198
0.0177897714
0.0414830450
0.1372900546
0.1244383156
0.1714871663
0.1956044410
0.1465420591
0.1147319796
0.0201354464
0.0169987570
0.0175978284
0.0188090607
0.1018047325
0.2320935409
0.1834319783
0.0201222933
0.0210985137
0.0148743885
51.9475269126