0.5269703840
0.5157199612
0.5171963477
0.5291058894
0.5513900975
0.5856627269
0.9484703467
0.7077675598
0.6887888558
0.7420479718
0.8614134218
0.6477204983
0.6319530823
0.6203587546
0.6209755079
0.6389560616
0.6798727477
0.7523978249
0.8707213455
1.5214911642
3.6911813825
4.5551277103
3.2663595026
3.4319085085
10.2769155384
4.2385076909
0.8657935397
0.7060050310
0.6107002738
0.5558066889
0.3292567587
0.3298441106
0.3374627392
0.3522473393
0.3760238650
0.4124158991
1.3006862838
1.5110255153
0.8692160494
1.1911723828
1.4483068157
2.3047107025
0.5077065044
0.4953041156
0.4924079006
0.5037148486
0.5329766691
0.5853295374
1.0837893732
5.5655484103
4.0116214411
2.8469908447
3.7818147160
4.1754219371
4.1609184261
0.5527049239
0.4529015110
0.3915544072
0.3559798982
0.3369984471
0.2997443590
0.3046927437
0.3244479621
0.3593908801
0.4059285117
0.7352711326
3.1816231028
1.4840176848
1.8743059553
2.0358820310
3.0610907127
465.5881871854
1.9473115808
2.9807177561
4.5359740127
3.4143501181
2.7303455108
3.8636512221
2.6749606276
3.2434543493
0.4943555489
0.3969225407
0.3396128472
0.3100757471
0.2873983400
0.2904384359
0.3052822351
0.3311538423
0.3676079995
0.4169810972
3.2070759944
3.1039310964
1.2431489634
2.7956180911
2.4525311418
2.1010840280
4.1735588191
3.0396632705
2.9233584975
2.5733037316
3.2966249128
3.1757005643
4.3798367200
0.5458707402
0.4432156219
0.3699503636
0.3233445659
0.2974329621
0.2877542272
0.2906360006
0.3096445243
0.3451867923
0.4015556616
3.0586432979
3.4211836334
1.6836962937
1.8325529288
2.9595104223
3.0446217655
1.6327264303
3.6406269659
4.6737028199
0.5052199311
0.4075853295
0.3411494979
0.3031548700
0.3032830433
0.3088406239
0.3434032247
0.8046837361
2.6493734956
2.4111028797
3.3117367441
3.7713904608
2.8282128040
2.2132871183
0.3893190671
0.3283002562
0.3397527495
0.3632227034
1.9607035672
4.4496551629
3.5168311974
0.3887904238
0.4075466736
0.2873983400
465.5881871854