0.0015644028
0.0015227023
0.0015224323
0.0015556064
0.0016215407
0.0017251796
0.0029680227
0.0021286916
0.0020402712
0.0022374823
0.0026338827
0.0018969312
0.0018458006
0.0018093679
0.0018119843
0.0018693418
0.0019992833
0.0022305051
0.0026108350
0.0046723022
0.0120909556
0.0153472641
0.0109340905
0.0110747301
0.0363847284
0.0144533602
0.0027084072
0.0021712482
0.0018501672
0.0016640214
0.0009512413
0.0009525189
0.0009750424
0.0010190911
0.0010900774
0.0011987076
0.0038770198
0.0045749587
0.0026531114
0.0035629410
0.0044157616
0.0069317186
0.0014568684
0.0014164266
0.0014060409
0.0014390069
0.0015264307
0.0016845067
0.0031464737
0.0164052696
0.0119322023
0.0084270827
0.0112777760
0.0121606782
0.0126738774
0.0016364761
0.0013316042
0.0011431997
0.0010337906
0.0009753142
0.0008802791
0.0008973446
0.0009611173
0.0010718738
0.0012132310
0.0021475575
0.0091328309
0.0043563762
0.0054015840
0.0058802866
0.0088086028
9.0796520546
0.0054952682
0.0083998423
0.0128813904
0.0097122136
0.0078057009
0.0110004031
0.0075635002
0.0093300970
0.0014658561
0.0011740502
0.0010004736
0.0009108705
0.0008491934
0.0008601958
0.0009072808
0.0009866931
0.0010938758
0.0012324583
0.0089097821
0.0086901167
0.0035317420
0.0077960929
0.0068560703
0.0058746493
0.0116040606
0.0084558426
0.0081207471
0.0071632296
0.0091833399
0.0087929806
0.0121964205
0.0016036649
0.0013085530
0.0010937480
0.0009553793
0.0008782696
0.0008494680
0.0008592886
0.0009159768
0.0010176474
0.0011731316
0.0083713893
0.0093972131
0.0046448767
0.0050600147
0.0081125643
0.0083374358
0.0045249612
0.0099460888
0.0127897099
0.0014706443
0.0011957245
0.0010045955
0.0008939392
0.0008903925
0.0009064328
0.0010028378
0.0022521432
0.0072067146
0.0065809521
0.0089947838
0.0102277592
0.0077015916
0.0060454981
0.0011342291
0.0009617884
0.0009882951
0.0010516075
0.0053441201
0.0120064045
0.0095096899
0.0011248363
0.0011713833
0.0008491934
9.0796520546