0.0027587470
0.0026924234
0.0026959346
0.0027562301
0.0028725415
0.0030534287
0.0050961752
0.0037340112
0.0036001934
0.0039188964
0.0045761419
0.0033673479
0.0032813921
0.0032191971
0.0032232145
0.0033207958
0.0035422437
0.0039354586
0.0045794913
0.0080859169
0.0203078946
0.0255429230
0.0182062672
0.0186827768
0.0597016037
0.0238143107
0.0046548092
0.0037627775
0.0032300866
0.0029221657
0.0017005389
0.0017031591
0.0017429037
0.0018203725
0.0019451089
0.0021359999
0.0068152687
0.0079708006
0.0046020094
0.0062494031
0.0076638704
0.0121166450
0.0026135348
0.0025457100
0.0025290956
0.0025877895
0.0027414036
0.0030176152
0.0056126763
0.0290070250
0.0209989747
0.0148732570
0.0198214018
0.0216497592
0.0220177314
0.0028892598
0.0023594773
0.0020328703
0.0018433084
0.0017420563
0.0015610029
0.0015890703
0.0016971825
0.0018866138
0.0021333943
0.0038226268
0.0164028594
0.0077244787
0.0096709270
0.0105202421
0.0157954728
34.0417332218
0.0099522387
0.0152236153
0.0232496111
0.0175276045
0.0140389868
0.0198412859
0.0136959761
0.0167152711
0.0025864899
0.0020742921
0.0017712934
0.0016149956
0.0015014038
0.0015191417
0.0015996597
0.0017376293
0.0019278529
0.0021796724
0.0162735253
0.0158012271
0.0063816729
0.0141992873
0.0124861642
0.0106883736
0.0211941827
0.0154274977
0.0148332301
0.0130614676
0.0167568923
0.0160693085
0.0222505150
0.0028432322
0.0023141930
0.0019330233
0.0016890543
0.0015532669
0.0015026251
0.0015189236
0.0016188291
0.0018017553
0.0020867224
0.0153892323
0.0172600487
0.0085050133
0.0092575952
0.0148849188
0.0153172427
0.0082673353
0.0182996772
0.0235194186
0.0026195579
0.0021215195
0.0017790904
0.0015820967
0.0015793673
0.0016081696
0.0017838066
0.0040943726
0.0132813272
0.0121115087
0.0165895035
0.0188770981
0.0141887530
0.0111193025
0.0020194688
0.0017077392
0.0017611186
0.0018784640
0.0098358338
0.0222131804
0.0175824174
0.0020097668
0.0020998858
0.0015014038
34.0417332218