151.5349673332
149.2767221308
150.2697562663
153.9909668102
160.4869476750
170.2122233958
256.1382178400
199.2129658169
199.1497197256
208.4998934509
239.1121427931
189.5032649156
185.3463268345
182.1435673531
182.1798664598
186.8955988195
197.7512490140
216.9284293173
247.9129151020
423.7962797283
936.5730899806
1074.9286286782
792.9846726715
900.3598644945
2101.5104109033
1010.8641489026
233.1547567154
194.3723099696
171.3294178983
158.2056520550
97.7052458046
97.9411389001
100.1647355486
104.4297606877
111.2678437603
121.7416882216
376.3228174035
430.4374059134
244.6536086618
343.3455191069
409.2360755092
661.5413641606
151.8919704123
148.6290306279
147.9401926734
151.2482056604
159.6383746214
174.5005334386
320.9422791072
1628.9534404252
1163.2426496675
828.7066100980
1093.8426290227
1234.4515381551
1178.7120547145
159.7013386961
131.8363804662
114.8486054962
105.0255802703
99.8024126547
87.2233371194
88.3659843267
93.4383618529
102.6442488592
115.6289119184
215.3963095059
952.5810470773
434.7305335584
558.8892795025
606.2716813749
915.3516067704
1382.3451068582
591.8926510032
907.4819642405
1372.1766802366
1030.9521031152
820.1939942534
1165.2518454394
811.0279005424
969.1350380342
142.4491794387
114.6302687396
98.5005874881
90.2097261752
82.9794289219
83.6129816798
87.5098470264
94.6103653490
105.1591413691
120.1999333730
987.6924952617
949.7823154837
374.9204514563
858.4477924364
751.5805059056
643.7615903316
1285.6334825082
935.5992233652
900.9316340522
791.2783118029
1013.2742062597
981.0605197642
1346.7329064027
158.8348269400
128.2159667790
106.8163009632
93.3968213912
85.9558240602
83.1261184265
83.7890275487
89.1855958916
99.7790162263
117.2373624950
954.5739498907
1064.5585367062
521.5720222815
567.4176322252
922.5835234919
950.0047375513
503.8587689606
1138.3882165516
1459.2980515804
148.3694218170
118.6620637241
98.8782553227
87.7068152394
88.1291590971
89.7466438342
100.3177411513
245.7023846062
831.5055893464
754.4282949784
1041.0995079169
1187.1811752039
886.9162408459
692.0493351706
114.1496678820
95.6518815745
99.7187143930
107.1214688001
614.2522847448
1407.2070650982
1110.1112969841
114.8082387604
121.1543579224
82.9794289219
2101.5104109033