5.6517743656
5.5471147347
5.5715133767
5.7026708485
5.9408763501
6.3030076218
9.8668274421
7.5329942113
7.3873095842
7.8859364041
9.0831843316
6.9917324064
6.8329154729
6.7143523605
6.7205456267
6.9056589271
7.3266431273
8.0702617257
9.2767466693
15.9519357272
37.2604529460
45.2682295611
32.5797809048
34.9324627911
99.3072471145
41.7740313159
9.0106535194
7.4224038075
6.4762702110
5.9335090488
3.5823692101
3.5894423383
3.6709678698
3.8286044154
4.0818289972
4.4693182575
13.8299605166
15.9274616930
9.1506648738
12.6531207770
15.2215272411
24.3596296871
5.5396573943
5.4159271706
5.3897535295
5.5124410535
5.8240540121
6.3773577973
11.7184027348
59.4796768759
42.6660995742
30.3793714687
40.1618273317
44.9503589465
43.6423677433
5.9273847443
4.8782307182
4.2349168653
3.8620029179
3.6631265157
3.2337162388
3.2821253225
3.4837699118
3.8443712216
4.3363015391
7.9376581338
34.5649993726
15.9231228348
20.3282928847
22.0433980324
33.1979179443
432.7246579042
21.3992358372
32.7709421378
49.5983284925
37.3251603849
29.7658369454
42.2094542525
29.3906010217
35.1942362628
5.2997558576
4.2629168046
3.6566695653
3.3444044979
3.0912680193
3.1200880622
3.2734137744
3.5457961068
3.9387855947
4.4840103779
35.6362965212
34.2953193017
13.6256535067
30.9733589043
27.1298479821
23.2442029741
46.3111570178
33.7346479367
32.4953357096
28.5792620119
36.5764757817
35.4140573167
48.5730601373
5.8859841617
4.7664555766
3.9763007969
3.4771904072
3.2000775264
3.0979269458
3.1265505395
3.3303222251
3.7199196191
4.3496614945
34.4008281822
38.3417311329
18.8410336917
20.4821030306
33.2315910839
34.2245262413
18.2252652487
41.0165402857
52.5421589613
5.4817320850
4.4024631303
3.6772235906
3.2654576056
3.2767539821
3.3377825343
3.7224792746
8.9417144047
29.9689474662
27.1942148598
37.4916076708
42.7473639473
31.9752710742
24.9808100605
4.2248273119
3.5511451412
3.6919539274
3.9584213644
22.1672550921
50.6505243601
39.9868720605
4.2383794633
4.4613337164
3.0912680193
432.7246579042