0.0000000002
0.0000000002
0.0000000002
0.0000000002
0.0000000002
0.0000000002
0.0000000002
0.0000000002
0.0000000002
0.0000000002
0.0000000002
0.0000000002
0.0000000002
0.0000000002
0.0000000002
0.0000000002
0.0000000002
0.0000000002
0.0000000002
0.0000000002
0.0000000002
0.0000000002
0.0000000002
0.0000000002
0.0000000002
0.0000000002
0.0000000002
0.0000000002
0.0000000002
0.0000000002
0.0000000001
0.0000000001
0.0000000001
0.0000000001
0.0000000001
0.0000000001
0.0000000001
0.0000000001
0.0000000001
0.0000000001
0.0000000001
0.0000000001
0.0000000001
0.0000000001
0.0000000001
0.0000000001
0.0000000002
0.0000000002
0.0000000002
0.0000000002
0.0000000002
0.0000000002
0.0000000002
0.0000000002
0.0000000001
0.0000000001
0.0000000001
0.0000000001
0.0000000001
0.0000000001
0.0000000001
0.0000000001
0.0000000001
0.0000000001
0.0000000001
0.0000000001
0.0000000001
0.0000000001
0.0000000001
0.0000000001
0.0000000002
0.0000000000
0.0000000002
0.0000000002
0.0000000002
0.0000000002
0.0000000002
0.0000000002
0.0000000002
0.0000000001
0.0000000001
0.0000000001
0.0000000001
0.0000000001
0.0000000001
0.0000000001
0.0000000001
0.0000000001
0.0000000001
0.0000000001
0.0000000002
0.0000000002
0.0000000002
0.0000000002
0.0000000002
0.0000000002
0.0000000002
0.0000000002
0.0000000002
0.0000000002
0.0000000002
0.0000000003
0.0000000002
0.0000000001
0.0000000001
0.0000000001
0.0000000001
0.0000000001
0.0000000001
0.0000000001
0.0000000001
0.0000000001
0.0000000001
0.0000000006
0.0000000003
0.0000000003
0.0000000003
0.0000000005
0.0000000007
0.0000000004
0.0000000013
0.0000000006
0.0000000002
0.0000000002
0.0000000001
0.0000000001
0.0000000001
0.0000000001
0.0000000002
0.0000000003
0.0000000028
0.0000000013
0.0000000035
0.0000000053
0.0000000032
0.0000000025
0.0000000002
0.0000000002
0.0000000002
0.0000000002
0.0000000029
0.0000000159
0.0000000125
0.0000000003
0.0000000003
0.0000000000
0.0000000159