10.5106225615
10.3117414956
10.3559917692
10.6011893867
11.0478193241
11.7278287685
18.4911693939
14.0160887138
13.7657926673
14.6801726430
16.9721924893
13.0026883392
12.6981668113
12.4706322185
12.4795309558
12.8264754789
13.6188861349
15.0216046475
17.3022221778
29.9829200020
70.3564852487
85.0242968537
61.3602254378
66.2158787671
184.1418316654
79.1056505056
16.8550149337
13.8553999603
12.0686368632
11.0433783661
6.6463135492
6.6597006802
6.8124193515
7.1075315191
7.5815967625
8.3073779566
25.9836581241
30.0139604870
17.1996218922
23.7669138406
28.6885912702
45.8999136587
10.2789325902
10.0398434390
9.9861145984
10.2131888032
10.7960048913
11.8346687231
21.8467175246
111.6368312161
80.1913912100
56.9976481458
75.5250907806
84.0777543872
82.4637745655
11.0438616682
9.0753589687
7.8688813283
7.1699291089
6.7974219717
6.0066228325
6.0979132655
6.4759610340
7.1508230956
8.0686763959
14.7646228139
64.3872332729
29.7875973205
37.8766216575
41.1179131646
61.9167564015
600.5490652324
39.6511724262
60.7285896360
92.1673427471
69.3353897343
55.3374811448
78.4222880615
54.4236019676
65.5867523994
9.8689802847
7.9310949730
6.7971398551
6.2131962244
5.7429359895
5.7972608227
6.0836546114
6.5909303716
7.3199737170
8.3270778971
65.6698336512
63.3803066978
25.2428877197
57.1697439419
50.1111648524
42.9289566100
85.4518300617
62.2216103521
59.8782190476
52.6636581693
67.4487253682
65.1269876483
89.6151641499
10.9383131439
8.8622402014
7.3922968476
6.4621859282
5.9455290446
5.7516934560
5.8048699315
6.1823583356
6.9013519105
8.0588249272
63.0061443108
70.3679648580
34.5768517234
37.6199807297
60.9276866249
62.7085088830
33.4783708181
75.0620716789
96.2843150161
10.1609676202
8.1704452919
6.8273360656
6.0629246210
6.0760322324
6.1875104550
6.8938812849
16.4343950289
54.7233432825
49.7317704170
68.4486344023
77.9967371483
58.3985275761
45.6478158538
7.8262216972
6.5837768266
6.8331018281
7.3188144190
40.4737749378
92.2232905566
72.8354198421
7.8376504474
8.2374808416
5.7429359895
600.5490652324