0.1112250639
0.1086162266
0.1087491804
0.1111102548
0.1156647229
0.1227407571
0.2026935186
0.1494939998
0.1442063477
0.1569266734
0.1824276058
0.1354057993
0.1321913577
0.1299066553
0.1301785304
0.1340691047
0.1427549127
0.1580806690
0.1830795805
0.3174910826
0.7937317618
1.0001680312
0.7160401590
0.7274244722
2.3409672996
0.9368671356
0.1856063900
0.1506340169
0.1297339465
0.1176450561
0.0688207642
0.0689180692
0.0704817684
0.0735351606
0.0784496311
0.0859558537
0.2649119177
0.3091746412
0.1814608217
0.2440376179
0.2984561842
0.4682180179
0.1054924264
0.1030371520
0.1025385185
0.1049372042
0.1109983399
0.1217755358
0.2221964123
1.1231662950
0.8127320745
0.5779343671
0.7657474902
0.8441625784
0.8455267481
0.1155129519
0.0947506399
0.0819208283
0.0744586858
0.0704642338
0.0630236185
0.0641247079
0.0683966296
0.0758946868
0.0856824043
0.1524181604
0.6458646992
0.3021239417
0.3816252806
0.4136698975
0.6201348814
78.7450213654
0.3995085322
0.6103912786
0.9228020101
0.6972656732
0.5580275134
0.7885915991
0.5516653956
0.6586611534
0.1036123553
0.0833441914
0.0713590063
0.0651695861
0.0606357129
0.0613340474
0.0645412425
0.0700610854
0.0777185451
0.0879385185
0.6676210738
0.6403965696
0.2565801218
0.5789160295
0.5070599261
0.4348694690
0.8637221791
0.6309358529
0.6092065033
0.5373238650
0.6857921486
0.6677152561
0.9081840216
0.1145803329
0.0931807043
0.0778862092
0.0681342224
0.0627117270
0.0608323731
0.0614909721
0.0655499748
0.0730493572
0.0848725177
0.6516828628
0.7219807772
0.3570537591
0.3868913402
0.6277519020
0.6478695821
0.3459554690
0.7792576368
0.9927036726
0.1065464202
0.0859749598
0.0720164359
0.0640421328
0.0642214290
0.0654393703
0.0727882727
0.1713725935
0.5730449081
0.5178869476
0.7158400873
0.8174741784
0.6114944362
0.4784824759
0.0823961364
0.0694827002
0.0720876757
0.0771413806
0.4251212737
0.9739777321
0.7693451605
0.0825320419
0.0867063593
0.0606357129
78.7450213654