256.4672117635
253.6301184326
255.8401987767
262.3534564145
273.3051361546
289.4375568247
414.3724761136
333.5961907343
337.0932303186
348.0855828104
394.9827561305
323.5390093155
317.1300463798
312.0531789513
312.0771375483
319.5756347807
336.8488242826
367.2046957146
415.8048503306
694.9153564102
1438.5748004153
1597.3556040287
1187.1524603950
1408.2133521677
2900.6807880019
1483.6167413751
377.7216027775
319.7866214942
285.4535927607
266.0651094457
168.4991509180
168.9473240113
172.7014883543
179.8659594679
191.3348615668
208.8983081269
630.2017855682
711.9612458843
403.5040636095
574.0220478989
673.8117924077
1098.8861638119
262.9381993047
257.9738840930
257.0982445122
262.7818544125
276.8538554405
301.5264265948
549.4638761182
2748.1965433909
1949.3352926061
1394.9324062103
1829.1512907242
2102.9662304347
1936.4406657777
270.2950543057
224.4175020383
196.5578291790
180.4599808996
171.9082788318
148.7502808246
150.3880469682
158.3267777508
173.0177669789
194.5599970027
367.9529186217
1641.8564052379
737.1920748622
961.1125209993
1040.3318812891
1574.1382313968
1509.1506852320
1034.3705377081
1586.9482255704
2384.0364963060
1790.3773908608
1419.5241114543
2022.1019978530
1416.8785618271
1667.6897951699
240.9430878918
194.3432428251
167.5568729932
153.8013925240
140.9337859229
141.7654322172
147.9884088334
159.6847779496
177.6710065884
204.1275432549
1748.4816417556
1670.5909426214
653.0593171839
1514.6644411798
1323.6248450721
1133.8319967151
2272.4413337459
1653.8875210963
1595.3239959122
1399.5863743330
1790.4315163089
1743.1652277974
2378.8037530015
270.7220129646
217.7526871689
181.2611040755
158.5938797102
146.0479728237
141.3437936701
142.3196235543
151.4406916546
169.8866079769
200.9898245178
1711.8295318090
1902.1788664356
930.1594185363
1010.6891600473
1651.7080147778
1702.6487328956
895.9425591635
2045.0160015023
2615.9394998200
254.8893029229
202.6621511824
168.4081007379
149.2424651515
150.5466195460
153.3670848838
172.1076772435
434.5611100882
1499.9064785871
1356.7788791053
1879.4871758269
2145.7998502352
1598.6739054066
1245.1351887436
196.1103401731
163.6458865776
171.6031037939
185.0202260280
1107.1196978720
2554.4929185899
2012.5653336222
198.3674924177
210.4094189554
140.9337859229
2900.6807880019