0.4569219048
0.4472304873
0.4485539227
0.4589117654
0.4782584413
0.5079948378
0.8215551411
0.6135425247
0.5974376974
0.6432140717
0.7465867686
0.5619048056
0.5482249445
0.5381502760
0.5386597875
0.5542231335
0.5896674338
0.6525015912
0.7550087226
1.3194788875
3.1949919223
3.9371779055
2.8241487390
2.9730873597
8.8593800939
3.6626910905
0.7498180400
0.6116642280
0.5292721533
0.4818279848
0.2856790579
0.2861942238
0.2928076279
0.3056371745
0.3262682414
0.3578482545
1.1293119108
1.3115902214
0.7538738065
1.0340182251
1.2567717824
2.0010507775
0.4406272772
0.4298569211
0.4273330572
0.4371365325
0.4625236748
0.5079499383
0.9408746394
4.8339111480
3.4835569348
2.4720677077
3.2840727314
3.6262643931
3.6125824971
0.4794284569
0.3928714135
0.3396805735
0.3088398211
0.2923865457
0.2599701261
0.2642444764
0.2813414699
0.3115973799
0.3519412627
0.6379983593
2.7630549231
1.2885485142
1.6275629436
1.7679715570
2.6586260118
443.1281882068
1.6907548579
2.5881690937
3.9392098929
2.9648019071
2.3706964541
3.3549049370
2.3220975935
2.8166295183
0.4287611577
0.3442433751
0.2945455541
0.2689338053
0.2492149277
0.2518356147
0.2646847179
0.2870985628
0.3187128586
0.3615729204
2.7836745941
2.6946432011
1.0790880172
2.4268468074
2.1290611475
1.8239514894
3.6232443705
2.6385779579
2.5373906849
2.2333442397
2.8614009038
2.7558215787
3.8020041938
0.4734607152
0.3843828838
0.3208227522
0.2803988876
0.2579246986
0.2495096134
0.2519959397
0.2684688543
0.2992975193
0.3482199490
2.6536416901
2.9687815775
1.4607845283
1.5900754738
2.5678642883
2.6415375362
1.4166634948
3.1581339075
4.0551587424
0.4381822049
0.3534691743
0.2958333445
0.2628741880
0.2629782019
0.2677909924
0.2977718630
0.6979975482
2.2978208218
2.0915105680
2.8724598640
3.2710089813
2.4530027633
1.9195916317
0.3376204385
0.2846844070
0.2946165011
0.3149746364
1.7004779919
3.8585961388
3.0497811867
0.3371589803
0.3534273317
0.2492149277
443.1281882068