2.1911647947
2.1473196864
2.1550572236
2.2052588408
2.2978527582
2.4394786236
3.8883001547
2.9329564951
2.8645737985
3.0725331651
3.5537880054
2.7017754402
2.6379491334
2.5906585852
2.5930666263
2.6664152407
2.8333780620
3.1289132746
3.6099162699
6.2648339344
14.9325005913
18.2948120934
13.1361132465
13.9389009513
40.7466091353
16.9513835587
3.5501942744
2.9084824448
2.5259648431
2.3060547611
1.3784073410
1.3809990857
1.4126681242
1.4740137193
1.5726154927
1.7235241806
5.3927945350
6.2402806918
3.5852201926
4.9356514533
5.9717593807
9.5307898467
2.1284735454
2.0784396140
2.0671945223
2.1144510604
2.2357897718
2.4521796867
4.5259080013
23.1312320806
16.6355599053
11.8231789418
15.6722268100
17.4068839395
17.1489870479
2.2987427489
1.8873190473
1.6347375747
1.4883034686
1.4101946485
1.2498379624
1.2695651423
1.3498618927
1.4926110022
1.6848729689
3.0674596808
13.3166566016
6.1771890517
7.8391082801
8.5086834391
12.8039915560
853.5783296746
8.1907283043
12.5404472569
19.0399765222
14.3292647663
11.4441620461
16.2099715268
11.2504860780
13.5675849946
2.0555880864
1.6517336849
1.4148489580
1.2927972709
1.1966383654
1.2085830586
1.2692344523
1.3758857286
1.5278332249
1.7359722169
13.5551053017
13.0875899671
5.2226404252
11.8011403618
10.3454535352
8.8638442655
17.6305459408
12.8404404993
12.3578323348
10.8735421205
13.9244919121
13.4438323652
18.4973779034
2.2756669318
1.8454396177
1.5399412956
1.3462314612
1.2385977937
1.1985726376
1.2101248730
1.2891227183
1.4383882790
1.6772355761
12.9971353855
14.5158529044
7.1382018198
7.7649217770
12.5667904592
12.9344648622
6.9140626017
15.4816776623
19.8548379629
2.1120070512
1.7003482760
1.4218221670
1.2630524697
1.2652741144
1.2886084747
1.4347713975
3.4004276280
11.2871475007
10.2589414759
14.1141700298
16.0819957526
12.0460972021
9.4200448599
1.6275162251
1.3703918795
1.4211188462
1.5212741351
8.3509137059
19.0103607796
15.0172624766
1.6286287212
1.7103967412
1.1966383654
853.5783296746