13.8274656782
13.5646180423
13.6222564352
13.9447063552
14.5325480286
15.4278617739
24.3510835364
18.4351585817
18.1116998314
19.3112635646
22.3344864974
17.1034811718
16.7017369898
16.4016024802
16.4131210023
16.8700984633
17.9140971851
19.7625216080
22.7684490889
39.4857343849
92.7375426739
111.9376998716
80.8704174374
87.2904583957
241.6732692849
104.4324756748
22.1960656865
18.2397229115
15.8829848315
14.5305072310
8.7394186705
8.7570438425
8.9580595848
9.3464906286
9.9704722153
10.9258114168
34.2099954009
39.5288887550
22.6473225119
31.2903983062
37.7841940091
60.4489683415
13.5159309805
13.2002550259
13.1289228423
13.4274597974
14.1944870004
15.5619457645
28.7403595545
146.9671952611
105.5867042492
75.0340045198
99.4500185921
110.6452956003
108.6349114024
14.5288882529
11.9372549623
10.3488623323
9.4286983689
8.9383257802
7.8994800205
8.0198912179
8.5178537440
9.4064552199
10.6141262635
19.4195833821
84.6943133725
39.1982246202
49.8236086418
54.0942488586
81.4538395586
668.5415255382
52.1302740846
79.8421599006
121.2091725373
91.1799804498
72.7744508064
103.1307617102
71.5473846547
86.2768073480
12.9822638231
10.4320922179
8.9396991791
8.1712124288
7.5528686721
7.6245515886
8.0015807132
8.6690098154
9.6275354080
10.9507178508
86.2850993560
83.3030278134
33.1855534655
75.1302826538
65.8608826636
56.4194599197
112.2939805835
81.7650038584
78.6756855367
69.1988976470
88.6303316331
85.5556953583
117.7659552301
14.3856311353
11.6559532054
9.7225595684
8.4989719046
7.8192874151
7.5638353527
7.6338587488
8.1302046235
9.0749956448
10.5951630770
82.7325504856
92.4237450660
45.4110431664
49.4146347016
80.0122683018
82.3467471744
43.9754501072
98.5553514452
126.4378500801
13.3596175755
10.7439437699
8.9782358773
7.9730705881
7.9892068624
8.1355830151
9.0633116693
21.5885597652
71.8333436140
65.2904056229
89.8490319135
102.3771538131
76.6597813709
59.9253412989
10.2892416479
8.6566119481
8.9827681686
9.6201999821
53.1291182074
121.0221017632
95.5830664157
10.3023343833
10.8261215542
7.5528686721
668.5415255382