65.7184427419
64.5271072823
64.8376082964
66.3931797528
69.2008083098
73.4609923771
114.8813859715
87.2709374961
86.2129050141
91.4418136922
105.6713256526
81.5116033495
79.6081469885
78.1751013078
78.2140661774
80.3599269542
85.2787748488
93.9897032769
108.1443409839
187.4338309555
434.6043572437
516.0151174369
375.8811861070
411.5863834696
1077.0369862534
485.0590250071
104.6145753021
86.2059710101
75.2466244149
68.9674163556
41.7084376468
41.7977748339
42.7581285356
44.6096819996
47.5824505217
52.1350112221
163.3385068265
188.4864713861
107.6762515925
149.3032423463
179.9397600303
288.5673097031
64.5936854770
63.0943691098
62.7540851778
64.1743086848
67.8250131065
74.3315356274
137.3538345329
702.7232315305
504.3831823427
358.4031518598
474.9588434480
529.2411228403
518.0207310064
69.1395737410
56.8448668293
49.3209770301
44.9654184105
42.6462443272
37.5932755698
38.1497819703
40.4818649591
44.6564078846
50.3720238462
92.5540511089
405.3271804689
187.1962458988
238.2909611579
258.7710018302
389.9165547810
1103.1875811827
249.6321461390
382.4526934602
580.5482543439
436.5288045989
348.2248195584
493.6854179074
342.3897833506
412.8321202892
61.7367238689
49.6113208520
42.5303284129
38.8863563018
35.8982362757
36.2242595869
37.9931097897
41.1421466890
45.6949104852
52.0206061681
413.2628623837
398.9595901872
158.6830376531
359.8824249982
315.4459789116
270.2014825264
538.1162739179
391.7139619002
376.8732182616
331.3558400485
424.4939254554
409.7269328811
564.1689715633
68.4694124306
55.4334190436
46.2216311757
40.4020518390
37.1705420834
35.9444088767
36.2655449101
38.6154729809
43.1168846445
50.3945783448
396.3135984442
442.8187684789
217.4153271337
236.6331066224
383.3430384823
394.5146551445
210.4837805465
472.1466688808
605.8437897651
63.6243742284
51.1156335548
42.6893965227
37.8987443932
37.9849545743
38.6770236753
43.1087621552
103.1618620681
344.0698924248
312.7308429249
430.4769235717
490.5108788864
367.1779754455
286.9332506248
48.9768957957
41.1741181123
42.7508226529
45.8035696813
254.4057399030
579.8837130346
457.9227967340
49.0662556067
51.5898151050
35.8982362757
1103.1875811827