148.6674709337
146.3937011414
147.3380847553
150.9788869585
157.3586781721
166.9255097596
252.4910270908
195.6792151077
195.4136371949
204.8583199049
235.2489006612
185.7650642037
181.6409968311
178.4713725188
178.5058385898
183.1618823863
193.8834297213
212.8360275336
243.4882719904
417.3882349811
928.0489647597
1068.5929877840
787.4438953858
891.1626491217
2101.4341576384
1005.5577243165
229.7740521146
191.2532233758
168.3611398432
155.3139521881
95.6687598352
95.8976696124
98.0809257331
102.2704242219
108.9883829839
119.2788373422
369.8787828156
423.6734566926
240.8347554273
337.5156538217
402.9976274600
650.8835592707
148.6704935822
145.4280491088
144.7306028787
147.9703395514
156.2128251371
170.8316411983
314.5810138895
1599.7368046231
1143.2576607935
814.0300650803
1075.3182527382
1210.8227495221
1161.2037232510
156.7092827416
129.2795957567
112.5517478274
102.8787946571
97.7352133706
85.5065019131
86.6446135448
91.6591297858
100.7436193343
113.5102975052
211.1278681888
932.9785476126
426.6254731790
547.5348005036
594.1173385516
896.7995150199
1400.9532011783
578.6964173460
887.1959307396
1342.6208945227
1008.8061235639
802.8749536837
1140.2737862234
792.9453055572
949.3701279431
139.7839599705
112.4527031336
96.5916101863
88.4379953259
81.3799978667
82.0151507229
85.8597926199
92.8443759712
103.1850287780
117.8803365581
964.0513551969
927.8389553436
366.6931690134
838.2872440019
734.1068320400
628.7701704625
1255.1870097169
913.4154624020
879.3400198916
772.4371569162
989.2625305778
957.1244518494
1314.9071071282
155.7239256897
125.7537496695
104.7726686049
91.6016656538
84.2966767599
81.5116852582
82.1697293929
87.4633214206
97.8224060625
114.8509201604
930.1684480781
1037.8514739698
508.6019024421
553.3927667502
899.2111423156
925.7927739265
491.5040931789
1109.0389965379
1422.1472047448
145.3251711154
116.3046559654
96.9429706689
85.9978676079
86.3712249780
87.9512350080
98.2661812846
239.8224775437
809.6218168130
734.8589734971
1013.6086054975
1155.6548849539
863.6359770296
674.0477999007
111.8027058610
93.7291711733
97.6464978259
104.8498799775
598.1384885891
1369.0508309247
1080.1766112793
112.3711318763
118.5098946118
81.3799978667
2101.4341576384