138.7366837808
136.5492928022
137.3947968175
140.7769515188
146.7316182208
155.6784756753
236.8734559751
182.8520376773
182.3442481961
191.4869812887
220.1837944680
173.1623190691
169.2749963244
166.2969467335
166.3330075545
170.7097610859
180.7856192719
198.6061098202
227.4555539689
390.8907776561
875.3870080070
1012.2400550367
744.8529026561
839.0620344585
2006.8254606432
953.3301721261
215.5357881572
179.0821928634
157.4125046281
145.0509605990
89.0703047600
89.2804474285
91.3178839859
95.2301251023
101.5046991130
111.1160946186
345.4858275263
396.3164298117
225.3960223291
315.3301808224
377.1964470512
608.5236234795
138.3463711985
135.2867995055
134.6187167754
137.6367176022
145.3353910343
159.0051527352
293.0931323954
1492.8408670144
1067.7344598714
759.8746083407
1004.5373124153
1128.6651878256
1086.9828806856
146.2279649972
120.5520131925
104.8860213013
95.8260922541
91.0078151847
79.7196324881
80.8007258133
85.5217663686
94.0565233862
105.9975846471
196.7784756706
868.4862972684
397.9089244513
509.8294386255
553.3421498571
835.0120138051
1373.8025772401
537.8473599712
824.4738443754
1248.6094593069
938.2360526376
747.0474692158
1060.6446293882
737.0237280621
883.9283573687
130.4474738192
104.9145104775
90.0815306982
82.4553725161
75.9117706501
76.5200919105
80.1319882523
86.6707777667
96.3120945365
109.9610140042
894.6802597771
861.6774786872
340.9561453219
778.2359460991
681.6746852631
583.8544009829
1165.0037703103
847.8003723025
816.0280316653
716.9261953224
918.2530084015
887.8954054516
1220.5789281089
145.1931628059
117.3012446742
97.7411147426
85.4480714569
78.6284671621
76.0258443802
76.6495779320
81.5907171971
91.2250969189
107.0169295113
861.9542477795
962.1193211328
471.6181427994
513.2260293502
833.4007574471
857.9509212626
455.9213992969
1027.5009922793
1317.8779850207
135.3748990982
108.4179441004
90.3996561198
80.2027031378
80.5151497960
81.9847741009
91.5572370454
222.6299760301
749.7640132359
680.7566454154
938.5559651811
1069.9410375726
799.8641315918
624.4141593473
104.1504125764
87.3579113030
90.9469998950
97.6136627960
553.9797151226
1266.8859406773
999.7361080029
104.6105339472
110.2584364054
75.9117706501
2006.8254606432