1.0566334288
1.0351757975
1.0387734801
1.0629814769
1.1077534543
1.1763132554
1.8829044020
1.4144377520
1.3822233192
1.4825152389
1.7172635673
1.3023753776
1.2712042899
1.2481194669
1.2492049945
1.2847456571
1.3657534702
1.5092613974
1.7430428637
3.0347149984
7.2608718417
8.8700273566
6.3853448735
6.7809944285
19.6256034046
8.2626711372
1.7181247998
1.4058419292
1.2196811014
1.1126223163
0.6636010870
0.6648537513
0.6801644624
0.7098202998
0.7574892510
0.8304579968
2.6101435581
3.0243487893
1.7363538322
2.3888914919
2.8949540640
4.6186553984
1.0246439070
1.0001333611
0.9944964325
1.0172324623
1.0758707132
1.1806079883
2.1834651817
11.1903821683
8.0530826639
5.7189249896
7.5888423679
8.4091361108
8.3211125976
1.1090225182
0.9098807155
0.7876283777
0.7167664372
0.6789767557
0.6021813148
0.6117929714
0.6507267441
0.7198498962
0.8127062304
1.4786346617
6.4213253702
2.9842463763
3.7802675262
4.1052991705
6.1769952877
269.9418072985
3.9404487014
6.0333994541
9.1709923340
6.9012367096
5.5139272570
7.8079046813
5.4106432237
6.5440823436
0.9915190746
0.7964017330
0.6818978878
0.6229091343
0.5766476309
0.5824766687
0.6118263539
0.6633223871
0.7364855931
0.8364173942
6.5048527794
6.2884155347
2.5122424373
5.6671898662
4.9700347345
4.2577859946
8.4655298562
6.1647047046
5.9301240335
5.2178871007
6.6841104032
6.4449454302
8.8810333165
1.0966149660
0.8895408199
0.7422685933
0.6488054868
0.5968662962
0.5774164588
0.5830113642
0.6210503776
0.6927377818
0.8071736153
6.2189895904
6.9519749870
3.4186977162
3.7205784741
6.0159524279
6.1899885984
3.3130910534
7.4046588110
9.5032204925
1.0165323653
0.8189057317
0.6849243987
0.6084651661
0.6091700304
0.6203388669
0.6903620167
1.6298803030
5.3924055585
4.9045271031
6.7425698557
7.6803752452
5.7555646083
4.5018966243
0.7831393587
0.6597045719
0.6835596745
0.7313688601
3.9895447476
9.0694488419
7.1660165623
0.7830170754
0.8217221122
0.5766476309
269.9418072985