10.5979879411
10.3973968227
10.4419384103
10.6890747161
11.1392850125
11.8247677276
18.6445230428
14.1314218576
13.8792175098
14.8013164455
17.1118050092
13.1101031291
12.8032594895
12.5740320894
12.5831186624
12.9329495811
13.7318144158
15.1458755602
17.4448530910
30.2250681644
70.9329097249
85.7136524603
61.8715278265
66.7483296200
185.6443528390
79.7664163013
16.9950665371
13.9705971005
12.1690026005
11.1352089132
6.7014268244
6.7149130729
6.8688644841
7.1663675225
7.6442746327
8.3759249908
26.1903763092
30.2524930286
17.3389119132
23.9566981659
28.9166312888
46.2622824770
10.3638989674
10.1230502425
10.0690101527
10.2979902746
10.8855320481
11.9325263416
22.0243847788
112.5249190981
80.8285478879
57.4534246455
76.1245631313
84.7526207686
83.1092391057
11.1345909652
9.1501987823
7.9339456410
7.2293149465
6.8537731354
6.0564338898
6.1484970194
6.5296886688
7.2101444852
8.1355351913
14.8857008560
64.9083915146
30.0263945436
38.1834934955
41.4498950706
62.4153901184
603.6096611636
39.9780732835
61.2280221318
92.9190539918
69.9031611832
55.7868075586
79.0617674061
54.8737778394
66.1170515565
9.9502359732
7.9965743860
6.8533835224
6.2646821011
5.7906119309
5.8454086163
6.1341958608
6.6456929201
7.3807824804
8.3962354435
66.2222300750
63.9080369476
25.4514803375
57.6470938988
50.5286758780
43.2877929582
86.1663063779
62.7424140277
60.3807636690
53.1064898624
68.0153360926
65.6790189229
90.3662804982
11.0288266851
8.9355426583
7.4534915829
6.5157434588
5.9948534041
5.7995426350
5.8531892501
6.2338541748
6.9588950437
8.1261564504
63.5488037427
70.9717525829
34.8716354716
37.9409703995
61.4496347082
63.2476666628
33.7640267263
75.7097083462
97.1092197904
10.2456775293
8.2383885448
6.8840796829
6.1133340820
6.1267487339
6.2392091808
6.9516125512
16.5746928534
55.1997820685
50.1613968884
69.0442533304
78.6777525214
58.9053675553
46.0439720362
7.8916575588
6.6387299935
6.8904153375
7.3803682035
40.8260982034
93.0349322360
73.4755283936
7.9035184225
8.3070098541
5.7906119309
603.6096611636