0.3784136751
0.3703946325
0.3714854232
0.3800476191
0.3960423239
0.4206261910
0.6798645606
0.5080598355
0.4945798352
0.5325724621
0.6179848977
0.4652717929
0.4539935775
0.4456950382
0.4461393951
0.4590213438
0.4883306258
0.5402695434
0.6249803438
1.0909971534
2.6412111090
3.2585587939
2.3360926545
2.4569007952
7.3502359978
3.0290390499
0.6206642143
0.5064043612
0.4382587946
0.3990161542
0.2366319801
0.2370559192
0.2425246506
0.2531355285
0.2701988147
0.2963147799
0.9333016521
1.0836944922
0.6234299486
0.8547334477
1.0385473227
1.6530844076
0.3649220110
0.3560579050
0.3540012422
0.3621270346
0.3831277458
0.4206813606
0.7785071328
3.9943262101
2.8783360558
2.0431334487
2.7132274798
2.9977292422
2.9832425055
0.3968720615
0.3252962474
0.2813046612
0.2557942632
0.2421826426
0.2153216905
0.2188567378
0.2330031149
0.2580408257
0.2914314494
0.5281355091
2.2856145512
1.0654154446
1.3464329589
1.4623078047
2.1988301716
390.6643983568
1.4000056261
2.1430541789
3.2599071801
2.4538951895
1.9619162811
2.7766669419
1.9232667088
2.3298948042
0.3549769580
0.2850504406
0.2439323068
0.2227402247
0.2064227044
0.2085912101
0.2192283072
0.2377881820
0.2639755721
0.2994934186
2.3076959320
2.2325477030
0.8937024826
2.0111505199
1.7642035582
1.5113988658
3.0027198823
2.1871037816
2.1036953562
1.8516376684
2.3719341426
2.2859093589
3.1510990066
0.3921109653
0.3183261780
0.2657003325
0.2322369042
0.2136331869
0.2066950111
0.2087560963
0.2224076377
0.2479669847
0.2885499487
2.2032381397
2.4635708906
1.2123273814
1.3193383841
2.1314443313
2.1930516300
1.1754998681
2.6228026767
3.3662750589
0.3630675886
0.2928243200
0.2450651386
0.2177636787
0.2179018176
0.2218999391
0.2467802122
0.5791884437
1.9094166785
1.7372557580
2.3869644046
2.7186076577
2.0382861485
1.5949738428
0.2797919056
0.2358922165
0.2441972967
0.2611159338
1.4131716083
3.2087771803
2.5359301453
0.2795005906
0.2930676308
0.2064227044
390.6643983568