0.7656254082
0.7502691913
0.7526991085
0.7697466332
0.8013439354
0.8497193875
1.3483321054
1.0231960058
0.9951364330
1.0718980983
1.2334038353
0.9411191161
0.9201528909
0.9048238393
0.9062937318
0.9318268785
0.9891712201
1.0901625714
1.2539607186
2.1432250054
5.1249463940
6.3581032101
4.5572571591
4.7334754836
14.5071005533
5.8611645119
1.2355437329
1.0138723537
0.8816214110
0.8054974784
0.4819074980
0.4827314334
0.4935716739
0.5146307528
0.5484885117
0.6002325660
1.8316839412
2.1120178127
1.2271406220
1.6804374728
2.0257467796
3.2188854172
0.7427091220
0.7266460696
0.7235577050
0.7402196553
0.7819669939
0.8558224615
1.5605379244
7.8484045912
5.6377340530
4.0210692072
5.3047565587
5.9443359393
5.7640572372
0.7980185081
0.6570266145
0.5702570007
0.5198570711
0.4929180735
0.4368577881
0.4437278420
0.4716386196
0.5212561341
0.5879449791
1.0651860254
4.5852962171
2.1129809366
2.6999673507
2.9235957589
4.3968496483
154.4315075148
2.8545445824
4.3679066427
6.5876812351
4.9663961987
3.9622800334
5.6158802080
3.9312344098
4.6688620910
0.7148459211
0.5755634019
0.4938384754
0.4516940306
0.4185730772
0.4227852648
0.4439796555
0.4812594012
0.5344317275
0.6074530972
4.7882512502
4.5887291936
1.8234843301
4.1510877168
3.6329617303
3.1142783051
6.2042142007
4.5255731184
4.3670628334
3.8440873253
4.9117601133
4.7779628723
6.5135904692
0.7943933400
0.6439720981
0.5376827164
0.4704358818
0.4331033280
0.4199173744
0.4240674304
0.4519235516
0.5046824603
0.5895251708
4.6668971243
5.1811321726
2.5514518455
2.7683323479
4.4995782201
4.6400146511
2.4670475892
5.5738652720
7.1179290516
0.7413812630
0.5957066082
0.4978964523
0.4423842554
0.4444035688
0.4528830672
0.5050970008
1.2137651830
4.0896716614
3.7008501774
5.1138963658
5.8368925951
4.3620140835
3.4081088673
0.5724712328
0.4813727071
0.5009475117
0.5372856589
3.0277019871
6.9413598816
5.4787187344
0.5749830428
0.6057172796
0.4185730772
154.4315075148