378.9474405678
375.0174243267
378.5295116372
388.4111327578
404.8933610485
429.1069231081
612.6533357048
493.3325690168
500.6120608352
514.4731476858
586.3069966214
479.8622734074
469.9531512918
462.0381971150
461.8213763889
472.8443229156
498.5326190235
543.8494457180
616.5797694273
1041.3189671668
2133.7616639086
2340.7716221614
1735.8370137891
2119.6729758989
4110.6920961198
2161.1465365019
555.9809883731
471.2189079770
421.0621280720
392.8194018022
249.6759947799
250.3786934382
256.0129058807
266.7362321980
283.8931437221
310.1924038324
950.0586553368
1076.5525904109
606.2390348856
864.5569405405
1017.9307364505
1663.1807215218
390.1757497919
382.3951596818
380.8452388480
389.2126870612
410.2331215673
447.2677040268
820.4215286197
4142.3926567432
2941.6285902733
2099.7837419755
2762.2031730877
3156.1249003054
2940.1297063308
401.6714545376
333.0323323043
291.4459859167
267.4525425319
254.7274703197
220.1764659217
222.5305949558
234.1698247161
255.7777295127
287.7075092774
546.4202344280
2451.8308467464
1105.7218483175
1435.3911767634
1556.0594525321
2354.8128133310
1480.8585988137
1534.8278742320
2355.4690160391
3550.9717916524
2664.4000654107
2113.6372200630
3009.6379288283
2099.2279050121
2491.2183779357
357.6417745122
288.1384281718
248.2190194812
227.7264837980
208.4176797964
209.5693959728
218.6801808673
235.8904715896
262.4726908311
301.6711716661
2577.2578870271
2471.1381350237
967.9629132966
2237.2062072954
1956.7337174245
1675.6845604606
3356.1379961589
2440.9706935891
2351.4572233261
2062.5585636969
2641.1568711724
2562.7931754462
3511.6249125762
401.1025361511
322.6100146574
268.4187930346
234.7268484427
216.0615909353
208.8428105530
210.1996619815
223.5815378003
250.7337114580
296.5216419330
2505.5709329786
2791.2030504814
1364.0430039897
1483.8673318135
2420.7000414292
2493.4111299927
1314.8901018780
2990.5359262010
3831.9319982834
376.6133049179
299.6500351706
249.0006672685
220.5961941524
222.2042344079
226.2599148255
253.7297104903
637.3484101030
2187.6812970413
1982.2930277911
2741.5987928530
3127.9498751074
2332.3437754358
1817.0670509461
289.4118492094
241.5884903837
252.9265346808
272.4667013238
1614.3387921400
3715.5737009940
2928.1105728987
292.2527847355
309.5790411225
208.4176797964
4142.3926567432