301.1671586121
301.2189457798
305.4607132905
313.5229101155
325.7332931707
342.8075832900
412.4389311261
382.4253069205
391.7792183933
395.8762978524
424.9268013287
387.9277456710
383.5824482851
379.6602793034
379.9778538963
387.0379065124
402.8507093668
429.6982591870
470.5159581357
703.9023735144
1130.3397095308
1159.9471106045
865.3163473759
1130.6684324581
1695.5800788271
890.4327404434
381.8155630073
342.1363779571
318.9114050919
306.3976705315
209.0137141325
209.6341740470
213.8503795622
221.8279093493
234.5545118173
253.9835010374
682.2805510343
728.4611100384
414.5785314407
618.3442716312
678.1679091249
1141.6372409097
328.9224150460
326.0084398658
326.5292845775
333.6004721106
349.3045770079
375.5513495233
657.0081611031
3065.0669388479
2114.4246624422
1547.5603450351
1965.7510642429
2452.3722402538
1909.9483479416
314.6130971117
266.8182267055
238.0292818687
221.3673716944
212.5018250163
179.0028383372
179.9518414597
187.1068155282
201.3746291614
225.1023548432
443.2064577223
2010.2897482726
847.3720708380
1167.6082545341
1250.8732637796
1905.4232923867
119.7338308303
1334.9521640817
2051.2846944038
3004.8390548098
2255.8677509621
1768.7712083487
2542.9570923280
1831.4473989590
2029.8933064277
280.8946954467
228.8510231269
199.7382771340
184.8123368704
167.8638338033
168.0958129591
174.2366043056
187.0358315183
208.8402836298
243.7345723592
2364.8437282346
2208.4569183800
836.9121861500
2023.5304133969
1756.7139693136
1505.9425017039
3050.9651671390
2223.1144696851
2158.1804291265
1887.6333157009
2405.5648409138
2387.6801859969
3189.9260481366
324.6373703698
258.2729467472
214.6811521710
188.4469529508
174.0354162011
169.2720033071
170.0468280620
180.9705291327
204.9030094477
247.7560020679
2415.4170533347
2651.5668842498
1290.7756960111
1396.1337577077
2316.8038694085
2396.7493052219
1232.0136086037
2900.0159024806
3683.3496525128
314.7184136564
245.5794521628
202.3973831694
178.9842951349
183.2356956019
187.0883175838
212.7571903084
589.8494339111
2155.2445961685
1931.5790946599
2705.6741109579
3100.0851093369
2291.8239839644
1776.0917857970
242.7556443881
199.9749352560
214.0131561922
233.6192009388
1587.8140252074
3737.5831640674
2934.3960716549
250.4170886053
270.1770682644
119.7338308303
3737.5831640674