363.8033699920
362.5320591475
367.2602598019
377.3176831376
393.0715732800
415.5385710110
537.8306996416
469.4672404423
480.4398452798
486.8827234880
538.2262514552
468.1347465684
460.2498701149
453.4825600873
453.1166126023
462.4397983336
484.3293886579
522.5748564181
582.7294695239
941.4777470422
1688.7963118213
1772.7244154637
1302.7167499336
1709.1871678099
2782.0380781235
1470.0494609019
491.1849369010
429.2061731955
392.8213843526
372.8383098807
247.7989849582
248.5796293561
253.9657530049
264.1428554013
280.3925942892
305.2978860280
900.4836961700
992.3995317281
549.2550654977
813.7423759997
925.3465223985
1551.7324034283
390.0120623538
383.8874754395
383.0583657773
391.2962197829
411.2428802248
445.7922887945
808.7171564951
3996.2664201920
2798.1348327789
2014.1507792119
2619.2597121873
3099.4117960026
2685.8360631294
386.6747223384
323.6536262255
285.7450501303
263.9026604725
252.3357111172
214.6076374465
216.1799179691
225.8873491146
244.6646278373
274.5318514758
536.9667077945
2454.4768546758
1075.9875242365
1430.2305435846
1545.0085218583
2348.4360512168
354.2636503387
1565.7142205139
2406.3921374956
3596.8981143510
2693.7763058307
2124.8323222756
3040.1585617562
2137.0889138130
2486.2960879380
343.9416723941
278.1452068406
240.9350875763
221.8669403948
201.7397190306
202.2934491126
210.2177569804
226.1006361045
252.1453969921
292.4927441335
2672.4110802494
2543.4519458370
981.6975473121
2311.1207169193
2016.3292307586
1726.3740072853
3476.1849091577
2526.4808188234
2437.5899359995
2133.1987063326
2730.1736969285
2664.0212486216
3631.4512368709
390.5935250375
312.2532328687
259.4298874618
227.1141353159
209.2706837140
202.4708550889
203.4570836512
216.3566321764
243.8052491882
291.6836789593
2633.2068105671
2924.4136581258
1423.3675240981
1547.1133600507
2539.9784998476
2618.3797700886
1365.8626051082
3146.4181191052
4026.6244373752
371.1399685115
292.5473677872
242.0228474652
214.1056040762
216.9754884250
221.1074738558
249.5718316649
656.3150844464
2310.6630208359
2087.7616169020
2899.1449080823
3311.4920204080
2460.6188042623
1911.8772416369
285.0832311450
236.4427396306
249.7793130620
270.6537874986
1702.0599008652
3949.5440973335
3107.1023752850
290.3465822220
309.9505782536
201.7397190306
4026.6244373752