753.2264792181
749.2211063871
758.4144316932
779.2061206303
812.2984848784
859.8874167016
1147.3209745811
976.2281319164
998.0815642995
1013.6614924732
1133.4170231145
966.6814605663
948.6392222868
933.4485972853
932.4062654062
952.4641788905
999.9057947034
1083.3496380126
1215.8142359818
2009.4153626431
3754.0241782533
3978.8439680464
2923.4480637092
3801.0108170779
6408.6050776865
3411.9786122061
1043.6314677680
902.9782410867
820.2524623962
774.4804641840
508.4273572226
510.0266174826
521.3183987399
542.6689559819
576.7735663471
629.0860209313
1902.0085282742
2119.0270233901
1170.4680089745
1720.1515015156
1981.2777047562
3304.4722434774
799.3178975189
785.0443423021
782.4742159658
799.3327638356
841.1352109530
914.2407571079
1673.7360836779
8393.8930068879
5908.1907590836
4233.4656904539
5540.4677249293
6451.0307071026
5775.1821294376
803.2001735164
669.4632675265
588.9514805866
542.5927147886
518.0603596636
442.5872065869
446.2383741898
467.2507833710
507.3985124308
569.9867317302
1107.9974644283
5057.2525209044
2245.1748320862
2951.3241336176
3195.5815825510
4851.5162347371
1044.0426103079
3189.6529079526
4901.3964193111
7366.8723194789
5516.5366721870
4361.1717780318
6228.0432608603
4350.8518618237
5128.9341904473
713.9731009745
576.1580984992
497.8585030968
457.7253619162
416.7058445120
418.1376311751
435.0126305138
468.2646797974
521.8691658118
603.7213573744
5386.9156146420
5153.8538387835
2001.8128058927
4672.3205520495
4082.4170278706
3494.4268675433
7021.0421820017
5100.6958436489
4913.5370720848
4302.4026724396
5511.5535438290
5353.3374251021
7334.9489629308
806.2670246534
645.8304912392
536.6416535529
469.4432631388
432.2777383032
417.7005025517
419.8541559686
446.4017057513
502.1362468978
598.2972254316
5255.3656302977
5854.2123567067
2851.3698933023
3102.9125639079
5076.8626592956
5229.1075463518
2741.5819002491
6272.4411563617
8041.5751092847
761.4663650575
602.3869928479
499.0902564456
441.6449594800
446.1791864633
454.4194228133
511.5687672696
1320.2400520320
4591.1624985430
4157.6734708368
5758.6932487509
6572.1549523477
4891.8092275257
3804.9607343164
584.4298869163
485.8969740687
511.1600898222
552.4791910965
3382.9538083035
7814.7895244596
6152.5032929252
592.8000957435
630.6007965870
416.7058445120
8393.8930068879