279.5229572440
276.5674198081
279.0588941571
286.2051710522
298.1629881600
315.7414657592
449.5347825816
363.2302693869
367.6295992708
378.8629359244
429.6813262528
353.1054119087
346.1545686745
340.6256964378
340.6258287818
348.7372185595
367.4490340154
400.3284205148
452.9289228110
756.0217328841
1551.4653358765
1714.6416350236
1274.0812492206
1525.2464655654
3071.6163260326
1589.7086310261
409.5497870568
347.3647417762
310.5321833276
289.7614296609
184.0720503903
184.5691435562
188.6667947181
196.4804926624
208.9860768173
228.1392676875
687.6414897881
776.1257562502
439.4387392663
626.1895859431
734.1096833124
1198.5505870795
287.3945721198
282.0111480159
281.0689274697
287.2705109261
302.6112001131
329.4935134979
600.2901635325
3000.9118961811
2127.4012200439
1522.6270437374
1995.9358416709
2297.5504919560
2110.3802525388
294.7978501398
244.8707343023
214.5719812433
197.0689481361
187.7732924329
162.2884150397
164.0316195651
172.5981594086
188.4937039522
211.9284296648
401.6413164376
1794.9479357893
804.9858900731
1050.4976638627
1137.0326339367
1720.8674857949
1480.8273376915
1131.6377348442
1736.3358733260
2607.7324864238
1958.1065623094
1552.0471087243
2211.4060145122
1549.8248356826
1822.9589342656
262.7306876935
211.9424151856
182.7773587930
167.8018855185
153.6790485952
154.5497630097
161.2801703443
173.9829902263
193.6016447026
222.5631450260
1914.0001351450
1828.2541951814
714.1535436783
1657.8734349419
1448.6518762300
1240.9093318516
2487.7461211226
1810.4481624843
1746.4001801553
1531.9362183455
1959.7492896407
1908.3665106824
2603.8580420224
295.3760101411
237.4939098337
197.6672416790
172.9500624298
159.2702359086
154.1302347648
155.1688364213
165.0996744758
185.2551377441
219.3216607475
1874.9035794599
2083.1939746770
1018.4206034464
1106.5882135645
1808.9991140723
1864.8524971153
980.7527351499
2240.0088832891
2865.2602690055
278.2461206678
221.1157661943
183.6898599558
162.7635814143
164.2264587333
167.3003409811
187.8058484674
475.4021657314
1643.1526848088
1486.1627952302
2059.1364231468
2351.0253756364
1751.2600039194
1363.7841997773
214.0541105618
178.5488332280
187.3110270094
202.0137105139
1212.7108786624
2799.3538511696
2205.2540803255
216.6056152951
229.8424391682
153.6790485952
3071.6163260326