3.4155407043
3.3511136934
3.3655098511
3.4450562629
3.5899050299
3.8103975058
6.0003524359
4.5573934861
4.4712291470
4.7723307936
5.5131194294
4.2248978689
4.1265436404
4.0531125580
4.0562311001
4.1688481778
4.4257770472
4.8803762138
5.6192030633
9.7217616027
22.8075835948
27.6615830412
19.9190499821
21.4410700249
60.4137859792
25.6009327972
5.4718515038
4.4996327902
3.9205046814
3.5882007700
2.1607356971
2.1650432771
2.2145745823
2.3103194756
2.4641263196
2.6995652693
8.4221397134
9.7238922601
5.5779227512
7.7050012687
9.2957784011
14.8685351863
3.3411546328
3.2641073996
3.2470331560
3.3209210958
3.5100880553
3.8469333572
7.0930023709
36.1873920528
25.9890384910
18.4797021145
24.4745201640
27.2735022115
26.6983481050
3.5877452306
2.9490995255
2.5576001611
2.3307468709
2.2098167273
1.9527295602
1.9823401263
2.1050955919
2.3243026280
2.6225545902
4.7974670704
20.9053112471
9.6646502584
12.2983799531
13.3467259380
20.0964478746
397.4178364190
12.8892573505
19.7397469093
29.9389646034
22.5256293908
17.9752716618
25.4771102490
17.6955586324
21.2925758686
3.2068165708
2.5776422243
2.2094702856
2.0198426357
1.8671653807
1.8847996158
1.9778668943
2.1427904850
2.3799530168
2.7077749083
21.3758877273
20.6160751658
8.2074932732
18.6014631533
16.3018583658
13.9660750494
27.8042112288
20.2484325412
19.4903164744
17.1426899702
21.9510460661
21.2102943599
29.1611830444
3.5557389037
2.8807444373
2.4030615473
2.1008679452
1.9330044613
1.8703422388
1.8876557783
2.0104994487
2.2446070247
2.6217138585
20.5399929524
22.9281794623
11.2670382612
12.2560436596
19.8561888455
20.4409567371
10.9069288620
24.4752411211
31.3828962310
3.3048767051
2.6569382590
2.2200666275
1.9715225475
1.9763370803
2.0127265263
2.2429363200
5.3544151869
17.8541103976
16.2190686926
22.3313706732
25.4503457902
19.0517497189
14.8908136752
2.5460047986
2.1415247217
2.2234034356
2.3819336278
13.2056339140
30.1097799709
23.7776884942
2.5506497444
2.6815968092
1.8671653807
397.4178364190