5.4249768434
5.3233207851
5.3463445321
5.4724500816
5.7018870208
6.0509816586
9.5060466564
7.2345643140
7.0966869843
7.5747214993
8.7391079634
6.7104145242
6.5558359474
6.4404183427
6.4457964111
6.6241726614
7.0305839634
7.7491618515
8.9161584475
15.3859101389
36.0315253613
43.7224334711
31.4828966230
33.8265533590
95.6562432749
40.4585363480
8.6749388255
7.1383415962
6.2229867670
5.6977848892
3.4343902350
3.4412060068
3.5196939824
3.6714362260
3.9152011671
4.2882939483
13.3337460874
15.3771605211
8.8246351412
12.1979415009
14.6967637869
23.5161799932
5.3107992783
5.1899496643
5.1636566738
5.2811657127
5.5810298854
6.1143629168
11.2578284905
57.3196091261
41.1411350480
29.2719478966
38.7389122981
43.2496986036
42.1831499220
5.6942438036
4.6830148322
4.0630372462
3.7037322466
3.5121603621
3.1022265796
3.1490410245
3.3434409542
3.6907776430
4.1638456327
7.6195674082
33.1963064328
15.3239808048
19.5260708689
21.1822236454
31.9005863772
450.4972168736
20.5019521536
31.3975141160
47.5779605634
35.8000081494
28.5614840662
40.4883757763
28.1494927427
33.8074791565
5.0902197195
4.0927033883
3.5091888960
3.2086500928
2.9659657696
2.9938523218
3.1414166077
3.4031624516
3.7800542323
4.3018039544
34.0577287811
32.8188540489
13.0541168437
29.6222098496
25.9548707445
22.2358359517
44.2818694756
32.2527634536
31.0528771403
27.3115665540
34.9639678515
33.8109360481
46.4436008542
5.6478562351
4.5748144402
3.8163017263
3.3367638422
3.0704525267
2.9715424926
2.9990537933
3.1943696586
3.5670659136
4.1682605318
32.7837592010
36.5735779884
17.9720737341
19.5444109182
31.6843488559
32.6208852284
17.3917565527
39.0724490937
50.0833203307
5.2536989246
4.2218683682
3.5271437655
3.1322479819
3.1412140338
3.1993528501
3.5664655439
8.5358365207
28.5216155278
25.8993645384
35.6763461279
40.6668294234
30.4324789488
23.7810576893
4.0480170166
3.4039424463
3.5360814990
3.7895038625
21.0955424305
48.1396523361
38.0099975704
4.0576977325
4.2681339128
2.9659657696
450.4972168736