332.6203231354
329.0637371522
332.0489529798
340.6235814449
354.9786812857
376.0949210568
538.0911749665
432.7693560058
438.4495184029
451.4362762870
513.7549755988
420.4851478752
411.9525736812
405.1630033318
405.0718148560
414.7754369073
437.2722528131
476.8933342572
540.4174443960
908.6151398939
1870.6982347952
2062.0249471404
1530.6630062280
1847.2107789212
3665.6325116927
1913.6050370006
488.9516233723
414.1715540687
369.8926286020
344.9269801015
218.8516453789
219.4528919943
224.3651509974
233.7256117403
248.7058925092
271.6600003257
826.6825770685
935.5715225793
528.2926711298
752.5875647163
884.9673711450
1444.7743047700
341.7868411563
335.1245152891
333.8596201827
341.2138904173
359.5758425651
391.8606280536
716.7829622306
3604.5764852617
2558.4979160421
1828.2062901209
2401.7484762460
2751.3843852828
2550.6903606982
351.6638192900
291.7407805152
255.3979691612
234.4161642077
223.2803768366
193.0901056017
195.1826384612
205.4333824730
224.4351210524
252.4196134335
478.5163952607
2141.9129821235
964.1853997738
1253.9121209060
1358.4452185735
2055.6871102225
1526.2234606563
1344.4960174214
2063.1114847685
3105.5088970867
2331.1010147225
1848.7796025464
2632.9407156801
1840.0890220711
2176.0381505898
313.2631912314
252.5101243369
217.6037118112
199.6824269541
182.8527297098
183.8948661216
191.9245347346
207.0569213301
230.3827369165
264.7392651780
2263.9336503519
2167.4958738263
848.3136682774
1963.5930187856
1716.8560847838
1470.3451850139
2945.7174576646
2143.0117479509
2065.5400226186
1811.9448400380
2319.3505722637
2253.7160736485
3082.8181358500
351.6006022290
282.8041801414
235.3498158830
205.8576585443
189.5263063902
183.2936327193
184.5188236606
196.3001822699
220.1669087194
260.4093467419
2207.6876687490
2456.7260544222
1200.9349781057
1305.7375224617
2131.6686881798
2196.5623880499
1157.2316994655
2635.8758655753
3375.0684611046
330.5170104237
262.9016292474
218.4683328985
193.5750238373
195.1064352424
198.7095138667
222.8989622506
561.1011605604
1930.4493012460
1747.8299076988
2419.1482024808
2760.8626915835
2057.8912167280
1603.1056791531
254.1246423987
212.1042393674
222.2109513872
239.4656109570
1424.6974307667
3282.3231771334
2586.4838980103
256.8017648025
272.1801750901
182.8527297098
3665.6325116927