279.9866283127
280.5118537323
284.5594053809
291.8675817937
302.7441126154
317.7872356240
368.1590625622
352.0941434081
360.8663647242
364.1880244163
385.1663691121
360.2859623831
357.3491808402
354.5963946313
355.2617272969
361.5367034162
375.0966189694
397.6455829358
431.1238540964
616.4371679513
923.4208675504
934.7497172042
705.9188136238
917.2249727738
1296.2775648212
680.7169783892
343.4501567309
311.9920474140
293.6055588282
283.8297394864
196.0421851289
196.5978627587
200.3796150940
207.5439564832
218.9646884085
236.3500215253
598.5579766527
628.1602550148
366.0157793638
544.7260528350
585.6002013112
983.1768695631
308.0672537960
306.4992842054
307.6470694475
314.3585053878
328.4959248731
351.5801978581
600.6257806404
2698.1178067572
1847.5970086746
1366.2251629871
1709.7285165456
2198.2739501395
1608.6357383832
289.2764325635
247.1816341195
221.7797337569
207.0282625157
199.1515112436
167.0351845074
167.7518287524
173.9788667870
186.6115914343
208.1076159343
409.2199445964
1839.1328362913
759.3278762837
1067.4910244012
1137.8644516890
1733.8347082056
99.5175664612
1251.8244937094
1922.3495234068
2781.0376203762
2093.1720226738
1636.0490531169
2356.9750917420
1724.2725987665
1854.1669672982
258.9420662514
211.9219164075
185.7554970535
172.3271576320
156.5376273841
156.6505290943
162.1614066872
173.8847288555
194.2321784760
227.2965331356
2268.4924446984
2093.3639716352
785.8083290432
1928.3239306528
1669.1810200734
1432.1407634386
2910.6471657960
2125.1802957049
2071.7401297456
1812.5776386758
2302.5495815205
2311.2088902375
3045.9094863365
302.2640332483
239.9297797795
199.5427482730
175.4422051972
162.2358132945
158.3347019326
159.0423377361
169.3298105566
192.1806818090
233.6171093203
2371.7201274065
2583.0954671863
1259.1438735221
1357.2413355595
2266.3258246777
2350.4142299963
1198.6772444448
2857.3054159414
3609.3003567526
296.5618332254
230.1675280589
189.3273914431
167.4038054889
172.4096709883
176.2210085164
201.1951986151
573.5663797951
2140.2898657778
1907.9940568527
2687.0106650206
3085.0266219259
2274.3202041485
1760.4803124061
229.4478401790
188.3122753086
203.0325591703
222.5187826173
1577.8801139275
3745.5710892983
2937.6766625514
238.4449227432
258.7899222593
99.5175664612
3745.5710892983