46.9840525902
46.1204890548
46.3334543104
47.4379051164
49.4377125380
52.4755416553
82.2330594745
62.4593528091
61.5732081428
65.4374924079
75.5936651560
58.2118857670
56.8579723288
55.8420409441
55.8769048971
57.4156811988
60.9348360834
67.1635028597
77.2835032726
133.7641221216
311.4494108059
372.0884501497
270.2875070908
294.0405212075
786.9754636400
348.5948841024
74.9377287314
61.7133496900
53.8383550929
49.3237100753
29.7860394757
29.8482886941
30.5324992999
31.8528362405
33.9730591380
37.2192884218
116.3054945421
134.2212381629
76.8177721303
106.3575868313
128.1983594610
205.3738599558
46.1018987672
45.0384468428
44.8006077159
45.8166758587
48.4216727220
53.0611787570
97.9113928317
500.1031965083
359.0046791861
255.2050450151
338.0450555937
376.8187579211
368.6190760910
49.3812679570
40.6036880549
35.2285407188
32.1156747681
30.4574499460
26.8685035672
27.2695390062
28.9431965909
31.9363619499
36.0247103574
66.0762135525
288.7690412827
133.3707832937
169.8148102281
184.3528041678
277.7113844444
949.1817570199
178.0261049438
272.6934230428
413.6995805000
311.1610618784
248.2394823414
351.9126221854
244.2969785977
294.1160320405
44.1106073530
35.4539982279
30.3954582457
27.7915662780
25.6683565437
25.9047329379
27.1741950731
29.4305050494
32.6865803153
37.2031885397
295.1202858786
284.6958929537
113.2413638513
256.8693330009
225.1257317927
192.8370894401
384.0687006650
279.6414165276
269.1400145739
236.6652637374
303.0848464181
292.7855511850
402.7174694229
48.9276184694
39.6199496529
33.0415351032
28.8843780958
26.5759316761
25.7068418997
25.9395593255
27.6231305321
30.8429332682
36.0439122959
283.5107837430
316.5356796611
155.4750712221
169.1621547194
274.1233086817
282.1710427347
150.5015186540
337.8447891802
433.2504922342
45.4836903771
36.5448605939
30.5244344313
27.1018104839
27.1694080821
27.6670016973
30.8381119206
73.8077121200
246.3793696093
223.8510091422
308.2494056820
351.2780596002
262.9196892386
205.4574477079
35.0253376933
29.4475613174
30.5812423301
32.7676178511
182.2090444805
415.5836907041
328.1514081102
35.0973562713
36.9085558490
25.6683565437
949.1817570199