690.9523681618
686.5470790957
694.6275177642
713.6159766749
744.1203992170
788.1906482661
1068.9725691612
897.2137122552
916.5598793723
932.3286883192
1048.4515160647
885.0238031858
867.7552568170
853.3655755864
852.3471369685
871.1333678273
915.6374830930
994.1202258315
1119.2231090090
1868.5161282955
3566.2692782633
3800.7638988471
2795.2450997435
3606.7943392318
6212.8893359612
3317.7492777293
970.7598674873
835.5725321697
755.9726735576
711.7586158017
463.9715127817
465.4202902348
475.8229940529
495.5058435923
526.9545915932
575.2054824790
1757.3255703040
1968.1548859999
1087.7601999661
1590.4726568018
1843.5330667899
3064.2050720200
728.8002549806
715.0638928694
712.3709874432
727.7514769934
766.2756930285
833.9287780970
1532.3464514245
7732.3232705229
5456.7638898478
3902.0937831889
5121.0670945245
5918.2491871978
5378.6557736266
737.4075091053
613.4007771667
538.6908019894
495.6776558298
472.9185741507
405.0534827916
408.6087187392
428.3423856357
465.7978884304
523.5301043615
1013.5838331796
4618.2318301607
2062.6650042412
2697.3540462110
2923.4567871871
4435.1863554375
1127.5184573881
2898.3944352689
4452.9897258855
6709.3781256987
5024.3555601461
3976.4281449897
5673.6444124518
3953.0986585303
4686.2955221585
655.3947040326
528.3916945924
456.0538431787
418.9695671990
381.7408909137
383.2099005086
398.9334342846
429.6255469219
478.6324351276
552.8631746103
4872.4204832934
4672.2378290415
1820.3785589910
4231.4494943299
3699.5604160335
3166.5907596839
6355.1743304404
4616.8132542543
4444.3755747066
3892.7560824724
4988.8027846637
4836.6173047704
6640.2690003690
738.1534452596
591.8920538747
491.8901809389
430.1603086542
395.9936890889
382.4597203610
384.5090528647
408.8066995685
459.4291998382
546.2545312287
4733.5817199260
5279.3903067151
2572.6370176303
2800.9141816815
4575.7485178357
4711.1686563576
2476.0212417447
5646.9890323185
7244.7149177671
695.2101115654
550.9652272509
456.8422071700
404.3359759263
407.9115903216
415.3466902556
466.9742124751
1194.0050346858
4127.8556898711
3741.5657577037
5176.6403786862
5905.5666934057
4399.4774991934
3423.6550785843
533.4557333896
444.0616010481
466.2304449851
503.3009759165
3042.2421908383
7013.1444663048
5523.6050130393
540.0670316926
573.5411575967
381.7408909137
7732.3232705229