120.5419315516
118.5988786277
119.3064397140
122.2277185973
127.3907496821
135.1597600201
206.4357173635
159.0416529379
158.3319498812
166.5598842525
191.6142306343
150.2857246818
146.9041110864
144.3218669816
144.3650158548
148.1864726198
156.9709906762
172.5058174852
197.6636258304
339.8090206878
765.0651319682
889.0388942450
653.0662256736
731.5140247275
1781.5784934119
836.8010308723
187.9068093177
155.9478340168
136.9444614470
126.0956700050
77.2604528155
77.4394469868
79.2062208894
82.6013538637
88.0475389525
96.3890378268
299.5969817911
343.8991855132
195.8323422848
273.5432483909
327.4908536592
527.7465447403
119.9385824561
117.2801650680
116.7011864155
119.3222992681
126.0063336322
137.8754351932
254.0698546530
1293.6730992700
925.6784699213
658.7724294322
870.9461142222
977.8986251211
943.1395406537
126.9681659003
104.6493300624
91.0236485941
83.1415954346
78.9484588364
69.2201068751
70.1710921914
74.2972950569
81.7456505003
92.1321650828
170.7317451846
752.3283618021
344.9556195658
441.7514151043
479.4160761699
723.2805806706
1275.7645780921
465.8601332044
714.0424540680
1081.3329536594
812.6931531260
647.2188449105
918.7550447314
638.5528797272
765.7505949251
113.2930346893
91.1173981894
78.2246300220
71.5947355881
65.9440310342
66.4831265940
69.6369385274
75.3322510247
83.7061810142
95.5305017179
774.9758710633
746.3384449764
295.4641258703
674.0737084487
590.4375561621
505.7313379224
1008.9314841413
734.2958679454
706.8514958515
621.0980803870
795.4376399934
769.2476961319
1057.2020296112
126.0610279866
101.8739813136
84.8979729723
74.2222219343
68.2992857633
66.0472797002
66.5972284808
70.8952558755
79.2549823441
92.9340082878
746.8202632139
833.4493345569
408.6724117739
444.6777488701
722.0353700231
743.3243791257
395.1287226809
890.3144387030
1141.7021401426
117.5163265865
94.1484753203
78.5183354509
69.6691643086
69.9354613238
71.2143378751
79.5142739564
193.0439420408
649.7652890383
589.9250872986
813.3102933714
927.1958058438
693.2040008055
541.2024070657
90.4293536437
75.8687820032
78.9708750707
84.7472163617
480.1614801228
1097.9841858480
866.4954628838
90.8138976540
95.6999276922
65.9440310342
1781.5784934119