5.0484162901
4.9519350623
4.9726589335
5.0901901016
5.3047043060
5.6315699975
8.9003536513
6.7390660592
6.6116464569
7.0588843857
8.1643267704
6.2424456823
6.0956356963
5.9861052473
5.9904840066
6.1576270428
6.5392918393
7.2150173605
8.3140325181
14.4207963687
33.9397217845
41.1363757211
29.6475174476
31.9128559066
89.5240132347
38.1839724108
8.1118036071
6.6637144813
5.8010656191
5.3059279912
3.1894027137
3.1957610322
3.2690975328
3.4108656834
3.6386222759
3.9873042988
12.4812330993
14.4263699588
8.2712270293
11.4186526672
13.7936615851
22.0552817142
4.9312868321
4.8160196081
4.7900092190
4.8990280604
5.1790715184
5.6783363927
10.4851101639
53.6058130286
38.5187907982
27.3739066778
36.2825472123
40.3563018956
39.6452297239
5.3047491300
4.3580149449
3.7776341989
3.4413735390
3.2621441094
2.8844094690
2.9285533774
3.1108234648
3.4359509700
3.8773605973
7.0885823973
30.8909142638
14.3018580889
18.1738772302
19.7302217195
29.7069903914
468.2193789340
19.0114617308
29.1186067258
44.2012313903
33.2544377552
26.5434254226
37.6129891278
26.0964785356
31.4693040250
4.7409861096
3.8096845576
3.2644648617
2.9836629137
2.7585329959
2.7848715902
2.9228470804
3.1669072408
3.5170726207
3.9999708737
31.4710622739
30.3816186856
12.1071048893
27.4016009528
24.0201626534
20.5781266414
40.9516953086
29.8192494547
28.6946567536
25.2403480520
32.3269302645
31.2067022690
42.9513634104
5.2528486880
4.2567332300
3.5508994750
3.1040455083
2.8557908567
2.7626804997
2.7883816343
2.9697777333
3.3147392260
3.8693448224
30.1770553237
33.7092911898
16.5658835624
18.0247789855
29.1832325275
30.0353165364
16.0423331124
35.9494400746
46.1140471192
4.8778130370
3.9234926539
3.2790310226
2.9120574259
2.9178478570
2.9713444995
3.3099178475
7.8777177640
26.2041320104
23.8155044494
32.7733580045
37.3447167238
27.9643450012
21.8610267317
3.7571734866
3.1614140147
3.2802165607
3.5127443175
19.3824778014
44.1460539386
34.8681897257
3.7616368813
3.9525301020
2.7585329959
468.2193789340