23.0853729005
22.6580346856
22.7586010873
23.2959223494
24.2713139168
25.7540308911
40.3442867903
30.7202241333
30.1956597622
32.1712768283
37.1018769178
28.5664333428
27.9125426544
27.4239533786
27.4471534416
28.2035408275
29.9260819655
32.9704472771
37.9123009265
65.3376450804
152.5055032429
183.8608941337
132.9792630171
143.3542421667
396.6977821493
171.1158124033
36.8195222895
30.3248321377
26.4560927013
24.2369633018
14.6303380393
14.6598132031
14.9937286766
15.6389078624
16.6751384132
18.2609954373
56.6645206410
65.3260971437
37.5042558644
51.8471138592
62.4342353611
99.8989900659
22.6270275096
22.1166743251
22.0070880580
22.5076073244
23.7819235795
26.0465016476
47.9009969154
243.5524222412
174.7920111739
124.3825060983
164.5437342977
183.8420856605
179.0939976564
24.2188334890
19.9273954789
17.2969838784
15.7726359119
14.9599941634
13.2032188505
13.4008248807
14.2239039394
15.6954730968
17.7026549651
32.4063855426
141.2010520654
65.1196273118
83.0494970372
90.0944993593
135.6815453143
666.1683214941
87.3283520018
133.7408430087
202.5280224978
152.4112637442
121.5619396299
172.3475214623
119.9318944036
143.7930909826
21.6477534624
17.4093502402
14.9314778755
13.6554520553
12.6191643426
12.7364045697
13.3616319263
14.4722326506
16.0741269245
18.2957868582
145.3006629293
139.8809574711
55.5929972857
126.3187105710
110.6561620369
94.8107474948
188.8711862003
137.5819033668
132.5105304606
116.5479333015
149.1640572258
144.3957087418
198.0953687647
24.0342346266
19.4628767646
16.2351334861
14.1960190863
13.0638487251
12.6443732313
12.7603993935
13.5907175160
15.1782558455
17.7440714767
140.2137543002
156.2882002307
76.8043873847
83.4981298380
135.4614360888
139.5127173804
74.3104896155
167.2038605046
214.1672314950
22.3754086049
17.9714075709
15.0105258168
13.3289085406
13.3722713522
13.6199592199
15.1872674725
36.4583332368
122.1688686165
110.8525512678
152.8284483408
174.2565137317
130.3461078653
101.8440060312
17.2421880250
14.4928798851
15.0643519086
16.1491918968
90.3686823501
206.4929498866
163.0204068833
17.2941086127
18.2007733513
12.6191643426
666.1683214941