76.6752238926
75.3017989656
75.6746908050
77.4965448227
80.7767512754
85.7494510054
133.7992835872
101.7467609725
100.6281602340
106.6087646085
123.1747942520
95.1675972923
92.9476835703
91.2731390463
91.3138142738
93.8103539868
99.5382233994
109.6827381393
126.1638639374
218.6324401203
505.3843111573
598.0187614195
436.2611785398
479.3351346467
1239.8145805824
562.7422858647
121.8105123389
100.4429243838
87.7240348794
80.4397517653
48.7113621240
48.8170807326
49.9390092987
52.1009850149
55.5717645615
60.8874188043
190.8265322090
220.1230286148
125.6509843370
174.3867586790
210.0749179030
337.1106466045
75.4652407240
73.7153340607
73.3173861195
74.9747360067
79.2362162902
86.8311722870
160.4854892877
821.2852695806
589.3083125223
418.7541353864
554.9156051511
618.5557842747
605.0027298756
80.6984648302
66.3574679393
57.5845704562
52.5068328178
49.8036675402
43.8767715679
44.5214178262
47.2325238369
52.0896258911
58.7528871973
108.0734571599
473.7585714975
218.7123877202
278.4871267572
302.4475593070
455.7942881460
1180.4495741910
291.8037315021
447.0813259596
678.7307263374
510.2897387329
407.0027831475
577.0758164378
400.1529451454
482.5273837296
72.0463476347
57.8958264122
49.6362602275
45.3863231912
41.8861589119
42.2622961238
44.3196526227
47.9876582674
53.2997807896
60.6923861352
483.0597562788
466.3511625168
185.4229526514
420.6562242420
368.7366398912
315.8362500986
629.0780094535
457.8940089750
440.5069736312
387.2929062475
496.1629591190
478.8442129204
659.4470934623
79.9175441269
64.6902608843
53.9354506108
47.1437159745
43.3726024736
41.9381330191
42.3094888663
45.0488225638
50.3042311479
58.8102982512
463.1556628890
517.5673638400
254.0628311542
276.5351355420
448.0306124741
461.0696077259
245.9431731085
551.7731665239
708.1006390949
74.2696232042
59.6550250766
49.8144416061
44.2211139429
44.3233450985
45.1297032363
50.3062099140
120.4967498567
402.0469753791
365.4557283151
503.0326599651
573.1864605535
429.0590399725
335.2700908134
57.1637622624
48.0488791816
49.8942923735
53.4616173926
297.2425743749
677.5967580341
535.0382491145
57.2735182914
60.2254841947
41.8861589119
1239.8145805824