12.1217186296
11.8940543918
11.9460266546
12.2292278255
12.7443178454
13.5280987933
21.2916613796
16.1585668340
15.8763462570
16.9223355733
19.5561635346
15.0010048791
14.6507711559
14.3888113096
14.3989083955
14.7981656392
15.7101851124
17.3244321351
19.9482689242
34.5434778900
80.8953354308
97.6717962546
70.4986724250
76.1646405608
211.2445915853
90.8447237123
19.4099465443
15.9635847654
13.9108562386
12.7332444459
7.6705014242
7.6860330510
7.8621680894
8.2024625576
8.7490786607
9.5859376661
29.9616647292
34.5938376648
19.8181337483
27.4023297859
33.0582492685
52.9141749934
11.8649489564
11.5900014176
11.5284251371
11.7904289095
12.4624356500
13.6596832239
25.2095200777
128.7701095423
92.4766478820
65.7376290813
87.0912931281
97.0122808679
95.0291339207
12.7372951139
10.4689742402
9.0789455587
8.2736855738
7.8445403117
6.9292263602
7.0340080140
7.4689172858
8.2457410914
9.3036228675
17.0348749444
74.3217239799
34.3634102300
43.7163431051
47.4540768346
71.4636950495
632.4247561998
45.7885281827
70.1309882141
106.4161082569
80.0527089283
63.8787932569
90.5394519394
62.8437363042
75.7009346187
11.3817690352
9.1474772052
7.8404896491
7.1674703767
6.6239506712
6.6861900385
7.0158498155
7.6003426786
8.4413823784
9.6045964609
75.8638810048
73.2057897366
29.1443700573
66.0393925906
57.8817608765
49.5855942469
98.7143664806
71.8780627858
69.1745292227
60.8364775945
77.9141803577
75.2436486406
103.5230656196
12.6182165680
10.2219382474
8.5261632805
7.4535244578
6.8577363555
6.6342331137
6.6953056786
7.1306197525
7.9606697974
9.2981309843
72.8163124900
81.3202450557
39.9514867496
43.4688096713
70.4097637968
72.4702163230
38.6792761640
86.7528579276
111.2753651603
11.7244465694
9.4256695903
7.8754261713
6.9934176345
7.0094098004
7.1380967446
7.9540978015
18.9826166373
63.2536140815
57.4779033998
79.1201974419
90.1626660385
67.4989426958
52.7578507401
9.0302947526
7.5955720472
7.8847631380
8.4463249760
46.7808053288
106.6206631188
84.2027525225
9.0452055716
9.5083304319
6.6239506712
632.4247561998