106.5299238250
104.8852161480
105.5406043657
108.1212633590
112.6547636217
119.4577116740
180.6033395264
140.3380553085
139.7172317916
146.9085694749
168.3129536467
132.9315583649
130.0396604829
127.8259056485
127.8826089030
131.2196366285
138.8656093822
152.3574283472
174.1508150301
296.9244550309
662.1467769596
769.8287313764
565.1290906813
632.0879301147
1545.7769300658
719.6129936468
164.6276020622
137.0490187672
120.6530918396
111.3018402983
68.5271088000
68.6856016754
70.2382511550
73.2217317463
78.0069016061
85.3332021175
262.4915262375
300.1990723599
171.2144485374
239.6475791861
285.6904458465
460.9621316542
106.4163814718
104.1586225372
103.6970559829
106.0249748839
111.9014886702
122.2972799219
224.3990529568
1135.3127507863
810.8932469121
578.1195330675
762.4272664534
861.2970749167
821.0339598106
112.0469479264
92.5089413602
80.5814943879
73.6792780595
70.0059375988
61.2717025219
62.0910318487
65.6887491575
72.2031479373
81.3403261335
151.0162117010
665.4477584653
303.6134492155
390.5341314923
423.4235982603
639.0438800250
1113.6649689612
414.2249055026
634.9358080931
958.9983204282
720.8659316349
573.5576590255
814.7951315354
568.0398585318
676.9958091430
100.0133460898
80.5094445958
69.1867368746
63.3640518901
58.3400225691
58.8015370445
61.5642843962
66.5786822571
73.9968620040
84.5368434888
692.7369994639
665.3408268837
262.6532569381
601.6221046931
526.6038761958
451.1092137648
900.8897448275
655.8646009675
631.8699099662
555.0897274521
710.5295559308
688.8198002827
943.9941372409
111.5397989403
90.0717654716
75.0619383375
65.6441720224
60.4222666191
58.4643241795
58.9450379231
62.7537928871
70.2037870159
82.4580953019
671.2514090785
747.7984114778
366.5971690554
398.6224036843
648.3928357767
667.8745957140
354.0904109860
800.8300329699
1025.7788736235
104.2572584476
83.4005721556
69.5137559019
61.6730987595
61.9918004331
63.1406489565
70.5781181378
172.8323357795
585.5911010518
530.9319156921
733.0996093044
836.1841955729
624.5663033247
487.3457099246
80.2622361287
67.2690990175
70.1484945835
75.3634384337
432.7050151876
992.0871801691
782.5975107910
80.7518735727
85.2338819463
58.3400225691
1545.7769300658