1.2766131860
1.2511342974
1.2556956346
1.2849927998
1.3389910197
1.4215636686
2.2650179913
1.7078784222
1.6694027194
1.7894285238
2.0700718445
1.5745056779
1.5372657320
1.5096516325
1.5110082956
1.5537179805
1.6509907917
1.8231936924
2.1034740320
3.6515027522
8.6968105865
10.6297384763
7.6436671403
8.1243232182
23.5920385295
9.8688251105
2.0676496394
1.6941047605
1.4714497392
1.3434596540
0.8032541794
0.8047762205
0.8232446724
0.8590107436
0.9164956744
1.0044806531
3.1451538198
3.6394395397
2.0901478080
2.8784490449
3.4825989312
5.5594611046
1.2405546548
1.2113394067
1.2047467914
1.2322734131
1.3030031077
1.4291634533
2.6387858823
13.4925833127
9.7035106769
6.8954363906
9.1415544382
10.1528463649
10.0036606555
1.3395754002
1.0997835565
0.9525959492
0.8672729994
0.8217668815
0.7281819844
0.7396584340
0.7864034515
0.8695194694
0.9815206894
1.7877925883
7.7658372530
3.6022047310
4.5709566510
4.9619485673
7.4670098621
281.3852233165
4.7752231690
7.3114520716
11.1025579755
8.3551213672
6.6727432412
9.4516782292
6.5576844702
7.9123147349
1.1977440828
0.9623690262
0.8243316607
0.7532165675
0.6971028396
0.7040431960
0.7393492711
0.8014521684
0.8899650687
1.0112550555
7.8994192919
7.6282490186
3.0439510655
6.8781977350
6.0302064464
5.1661767101
10.2761057868
7.4838430615
7.2017215862
6.3362502295
8.1147708400
7.8322311917
10.7803506807
1.3259103589
1.0751837442
0.8971527497
0.7842761540
0.7215588806
0.6981827818
0.7048940718
0.7508926909
0.8378351334
0.9769816730
7.5695601754
8.4557011057
4.1576746432
4.5235528125
7.3199568989
7.5335042203
4.0275820485
9.0159260531
11.5652436390
1.2303885226
0.9905522945
0.8282688143
0.7357598253
0.7370016595
0.7505757200
0.8356972049
1.9803796121
6.5710465614
5.9734369152
8.2172090261
9.3622892504
7.0128709675
5.4839275920
0.9480332447
0.7982484551
0.8277378151
0.8860460165
4.8614595693
11.0645535874
8.7406836274
0.9486026910
0.9961677107
0.6971028396
281.3852233165