1.6776688616
1.6429786931
1.6475740453
1.6843745026
1.7531430801
1.8587346079
2.9700310847
2.2392363818
2.1770966798
2.3476678802
2.7065975943
2.0570154652
2.0111745097
1.9779791997
1.9816776854
2.0380938789
2.1642429747
2.3862323793
2.7464476886
4.6940165676
11.3220693282
14.0402674167
10.1014432676
10.4406538237
31.9682162395
13.0719346678
2.7214738094
2.2295178048
1.9358505646
1.7666055059
1.0527695677
1.0544960400
1.0781205087
1.1240674706
1.1979460142
1.3107990991
3.9839644040
4.6042690767
2.6900648017
3.6615495603
4.4263799787
7.0017841860
1.6199527053
1.5850903235
1.5786105050
1.6151253332
1.7062149147
1.8672079682
3.3936931490
17.0156840128
12.2420483599
8.7320997785
11.5180467958
12.8820003228
12.5470849470
1.7442660202
1.4361467859
1.2462923101
1.1359479845
1.0769319229
0.9558436824
0.9711457204
1.0327347406
1.1419342415
1.2878003157
2.3210785282
9.9371852019
4.5875589332
5.8568058625
6.3405134222
9.5273178421
123.7708438783
6.1989096764
9.4800068960
14.2799645904
10.7766564009
8.6009819466
12.1837180120
8.5482049059
10.1214856451
1.5633397539
1.2591611619
1.0804228334
0.9882139882
0.9166177192
0.9260721152
0.9727827122
1.0546131982
1.1707494332
1.3294998993
10.4295857176
9.9745216440
3.9657766479
9.0309416240
7.9013955513
6.7753889532
13.4952935974
9.8517359982
9.5164045272
8.3818120703
10.6994260698
10.4358638423
14.1761727183
1.7374169865
1.4091208899
1.1769382141
1.0299153195
0.9482889425
0.9199542981
0.9292144550
0.9903256870
1.1056467619
1.2907292673
10.2265300054
11.3240514486
5.5847837128
6.0524628117
9.8488552024
10.1649197151
5.3999468735
12.2308681892
15.5847930792
1.6229985190
1.3043471832
1.0904326178
0.9690174007
0.9738883682
0.9925538631
1.1068887932
2.6608367445
8.9999499713
8.1286675915
11.2517661611
12.8525399944
9.5992584112
7.5003665007
1.2543318050
1.0547846692
1.0981934873
1.1779674757
6.6684636785
15.3277146252
12.0966574480
1.2606254235
1.3285752968
0.9166177192
123.7708438783