1.1929976687
1.1691002481
1.1733128216
1.2006663262
1.2511229241
1.3283035357
2.1181674936
1.5963566731
1.5599811425
1.6726940296
1.9351590668
1.4711043521
1.4362664686
1.4104446419
1.4117214461
1.4516730054
1.5426573651
1.7037355828
1.9659368463
3.4136813875
8.1388463254
9.9523193668
7.1565994575
7.5999836577
22.0927624287
9.2416916391
1.9336480045
1.5839236381
1.3754586194
1.2556116951
0.7503664706
0.7517837706
0.7690408992
0.8024650621
0.8561879588
0.9384147525
2.9392528494
3.4016633714
1.9537767473
2.6900547393
3.2552730564
5.1959056187
1.1587873132
1.1314524293
1.1252742095
1.1509912653
1.2170926352
1.3350132694
2.4653365845
12.6077756074
9.0680079752
6.4433735169
8.5431210753
9.4860069198
9.3507060866
1.2517650519
1.0276005796
0.8899940642
0.8102233889
0.7676773945
0.6803791419
0.6911302197
0.7348689174
0.8126155078
0.9173089629
1.6703331282
7.2544436841
3.3657755793
4.2700319157
4.6354838943
6.9754957071
274.5496320563
4.4597169847
6.8284746203
10.3702663874
7.8040602155
6.2329587506
8.8285450531
6.1245216351
7.3914922484
1.1192520996
0.8992729598
0.7702455551
0.7037713335
0.6513896792
0.6578972576
0.6909230448
0.7489847564
0.8316851111
0.9449396793
7.3761808519
7.1236890106
2.8430898711
6.4229028127
5.6311880536
4.8244325833
9.5954359108
6.9882921034
6.7245156625
5.9165230012
7.5773377799
7.3129518011
10.0664224298
1.2388707108
1.0046649116
0.8383246686
0.7328439096
0.6742348265
0.6523879727
0.6586735733
0.7016614560
0.7828667409
0.9127728921
7.0665993346
7.8943420896
3.8817657654
4.2234427036
6.8336655034
7.0329301440
3.7604201735
8.4163054797
10.7970613227
1.1494779982
0.9255042672
0.7739147728
0.6874892322
0.6886078984
0.7012882506
0.7807683227
1.8492287551
6.1336359134
5.5761517523
7.6700364026
8.7386763763
6.5460618096
5.1190891321
0.8856933591
0.7458117226
0.7732900061
0.8277119611
4.5378910309
10.3268258332
8.1579618733
0.8861416917
0.9304939257
0.6513896792
274.5496320563