0.0510373193
0.0498179995
0.0498582541
0.0509188614
0.0529802638
0.0561906660
0.0932592236
0.0683873425
0.0659699925
0.0718187329
0.0837035665
0.0618845372
0.0604142490
0.0593852038
0.0595303416
0.0613240452
0.0652998715
0.0723062153
0.0837510104
0.1454559272
0.3659352911
0.4606998570
0.3305171057
0.3359236952
1.0753114590
0.4344641308
0.0853720119
0.0692409556
0.0595956019
0.0540107225
0.0315255482
0.0315670431
0.0322765155
0.0336629946
0.0358928784
0.0392941341
0.1200291284
0.1409422477
0.0833506408
0.1109937337
0.1364954431
0.2124462235
0.0480875582
0.0469843213
0.0467791655
0.0478813730
0.0506297186
0.0555023878
0.1001374777
0.5023783473
0.3656470606
0.2597339571
0.3447549230
0.3756598569
0.3844574466
0.0527843080
0.0433477958
0.0375048336
0.0341017965
0.0322778132
0.0289201250
0.0294272385
0.0313873599
0.0348191590
0.0392680575
0.0687610820
0.2864028143
0.1356561437
0.1700934599
0.1844755093
0.2755086297
8.3681911331
0.1780929110
0.2714117240
0.4088533249
0.3102299624
0.2486313770
0.3502926225
0.2468760715
0.2923355524
0.0473998388
0.0381902144
0.0327265850
0.0298999618
0.0278712939
0.0281935536
0.0296653416
0.0321906947
0.0356754250
0.0402969774
0.3012521682
0.2862854866
0.1151291579
0.2599804270
0.2275023891
0.1953206708
0.3876059155
0.2842412345
0.2756982235
0.2439527776
0.3096370136
0.3058073912
0.4081473855
0.0524863226
0.0427358545
0.0357587364
0.0313021324
0.0288209748
0.0280169089
0.0283201952
0.0301854814
0.0336261699
0.0390517646
0.3044310931
0.3322422189
0.1656583886
0.1782919850
0.2913807974
0.3023495489
0.1604045252
0.3672785221
0.4615790760
0.0490909470
0.0395842903
0.0331599024
0.0294928214
0.0296597956
0.0302258938
0.0336432241
0.0799754914
0.2750072375
0.2454588580
0.3431760995
0.3939613347
0.2933945112
0.2295325042
0.0381138802
0.0321002882
0.0334309189
0.0358256984
0.2049449527
0.4779153229
0.3771625321
0.0383554612
0.0404430474
0.0278712939
8.3681911331