0.0001028306
0.0001000380
0.0001000004
0.0001021849
0.0001065448
0.0001134094
0.0001963661
0.0001402196
0.0001342790
0.0001474366
0.0001738863
0.0001246338
0.0001212006
0.0001187503
0.0001189033
0.0001227007
0.0001313304
0.0001467104
0.0001720432
0.0003096260
0.0008052351
0.0010224698
0.0007279765
0.0007374891
0.0024277259
0.0009636799
0.0001790859
0.0001432856
0.0001218868
0.0001094778
0.0000623519
0.0000624355
0.0000639233
0.0000668333
0.0000715238
0.0000787046
0.0002569372
0.0003036536
0.0001755836
0.0002359528
0.0002929845
0.0004601794
0.0000954934
0.0000927604
0.0000920342
0.0000941913
0.0000999663
0.0001104409
0.0002072554
0.0010871645
0.0007914714
0.0005582193
0.0007483493
0.0008039886
0.0008435181
0.0001077397
0.0000875413
0.0000750610
0.0000678160
0.0000639452
0.0000577984
0.0000589371
0.0000631695
0.0000705084
0.0000798441
0.0001412878
0.0006016527
0.0002880056
0.0003558917
0.0003877688
0.0005808228
0.4062463214
0.0003600274
0.0005503143
0.0008464771
0.0006378871
0.0005130645
0.0007226767
0.0004950238
0.0006148833
0.0000964727
0.0000772060
0.0000657355
0.0000598149
0.0000557785
0.0000565139
0.0000596299
0.0000648688
0.0000719084
0.0000809612
0.0005799204
0.0005675551
0.0002313568
0.0005084200
0.0004475339
0.0003833489
0.0007564241
0.0005510116
0.0005283896
0.0004661872
0.0005981201
0.0005707633
0.0007948957
0.0001053330
0.0000859992
0.0000718800
0.0000627689
0.0000576894
0.0000557652
0.0000564157
0.0000601358
0.0000667739
0.0000768683
0.0005407398
0.0006085078
0.0003007870
0.0003280139
0.0005246431
0.0005387599
0.0002933007
0.0006416933
0.0008265958
0.0000963463
0.0000784431
0.0000659390
0.0000586817
0.0000583759
0.0000594163
0.0000656711
0.0001461560
0.0004637593
0.0004242871
0.0005786003
0.0006575336
0.0004957324
0.0003894453
0.0000742685
0.0000630397
0.0000646633
0.0000687335
0.0003439439
0.0007699208
0.0006101630
0.0000735193
0.0000764377
0.0000557652
0.4062463214