42.6502255069
41.8595108201
42.0502883175
43.0535225849
44.8725289060
47.6373968036
74.8233770699
56.7286805154
55.9183566875
59.4421400979
68.7143744938
52.8364726518
51.5974815739
50.6676820604
50.6967688310
52.0973234602
55.3038946560
60.9826394367
70.2143534891
121.7727926346
284.1297629513
339.3392063627
246.5806256571
268.2603108704
717.2811353824
318.2930667990
68.1661528344
56.0961455184
48.9084822911
44.7872150119
27.0150505403
27.0715767916
27.6937439249
28.8943660793
30.8224680910
33.7749302153
105.8673912273
122.2481728874
69.9039505847
96.7868791122
116.7628353089
187.0689376216
41.8144076549
40.8389283164
40.6171682776
41.5381635282
43.9067191237
48.1296429309
88.9455130891
455.1545152564
326.8458611454
232.2446129064
307.8365537526
342.6779765745
336.0369588704
44.8491848838
36.8598314531
31.9676096949
29.1347832702
27.6259354664
24.3808073876
24.7471086280
26.2717033032
28.9963980441
32.7130656803
59.9947221339
262.3139057741
121.2829156898
154.2601053972
167.5099552055
252.3323455400
944.9059734632
161.4617688504
247.3276276489
375.5347733260
282.4146983969
225.3473441087
319.4126004838
221.5000393583
267.2067640017
40.0573847668
32.1874398356
27.5872636997
25.2194543571
23.2940531852
23.5102083963
24.6652463757
26.7157023407
29.6702527412
33.7621585246
267.1756286214
257.9807410045
102.6900376814
232.6592649849
203.9748325778
174.7148525344
347.8440486168
253.2327718678
243.6252523767
214.2446772432
274.4435525221
264.8455768904
364.7238172134
44.4036506684
35.9626110213
29.9907748778
26.2148653307
24.1178779444
23.3244280109
23.5362556164
25.0634888848
27.9799280099
32.6839896402
256.0859949264
286.1629687439
140.5314728516
152.9516462434
247.6985024195
254.9109970586
136.0596162474
305.0362552007
391.4087508924
41.2436608173
33.1518089177
27.6945937226
24.5898522224
24.6409871057
25.0906462484
27.9578596598
66.7410939812
222.2681419997
202.0505128640
278.0299661087
316.8206735085
237.2102163454
185.3892642924
31.7538266768
26.7050527039
27.7174454452
29.6894091025
164.3586312809
374.4648214680
295.7277271747
31.8004748974
33.4245976178
23.2940531852
944.9059734632