248.5632224558
249.1726308742
252.8012935886
259.2412088281
268.7672477953
281.8917514659
322.3759456990
311.6944901303
319.4352854475
322.3280196238
339.0778115080
319.7963598752
317.5019968049
315.3067117881
315.9962448710
321.4803216385
333.1918561936
352.5240835878
380.9712195364
536.4292411853
783.3897663979
789.1035288986
598.4295296602
774.8992933650
1074.6686847882
560.5211817851
301.5401932459
275.1957295447
259.8088949314
251.6744812224
174.5559613145
175.0436662813
178.3630615417
184.6540842679
194.6804593582
209.9291765639
521.6951883473
543.9328165592
319.2528192386
475.2525641166
507.1213384911
851.3657162456
274.2081339536
273.1337156945
274.3349125227
280.3306232771
292.7550541699
312.8872810365
530.7052066165
2355.4205231543
1608.4768527301
1193.5460088512
1486.1839078984
1930.8667844376
1381.7347171813
255.9519580801
219.2309241718
197.0594271255
184.1695968390
177.2789046025
148.4806623903
149.0704349851
154.4801149107
165.5202499514
184.4527436053
362.7044789042
1625.9109680457
666.7264238420
943.4484752723
1004.0169075796
1530.2467485822
90.5242204992
1115.0123165742
1711.9760683483
2467.3883799638
1858.3858121917
1451.0954399379
2092.0211402916
1537.5231704408
1638.3182936576
229.2952208540
187.9254856253
164.9449940866
153.1484565858
139.1142333969
139.1856383807
144.0231454311
154.3837227373
172.4746493496
202.0144442620
2033.9917417417
1870.4867902163
700.1715265293
1725.7264469196
1492.5514008133
1280.9394069725
2605.6788116928
1903.6784932650
1857.9007764714
1625.6189033013
2063.1288624531
2077.7374095018
2727.4495202094
268.5008606989
212.9722382170
177.1507923582
155.8335880433
144.1622074779
140.8424033194
141.4673217689
150.6386132199
171.0972133680
208.3371569679
2140.7249808352
2326.4099871390
1134.4292039765
1221.5673281981
2043.5091139975
2120.8254706505
1079.0731174556
2581.5034786135
3255.9483565329
264.4075310989
204.8675333836
168.4133466402
148.9051291253
153.6411951929
157.0897144592
179.5736198516
516.2234233430
1938.0480577869
1725.0988104119
2433.2380189136
2795.1578221644
2058.9812836992
1593.2534020575
204.7550726953
167.8543428551
181.3869758717
199.0386583624
1429.0125312457
3400.3188471524
2666.1296202957
213.2621478171
231.8736347279
90.5242204992
3400.3188471524