11.4293356398
11.2169924006
11.2635525062
11.5240225710
11.9985522135
12.7204248484
19.8684959291
15.1958374379
14.8853040048
15.9140502711
18.2821285928
14.1090689182
13.7997608618
13.5709165326
13.5893834465
13.9630051562
14.8052400867
16.2881700192
18.6892483609
31.8557912480
74.5541093867
90.8211220834
65.5550695006
69.5164189782
200.0368804017
84.1065257371
18.1808485822
14.9905885738
13.0889523503
11.9971126511
7.2453445712
7.2589903220
7.4217996682
7.7370579691
8.2434947478
9.0177047543
27.4731689003
31.5949900942
18.2913044940
25.1828746226
30.2476571812
48.2354512161
11.1882218756
10.9510254352
10.9060079313
11.1554567001
11.7791720849
12.8810334073
23.4769746391
117.9585854876
84.5955538404
60.3532807264
79.5628621360
89.4475608689
86.1791617724
11.9336841630
9.8390112688
8.5526899282
7.8061792256
7.4075822503
6.5386336787
6.6363487123
7.0425706433
7.7687164612
8.7572522164
15.9664560539
69.1104569856
31.7281036958
40.6612339202
44.0333312312
66.2819768996
402.6239163916
43.1204006839
66.0036765203
99.4695560382
74.9548285001
59.7402428455
84.7302051888
59.3414430703
70.3478360062
10.6809207275
8.6025671919
7.3870469394
6.7606469198
6.2533514156
6.3119314754
6.6217072281
7.1719212848
7.9658621991
9.0685319060
72.4609395465
69.3754313579
27.4929602262
62.7970113104
54.9411298241
47.0959740689
93.9170876606
68.4921651046
66.1043045521
58.1615619224
74.3144757338
72.3472313074
98.5615627084
11.8910817750
9.6273691415
8.0344592197
7.0296457518
6.4720712869
6.2733898047
6.3321559091
6.7461112937
7.5386377071
8.8237298206
70.7883249213
78.5489196034
38.6467409846
41.9309819018
68.2419396779
70.3850101339
37.3434732782
84.5855320945
107.9856262592
11.1160079035
8.9157924505
7.4445896915
6.6116062661
6.6468449340
6.7730751419
7.5615393902
18.3321719700
62.1055264624
56.1681039345
77.6863581219
88.6937752344
66.2349019783
51.7215819625
8.5792893169
7.2043035410
7.5076970860
8.0595579447
45.9647979338
105.5799339870
83.3030730535
8.6285702825
9.1014253479
6.2533514156
402.6239163916