0.9843859573
0.9644813387
0.9678790208
0.9904502815
1.0321568793
1.0959998470
1.7524862492
1.3173703688
1.2877187858
1.3806218843
1.5990090714
1.2135653871
1.1845811031
1.1631053577
1.1641137219
1.1971817550
1.2725531027
1.4060622370
1.6235190381
2.8252533960
6.7505698626
8.2435520820
5.9346621193
6.3069532339
18.2220958450
7.6779975942
1.5991704964
1.3089146823
1.1358908262
1.0363988953
0.6184966316
0.6196683723
0.6339315429
0.6615549708
0.7059554972
0.7739206739
2.4310605255
2.8161845743
1.6167238449
2.2248623939
2.6953322943
4.3010280115
0.9550898718
0.9323049612
0.9270795997
0.9482685124
1.0028848038
1.1004155836
2.0346320146
10.4239821302
7.5007343968
5.3270384480
7.0679689644
7.8351190594
7.7466406354
1.0331689095
0.8477637854
0.7339538108
0.6679864370
0.6328077227
0.5610944594
0.5700229723
0.6062373912
0.6705558176
0.7570244589
1.3779119424
5.9848255027
2.7802638194
3.5230990426
3.8257283251
5.7565768352
263.6468708569
3.6739287488
5.6252645856
8.5492805326
6.4333386379
5.1394886772
7.2781003511
5.0447044151
6.0989038455
0.9236820331
0.7419557280
0.6353314046
0.5804033940
0.5372491376
0.5426584123
0.5699677790
0.6179134750
0.6860848204
0.7792710210
6.0667207504
5.8638619219
2.3421168371
5.2851315602
4.6346510987
3.9704219593
7.8948831465
5.7492829846
5.5307946014
4.8664776747
6.2337233390
6.0114815773
8.2823850390
1.0217712704
0.8287592202
0.6915372593
0.6044723049
0.5560910295
0.5379795569
0.5431790813
0.5786153752
0.6454458221
0.7521934243
5.8021085488
6.4856340039
3.1891611697
3.4706819317
5.6126029566
5.7751012766
3.0904061745
6.9089058038
8.8661144665
0.9473373769
0.7630539054
0.6381686216
0.5669169434
0.5676274953
0.5780401844
0.6433501893
1.5200967352
5.0318770067
4.5764079118
6.2921229522
7.1674027182
5.3708755127
4.2007599474
0.7298336346
0.6147379512
0.6370593926
0.6816789225
3.7228405314
8.4648574890
6.6880036716
0.7298244666
0.7660007943
0.5372491376
263.6468708569