0.0423721069
0.0413879432
0.0414513797
0.0423676407
0.0441254085
0.0468520451
0.0772736586
0.0570871961
0.0550983395
0.0599037566
0.0696362700
0.0517117634
0.0504588073
0.0495576519
0.0496411578
0.0511204334
0.0544483054
0.0603340800
0.0699427925
0.1219000048
0.3035853438
0.3818020277
0.2727858056
0.2787059785
0.8917107194
0.3558908786
0.0707060011
0.0573751444
0.0494126060
0.0448110015
0.0262394198
0.0262788626
0.0268810642
0.0280554034
0.0299456795
0.0328355179
0.1025059658
0.1194814486
0.0695307672
0.0941727107
0.1150237126
0.1814753906
0.0403023749
0.0393305854
0.0391163821
0.0400261086
0.0423562839
0.0465160066
0.0855669066
0.4363334261
0.3153230051
0.2239815376
0.2972577869
0.3274778579
0.3280385096
0.0441794891
0.0361913735
0.0312627501
0.0283991899
0.0268680093
0.0240178590
0.0244368591
0.0260667700
0.0289304035
0.0326804407
0.0584837971
0.2498181475
0.1168925149
0.1474269050
0.1599731560
0.2400871128
76.7828490652
0.1534579756
0.2346551892
0.3561674970
0.2686322810
0.2150150411
0.3039669956
0.2114085562
0.2547607523
0.0395882905
0.0318082357
0.0272122727
0.0248405399
0.0230909035
0.0233553073
0.0245768750
0.0266815730
0.0296053543
0.0335110099
0.2541781444
0.2451304521
0.0983489200
0.2210725804
0.1938311102
0.1661456288
0.3298068781
0.2405695631
0.2317641169
0.2042433851
0.2612128599
0.2527451827
0.3465149506
0.0437005342
0.0355342003
0.0296882445
0.0259593014
0.0238856710
0.0231414117
0.0233895342
0.0249307347
0.0277775192
0.0322566146
0.2446620433
0.2725441747
0.1345055807
0.1460977481
0.2362655212
0.2433807562
0.1304309444
0.2917337047
0.3732714148
0.0404971972
0.0327082643
0.0274024581
0.0243656233
0.0243929775
0.0248491445
0.0276187516
0.0645241565
0.2132342883
0.1935158836
0.2664187294
0.3037364876
0.2276153903
0.1781672681
0.0312679556
0.0263884406
0.0273195680
0.0292048580
0.1580250337
0.3597606110
0.2843381898
0.0312451563
0.0327621605
0.0230909035
76.7828490652