1.9711033243
1.9318307822
1.9388487415
1.9839813186
2.0671678013
2.1943638257
3.4929005856
2.6382894590
2.5760912556
2.7634290638
3.1944673511
2.4305388806
2.3734080518
2.3310834166
2.3333248186
2.3992095592
2.5490810510
2.8142689597
3.2457298961
5.6252696104
13.3955836547
16.4302875665
11.7877711661
12.4988775002
36.6831545709
15.1971525076
3.1900305450
2.6144507822
2.2713540240
2.0741206709
1.2405900950
1.2429150991
1.2713694554
1.3264927454
1.4150923399
1.5506819872
4.8431433260
5.6014584535
3.2196113636
4.4330651096
5.3604510396
8.5554886441
1.9156103476
1.8708860144
1.8609335107
1.9034832995
2.0125353259
2.2068874608
4.0698954733
20.7756613055
14.9385554585
10.6194783110
14.0724722960
15.6435667306
15.3865398613
2.0673239674
1.6977733079
1.4708844082
1.3393327611
1.2691545482
1.1246134663
1.1423051599
1.2144152551
1.3426592111
1.5155058254
2.7592613594
11.9757093676
5.5516393408
7.0493692904
7.6505651995
11.5122646066
800.1396944874
7.3725651666
11.2880315047
17.1293290446
12.8928539870
10.2955062061
14.5850735998
10.1277378836
12.2008345977
1.8488233988
1.4858271606
1.2729371871
1.1632423093
1.0767090529
1.0874192379
1.1419247956
1.2378302614
1.3745802353
1.5620658412
12.2136378384
11.7855282888
4.7012663234
10.6302979667
9.3175639899
7.9832793986
15.8820114640
11.5682308946
11.1353554718
9.7977636404
12.5451603559
12.1181786237
16.6630775314
2.0475114404
1.6602700409
1.3854502873
1.2112455414
1.1144555363
1.0785756742
1.0889609717
1.1600694087
1.2945355389
1.5098732318
11.7252318536
13.0889546427
6.4368779416
7.0009348157
11.3348033530
11.6681730911
6.2341092505
13.9689443627
17.9116918293
1.9011565622
1.5302493221
1.2794853183
1.1366012346
1.1388681774
1.1599221115
1.2917186334
3.0656242590
10.1888432956
9.2578903973
12.7417137743
14.5193603194
10.8733553760
8.5018753912
1.4652040904
1.2335280702
1.2795937615
1.3700296932
7.5388965484
17.1715595344
13.5636755087
1.4666814971
1.5407549483
1.0767090529
800.1396944874