71.4026526224
70.1163444835
70.4591024552
72.1530206230
75.2063343486
79.8370730580
124.7129618119
94.7871034927
93.6951827260
99.3170015147
114.7619528020
88.5966691161
86.5280161969
84.9688795393
85.0085028912
87.3368278752
92.6769429757
102.1346883781
117.5018294586
203.6541957727
471.5062498155
558.7566248184
407.3497270916
446.8711545806
1161.6490834777
525.5241452567
113.5477827630
93.5983340930
81.7227646175
74.9201697200
45.3393734904
45.4372266581
46.4815476709
48.4944165290
51.7259991205
56.6751895914
177.6364830065
204.9473551592
117.0211019199
162.3459453679
195.6120640203
313.8318692218
70.2312591438
68.6007778200
68.2298986793
69.7730136769
73.7410762461
80.8136562126
149.3722854108
764.3871411642
548.5758708194
389.7972354598
516.5655239351
575.6852201732
563.3279289466
75.1394718028
61.7806203251
53.6072782008
48.8762608306
46.3574801310
40.8522798454
41.4547045076
43.9839112091
48.5132786471
54.7210663715
100.6094415784
440.8674897187
203.5751634603
259.1696981470
281.4648418420
424.1430543648
1153.3868626502
271.5130349641
415.9735766680
631.5097261313
474.8107144808
378.7239702403
536.9695421737
372.3365102762
449.0235098925
67.0874543731
53.9099841485
46.2165955850
42.2577756951
39.0040662934
39.3562087390
41.2749515321
44.6933950381
49.6399409399
56.5182968176
449.4043278029
433.8793685079
172.5473468606
391.3650052189
343.0546117942
293.8506979365
585.2287439589
425.9791813812
409.8215662685
360.3168533049
461.5985944772
445.4694656783
613.5055427205
74.4076983799
60.2357038687
50.2233312096
43.8991321524
40.3874945023
39.0526717585
39.3998800295
41.9516604066
46.8435115409
54.7566145409
430.8550936183
481.4545175228
236.3615509489
257.2733970358
416.7775083002
428.8982423276
228.8050213017
513.2675762075
658.6890320142
69.1421226686
55.5433904819
46.3842767405
41.1774346993
41.2707391853
42.0218460728
46.8386813891
112.1252157802
373.9931138179
339.9667147371
467.9196505366
533.1665326208
399.1146590895
311.8822027900
53.2195797550
44.7377345677
46.4519112081
49.7701807259
276.5166941484
630.2466003464
497.6844437340
53.3173546979
56.0608752047
39.0040662934
1161.6490834777