204.6716689642
202.2805413099
203.9682293927
209.1235278211
217.8459484123
230.7286645645
332.8321881937
266.7602834315
268.8224919787
278.5129763876
316.2050295161
257.7522155227
252.6016433198
248.5450623555
248.5899357773
254.6351774478
268.5340407984
292.9645336385
332.1177377375
555.9640426633
1165.8489757588
1304.1846052704
967.4397721007
1133.6009658689
2418.9167094696
1210.2680015016
303.4482781096
256.3046530299
228.3511596395
212.5391738586
134.0826470379
134.4309396693
137.4212417387
143.1348939008
152.2840881742
166.2923401924
502.1724500594
568.0734575168
322.4439302969
457.5936406262
538.0759961473
876.0983586448
209.0652811085
205.0769023225
204.3670830464
208.8976941616
220.1270876210
239.8296630722
437.1446102906
2187.5941274070
1552.9437926593
1111.0161465870
1457.4753477082
1672.8494447812
1545.6156789089
215.5806665150
178.8785029413
156.5688901168
143.6732391449
136.8197424578
118.5947590103
119.9472107860
126.3779060242
138.2322323169
155.4802423951
293.1378810948
1304.9492338513
586.8963050644
764.1316037745
827.1591924450
1251.1364207166
1446.6448264269
821.3394685849
1259.9209665022
1893.4123592570
1422.2223828814
1128.1037243119
1606.4724054431
1125.4118193450
1325.7084081659
192.2405136951
155.0361056093
133.6190757749
122.6188749860
112.4520670821
113.1546523885
118.1799858283
127.5687719074
141.9157766036
162.9084125652
1387.3723151487
1326.0120363920
518.9199242669
1201.9753430853
1050.5133912649
899.9136910841
1802.9097390810
1312.2953814714
1265.7874844354
1110.6870978300
1420.8508513472
1383.0201706580
1887.6095527078
215.8243930702
173.6913244932
144.6132321780
126.5278601477
116.5170387705
112.7769747524
113.5834682159
120.8789525311
135.5556979434
160.2171186753
1357.3508457840
1508.4205077330
737.8985762383
801.7706679224
1309.6972414363
1350.0509358937
710.9490048269
1621.3939738037
2074.0890827333
203.0581516937
161.5744094779
134.3209939750
119.0575841854
120.0575607213
122.3109995283
137.1929058805
345.1479184211
1189.0040342185
1075.7095037492
1489.7300055250
1700.7022855017
1267.3738056866
987.3123057640
156.2633564063
130.4690038794
136.7311444367
147.3631699794
877.7801302788
2024.1361112944
1594.9167813996
157.9726291138
167.4728775456
112.4520670821
2418.9167094696