17.5436595873
17.2150613532
17.2898411292
17.6981452857
18.4408228005
19.5707539836
30.7499810383
23.3656239158
22.9565643336
24.4703715995
28.2496488089
21.7031269048
21.2016525859
20.8270573042
20.8437456324
21.4205256422
22.7354141236
25.0607846039
28.8380359958
49.8099158823
116.5604259029
140.7274922612
101.6823304698
109.6076210124
304.3957355144
131.0426503837
28.0560449362
23.0856218446
20.1247524912
18.4259608750
11.1054568453
11.1277674572
11.3819078065
11.8730227045
12.6618872191
13.8693520655
43.1751348868
49.8154889625
28.5806110302
39.4994976074
47.6140635211
76.1771018521
17.1745870062
16.7822623310
16.6964253667
17.0761969417
18.0462251284
19.7720477823
36.4166306305
185.5370003138
133.2069671188
94.7434353184
125.4207179540
139.9196110954
136.6897928299
18.4139937695
15.1429355539
13.1378904096
11.9760571276
11.3567263925
10.0289375578
10.1801406206
10.8081504117
11.9301348703
13.4582739566
24.6292414468
107.3374140094
49.5672065854
63.1370282505
68.5113182471
103.1713374126
660.3969438364
66.2691800705
101.4916334150
153.8300442096
115.7457525738
92.3429893007
130.8970531864
90.9908349697
109.3203133818
16.4576392599
13.2315717433
11.3447016255
10.3730090979
9.5870609509
9.6769320131
10.1534138155
10.9986436673
12.2157020124
13.9005435385
110.0550966697
106.0590655138
42.1889440904
95.7306697353
83.8819716199
71.8660659512
143.1157146651
104.2348349884
100.3608754781
88.2697588495
113.0021303640
109.2780949746
150.1008904686
18.2587339541
14.7892603838
12.3365995365
10.7860510545
9.9249807200
9.6044084582
9.6929277725
10.3235719753
11.5272111945
13.4691441136
105.9515809607
118.1945498412
58.0807772523
63.1632684157
102.3990680944
105.4315344172
56.2129696436
126.2930595773
161.8626243407
16.9829417485
13.6471368919
11.4009840875
10.1241624871
10.1525203412
10.3398989255
11.5257417525
27.5864607284
92.1947424031
83.7062933279
115.3238685176
131.4599177033
98.3729645137
76.8749294895
13.0845175486
11.0021725240
11.4287856907
12.2473346465
68.1916802145
155.6378445495
122.8915270733
13.1154094998
13.7952110069
9.5870609509
660.3969438364