93.2425744311
91.6193901994
92.1005420849
94.3309531273
98.3251402532
104.3674976842
161.9278900270
123.5226450409
122.4316007706
129.4088833052
149.3878817688
115.8900674497
113.2067262679
111.1750763619
111.2169863129
114.2312601162
121.1542875645
133.4130246887
153.3147927548
265.2759616835
608.7026128064
715.7619405110
523.5270494426
578.9770636645
1467.1318069993
674.4248824726
147.3773912416
121.7336341614
106.4742541307
97.7429566902
59.3821490431
59.5139744088
60.8801608509
63.5104000166
67.7319003752
74.1977786533
232.2353206615
267.5813952145
152.5850151581
212.1678337033
255.1936243273
410.0523005293
92.0554005476
89.9401646411
89.4622256105
91.4803397872
96.6623393141
105.8914309447
195.6402574537
1000.3508741519
717.3293751208
509.8599433712
675.3382385936
754.0090429742
735.2146697044
98.1814804505
80.7774300233
70.1378370412
63.9811359308
60.7045173758
53.4072465082
54.1776378335
57.4454126448
63.3118629254
71.3967495715
131.6237943662
578.0094717843
266.4053767945
339.6648429373
368.8456830473
556.0357784898
1227.0699837279
356.3893497171
546.0949745580
828.6693956365
622.9315985963
496.6640693282
704.4116722357
488.6107794511
588.6224186328
87.6341305971
70.4327036042
60.4035175802
55.2441063136
50.9528689484
51.3985904635
53.8826091541
58.3269509699
64.7902626836
73.8209023079
590.4936662892
569.8131750224
226.3257946246
514.1175078341
450.5894676747
385.9558356563
769.0326332995
559.7211225290
538.5190884822
473.3790072193
606.4372178921
585.4607479607
806.0569428083
97.2778452268
78.7075245175
65.6120963810
57.3511758221
52.7651574398
51.0174655175
51.4609089060
54.7885497465
61.1969048214
71.5995468118
566.6990290572
633.1470780026
310.6799051284
338.1719847227
548.1371943209
564.1292630924
300.6813110536
675.1855968127
866.4131293705
90.4628782611
72.6142447652
60.6151187370
53.8012567268
53.9425535213
54.9236706674
61.2478294366
147.1959293088
492.0990052218
447.2222063027
615.7997703919
701.7107681750
525.1369003597
410.2582584431
69.6174493023
58.4887131657
60.7678102482
65.1358002784
363.7688896885
829.8094229101
655.1336394790
69.7872917065
73.4203016132
50.9528689484
1467.1318069993