2.8467344771
2.7933978895
2.8054765679
2.8716361188
2.9920045912
3.1751470557
4.9879729391
3.7991956460
3.7237779726
3.9772217092
4.5879736274
3.5210915090
3.4399840915
3.3794505930
3.3823040436
3.4759231953
3.6891843469
4.0662394872
4.6786069016
8.0726700676
18.9121210167
23.0121314258
16.5366798707
17.7500948159
50.5673092958
21.2090924465
4.5519590334
3.7457129988
3.2654361837
2.9898711965
1.8023022177
1.8058619517
1.8470323879
1.9266389411
2.0545227362
2.2502459375
6.9945031273
8.0669539232
4.6308656122
6.3991573643
7.7107908308
12.3356405915
2.7866476866
2.7232794123
2.7095269630
2.7712109350
2.9285551903
3.2083785789
5.9059354535
30.0612271259
21.5796704493
15.3534714446
20.3180297709
22.6822460761
22.1290045816
2.9883320822
2.4576543960
2.1322740760
1.9436896901
1.8431333597
1.6282543129
1.6528236876
1.7548766898
1.9372210396
2.1855506725
3.9979727200
17.4101053045
8.0381793916
10.2417296300
11.1107521519
16.7299169753
349.9666472342
10.7537109973
16.4683326562
24.9532492937
18.7775686744
14.9805514689
21.2361553784
14.7674093818
17.7300699308
2.6716313575
2.1481528564
1.8418889759
1.6841280547
1.5568886249
1.5715281214
1.6490006497
1.7864184627
1.9842723819
2.2581334944
17.8691048166
17.2163073918
6.8486055785
15.5405953787
13.6160722095
11.6657997909
23.2313307754
16.9210897685
16.2933463309
14.3307944022
18.3452020029
17.7444962327
24.3664656035
2.9643747134
2.4012926961
2.0032238280
1.7515325433
1.6117408757
1.5599058868
1.5743521770
1.6768938304
1.8725472044
2.1881242004
17.2097868592
19.1953804394
9.4335925659
10.2580541008
16.6306427507
17.1243962019
9.1291004056
20.5139871404
26.2889648880
2.7577403358
2.2161786983
1.8515447804
1.6442648867
1.6490409088
1.6795703301
1.8723055380
4.4812675994
14.9780687224
13.5980589135
18.7349888085
21.3569522886
15.9810492425
12.4887159219
2.1250538261
1.7869555433
1.8564040904
1.9894752497
11.0790241034
25.2877441319
19.9669671463
2.1302570064
2.2408250482
1.5568886249
349.9666472342