686.2483859409
680.7540581618
688.1844035935
706.8102385865
737.1717306419
781.3393859000
1084.5994616743
892.9699188593
910.6236844544
929.1152173777
1052.5104082973
875.7728325759
857.8261902659
843.1023350163
842.1296659230
861.3531956843
906.8366128590
987.2394841858
1116.0151615971
1884.2236708040
3707.5829516035
3987.5683334230
2939.9080992457
3734.1801519392
6677.2535835875
3569.1273810639
983.4566795181
840.3812457650
755.9856344561
708.8443437153
457.1755755688
458.5713183935
468.9240793739
488.5425556289
519.9023641274
568.0208868764
1753.2173349404
1976.7750134150
1096.1283653281
1589.1811983093
1857.3046529184
3069.3345845018
716.9440923087
702.6293574888
699.6210531739
714.7980194424
753.1922574310
820.9125924997
1513.3470634687
7680.9185932874
5439.4609255497
3881.0963804000
5108.8565543531
5851.4155462471
5415.1762880350
732.1454970556
607.5733662128
532.4037412201
489.1158524699
466.2055399282
400.8420873163
404.6823888867
424.9445776244
463.0358468661
520.7444936636
1001.2427021929
4543.0358405703
2043.9610667858
2656.6011170357
2881.9516373144
4367.8220214846
1465.8090162753
2836.6632458201
4356.5837682142
6579.7079976855
4929.4914149257
3906.7247708062
5567.3614855841
3870.4908822622
4613.5613584575
650.8060503812
524.1780314288
451.7897957644
414.6656233491
378.3829229903
380.0872268555
396.0711265697
426.8380583379
475.2679238730
547.7534282912
4747.2946192293
4561.5230654415
1784.0832800129
4126.9733562652
3610.6930299279
3090.7031513559
6194.2219787874
4500.4553998053
4330.4303923253
3795.2819386632
4864.5504734529
4708.6955318655
6474.6464871888
730.6733184738
586.7582925952
487.7787439755
426.4378841531
392.4581351600
378.9280171705
381.0996069213
405.1965686969
454.8277336035
539.2432276907
4594.6122934588
5128.9477283370
2501.8372845524
2724.5372799806
4443.4480467612
4573.8407576682
2410.6756544914
5479.3539347497
7032.7326099316
686.0591763868
544.9740066820
452.3604675910
400.5017637353
403.4147481509
410.6784019090
460.9725207886
1165.0266239143
4001.0430334989
3629.4869426855
5015.9360778272
5720.5494559255
4265.2942396576
3321.7648057328
526.4496056329
438.9282359184
459.7850753446
495.6072440033
2950.0525170056
6785.3418764929
5346.5340365548
531.8112823767
563.6565080877
378.3829229903
7680.9185932874