1.1506497932
1.1271553520
1.1310045958
1.1573386877
1.2060998773
1.2808024420
2.0529616959
1.5408650256
1.5052066310
1.6151698818
1.8714359370
1.4178895128
1.3838636858
1.3586812384
1.3598692957
1.3986358029
1.4869946640
1.6435440855
1.8986246853
3.3075342137
7.9257915666
9.6911360914
6.9746888583
7.3989350394
21.4663692518
9.0270286875
1.8731889117
1.5321203744
1.3287902247
1.2118396635
0.7222416776
0.7235987803
0.7402724638
0.7725735329
0.8244970063
0.9039789529
2.8431487393
3.2955427880
1.8921887429
2.6022831043
3.1549253300
5.0321456144
1.1150484225
1.0882861297
1.0821113905
1.1068605576
1.1707333073
1.2848513414
2.3768007461
12.1863687892
8.7718833836
6.2286653027
8.2665046830
9.1553776734
9.0686037797
1.2077098253
0.9906808362
0.8574327543
0.7801954043
0.7390045566
0.6556213121
0.6661243367
0.7086036734
0.7839906064
0.8851659824
1.6098543719
6.9891008108
3.2494884552
4.1147284307
4.4687583480
6.7231888580
279.8278960975
4.2868004874
6.5636362928
9.9790612680
7.5092856240
6.0005347309
8.4960773155
5.8865880283
7.1225894804
1.0797757776
0.8672332110
0.7424719178
0.6781961043
0.6279002617
0.6342773105
0.6662850582
0.7224038615
0.8020610059
0.9107589904
7.0736678775
6.8398605278
2.7334569010
6.1635618516
5.4055560453
4.6308484361
9.2061113932
6.7041248983
6.4486582439
5.6746457248
7.2691188843
7.0077048406
9.6583286042
1.1939576217
0.9686072538
0.8082654372
0.7064786074
0.6499098678
0.6287178438
0.6348281681
0.6762527910
0.7542526717
0.8786715005
6.7597607252
7.5575926575
3.7168178017
4.0452050429
6.5394577253
6.7285741430
3.6023296668
8.0482341116
10.3301788678
1.1065047852
0.8915459400
0.7457421930
0.6625118257
0.6632021082
0.6753533030
0.7514972392
1.7724827720
5.8601376238
5.3306512323
7.3273027364
8.3459396257
6.2549636768
4.8928008777
0.8524546037
0.7181864755
0.7440239863
0.7959720207
4.3358186534
9.8538864726
7.7861400712
0.8521718195
0.8941516296
0.6279002617
279.8278960975