0.0036869097
0.0035963174
0.0036000765
0.0036804563
0.0038363404
0.0040792722
0.0068556599
0.0049950892
0.0048147122
0.0052441393
0.0061401516
0.0044961267
0.0043792856
0.0042948781
0.0043000389
0.0044314925
0.0047301560
0.0052610360
0.0061316928
0.0108788721
0.0274750514
0.0345474594
0.0246693661
0.0252970426
0.0807110031
0.0323227897
0.0062569513
0.0050482146
0.0043263190
0.0039088211
0.0022660096
0.0022694776
0.0023227294
0.0024265460
0.0025937275
0.0028496258
0.0091426309
0.0107223900
0.0061885778
0.0083880970
0.0103144980
0.0162933863
0.0034813299
0.0033888638
0.0033656904
0.0034438736
0.0036496512
0.0040204634
0.0074959390
0.0389117980
0.0281801705
0.0199396382
0.0265995006
0.0289816919
0.0296308594
0.0038627280
0.0031511364
0.0027123742
0.0024577540
0.0023217741
0.0020835048
0.0021215798
0.0022672808
0.0025220870
0.0028527671
0.0051012047
0.0218809544
0.0103341904
0.0129116449
0.0140520888
0.0210817555
40.9311674891
0.0132452102
0.0202421435
0.0309792620
0.0233246177
0.0187126204
0.0264143090
0.0181867127
0.0222981112
0.0034575960
0.0027715463
0.0023652804
0.0021557144
0.0020049663
0.0020291117
0.0021373802
0.0023222738
0.0025760630
0.0029103539
0.0215546998
0.0209956262
0.0084862579
0.0188480373
0.0165595331
0.0142034103
0.0281171679
0.0204525859
0.0196482305
0.0173016674
0.0221886123
0.0212738098
0.0294772916
0.0037952373
0.0030908499
0.0025819797
0.0022557719
0.0020741561
0.0020059730
0.0020279840
0.0021613562
0.0024044501
0.0027815141
0.0203390576
0.0228063853
0.0112483575
0.0122557701
0.0196932443
0.0202406437
0.0109374150
0.0241501561
0.0310759646
0.0034910132
0.0028302589
0.0023745241
0.0021118788
0.0021065306
0.0021447184
0.0023772321
0.0054194407
0.0174997659
0.0159791100
0.0218604450
0.0248673086
0.0186972015
0.0146579691
0.0026908225
0.0022771925
0.0023455973
0.0025000932
0.0129710914
0.0292010983
0.0231112464
0.0026746779
0.0027916088
0.0020049663
40.9311674891