0.0027517335
0.0026822060
0.0026837351
0.0027428334
0.0028585184
0.0030393686
0.0051430633
0.0037321667
0.0035877940
0.0039194683
0.0045920934
0.0033473702
0.0032602594
0.0031977793
0.0032023442
0.0033013339
0.0035254588
0.0039236005
0.0045767777
0.0081157341
0.0206930250
0.0261424424
0.0186447366
0.0189823460
0.0615901259
0.0245251503
0.0046973588
0.0037829633
0.0032366205
0.0029203225
0.0016854655
0.0016878857
0.0017274303
0.0018046484
0.0019290368
0.0021193691
0.0067843074
0.0079745850
0.0046173829
0.0062273956
0.0076762559
0.0120919592
0.0025859038
0.0025172043
0.0025001645
0.0025584935
0.0027117291
0.0029877218
0.0055604720
0.0288225496
0.0208989088
0.0147870538
0.0197228680
0.0214781743
0.0220524013
0.0028778296
0.0023469503
0.0020192278
0.0018289395
0.0017272525
0.0015528467
0.0015817691
0.0016915199
0.0018830110
0.0021300560
0.0037945535
0.0161892207
0.0076636794
0.0095606844
0.0104052872
0.0156001883
27.1916958906
0.0098076339
0.0150117148
0.0229332222
0.0172808737
0.0138686544
0.0195665113
0.0134892487
0.0165026875
0.0025773313
0.0020661833
0.0017630235
0.0016065842
0.0014957060
0.0015141889
0.0015956444
0.0017341837
0.0019233482
0.0021711689
0.0159923444
0.0155720182
0.0062872863
0.0139879622
0.0122885183
0.0105262148
0.0208072559
0.0151722143
0.0145709583
0.0128535864
0.0164662835
0.0157901275
0.0218566152
0.0028278807
0.0023043490
0.0019255582
0.0016824506
0.0015470834
0.0014968187
0.0015136017
0.0016133611
0.0017943381
0.0020740925
0.0151008215
0.0169389238
0.0083583454
0.0091153885
0.0146091718
0.0150352082
0.0081315394
0.0179578379
0.0230666835
0.0026013803
0.0021102246
0.0017711017
0.0015755354
0.0015716709
0.0016002979
0.0017732919
0.0040399704
0.0130316379
0.0118913178
0.0162746293
0.0185195632
0.0139282691
0.0109198801
0.0020063759
0.0016986062
0.0017494970
0.0018644106
0.0096560423
0.0217799756
0.0172493778
0.0019943736
0.0020813721
0.0014957060
27.1916958906