68.6128133532
67.3786940602
67.7085984031
69.3357908008
72.2682046115
76.7151020095
119.7769345430
91.0931472270
90.0221169198
95.4360858086
110.2523326261
85.1348258067
83.1509797792
81.6558402519
81.6950364000
83.9311414971
89.0583215155
98.1376411894
112.8877999794
195.5579094981
452.5697062344
536.8175260991
391.1007897267
428.8281914083
1118.6659216518
504.3300128140
109.0677926363
89.9181306570
78.5186552072
71.9889364958
43.5754734648
43.6693331570
44.6723160903
46.6056318269
49.7095073628
54.4629738432
170.5813415821
196.7679312341
112.3624834901
155.8957708974
187.8027252409
301.2997547671
67.4974911464
65.9347438561
65.5806545309
67.0640392234
70.8757548009
77.6679512173
143.5102990221
734.0656804902
526.7456873389
374.3470337686
496.0181793583
552.9771004803
540.7143503001
72.1966048275
59.3668539663
51.5169097803
46.9728700219
44.5535008931
39.2605184700
39.8387919903
42.2678875067
46.6186464638
52.5832268310
96.6810457349
423.6005846633
195.5466394163
249.0114367977
270.4131519361
407.4886249057
1130.2468143562
260.9577030513
399.8141391319
606.8866262664
456.2963060270
363.9547965033
516.0145293912
357.9033412211
431.4379408464
64.4630436930
51.8042396892
44.4139292308
40.6109375412
37.4843136189
37.8223651602
39.6657100409
42.9505944035
47.7052962175
54.3189012526
432.1090461468
417.1049786046
165.8530578928
376.2703364282
329.8011154936
282.4993238115
562.6464932325
409.5675872771
394.0413709918
346.4534878309
443.8303108293
428.3993334592
589.8615424101
71.5065236901
57.8854725495
48.2642590455
42.1877476594
38.8136965215
37.5327863272
37.8664988189
40.3194616766
45.0231009636
52.6336730173
414.4492214378
463.0614177553
227.3356131330
247.4259541824
400.8734107655
412.5506432763
220.0589512464
493.7511114073
633.5539111536
66.4574438506
53.3827785140
44.5789163492
39.5747615263
39.6679178696
40.3906808154
45.0236144219
107.8329811894
359.8362807070
327.0446657719
450.2059547895
512.9979777556
383.9835201333
300.0535417296
51.1556927871
43.0006114682
44.6533708356
47.8464969116
266.0334366660
606.5010191869
478.9177457048
51.2556769527
53.8986145759
37.4843136189
1130.2468143562