0.5956648896
0.5835511953
0.5853419479
0.5985488676
0.6231078040
0.6607530463
1.0518096157
0.7964593700
0.7739883717
0.8345088884
0.9608320841
0.7316038634
0.7152405369
0.7033047785
0.7044800897
0.7244222672
0.7691806631
0.8480129752
0.9759215056
1.6694378927
4.0075926029
4.9801857446
3.5688627075
3.6967860803
11.3958374587
4.5962051670
0.9638933588
0.7902446770
0.6866274330
0.6269582163
0.3744093628
0.3750396013
0.3834660337
0.3998436959
0.4261778082
0.4664212099
1.4240287884
1.6432013201
0.9554991713
1.3068177685
1.5767904741
2.5032792425
0.5767999894
0.5642659505
0.5618483089
0.5748029202
0.6072764365
0.6647438543
1.2122121061
6.0980772740
4.3823637957
3.1253394665
4.1237552861
4.6165027905
4.4851093231
0.6206267518
0.5108397534
0.4432493425
0.4039843651
0.3829939286
0.3396833461
0.3450758340
0.3668889993
0.4056235975
0.4575545225
0.8278477529
3.5594072368
1.6417506407
2.0962530740
2.2700058603
3.4133091692
130.6407809162
2.2149717852
3.3887283756
5.1118105650
3.8542884956
3.0757035840
4.3585103361
3.0508733710
3.6247929848
0.5560127629
0.4476504030
0.3840298147
0.3512184067
0.3255742037
0.3288921301
0.3454411957
0.3744954299
0.4158408030
0.4724927213
3.7141685565
3.5598461458
1.4154305302
3.2200065888
2.8182400794
2.4159026007
4.8119178379
3.5102552666
3.3876328406
2.9822290292
3.8104075737
3.7065787751
5.0526143426
0.6176685359
0.5008313130
0.4182051561
0.3658999332
0.3368601102
0.3266216210
0.3298785007
0.3515610920
0.3925436479
0.4583461995
3.6199621459
4.0184104441
1.9793432946
2.1475232236
3.4899769679
3.5990231661
1.9142083971
4.3236672353
5.5206367247
0.5762937695
0.4632073376
0.3872198868
0.3440737448
0.3456011531
0.3521971146
0.3927248613
0.9422636228
3.1726932462
2.8709550949
3.9670346430
4.5279602858
3.3841068951
2.6444089351
0.4450486890
0.3743126251
0.3894450170
0.4176254241
2.3492374431
5.3854135759
4.2509744677
0.4469089628
0.4707003617
0.3255742037
130.6407809162