0.3722512372
0.3643176217
0.3651880057
0.3732592009
0.3884612185
0.4118692603
0.6625439206
0.4977796124
0.4825479851
0.5219498864
0.6022827486
0.4555011819
0.4452990318
0.4379585853
0.4388447439
0.4514695652
0.4796338688
0.5291884641
0.6096505780
1.0428252860
2.5377142397
3.1704084479
2.2745832611
2.3320805268
7.3156174745
2.9476999117
0.6074303213
0.4966665689
0.4305218634
0.3923620909
0.2328814230
0.2332444241
0.2384678407
0.2486416972
0.2650054696
0.2899962440
0.8807924736
1.0194430838
0.5971781894
0.8101573398
0.9812277499
1.5484469494
0.3579680431
0.3502284854
0.3487989042
0.3568965985
0.3770834371
0.4127669705
0.7496358508
3.7563769230
2.7051511008
1.9294311080
2.5454265709
2.8426356010
2.7774636030
0.3866064599
0.3181664956
0.2759517642
0.2514050406
0.2382695769
0.2118502753
0.2153096558
0.2291114495
0.2535277856
0.2859674429
0.5137049856
2.1920202307
1.0135911786
1.2925815771
1.3991136915
2.1011896916
82.6873820977
1.3672318404
2.0904995046
3.1483214943
2.3771108344
1.8979299554
2.6875654868
1.8866728224
2.2329642262
0.3466637950
0.2792067092
0.2395097213
0.2190227052
0.2033294621
0.2054850692
0.2159371474
0.2341757489
0.2599356001
0.2949795001
2.3011819390
2.2001881992
0.8756362447
1.9921075237
1.7428765090
1.4946445682
2.9759147504
2.1732356845
2.0996720168
1.8497934625
2.3606765750
2.3035077247
3.1270971752
0.3850427065
0.3124542457
0.2610342405
0.2284341341
0.2103307655
0.2040923600
0.2061908786
0.2197791942
0.2453090858
0.2861488008
2.2573757951
2.4988199970
1.2331092769
1.3360077360
2.1735451315
2.2437771681
1.1925772496
2.6999568037
3.4394789895
0.3595596961
0.2891552107
0.2418270354
0.2149412984
0.2159873253
0.2201390756
0.2454124635
0.5882330327
1.9871700191
1.7945568299
2.4839071388
2.8373877725
2.1194890675
1.6563477790
0.2779819661
0.2338714811
0.2434029613
0.2610101773
1.4726376622
3.3837552807
2.6707688451
0.2792802591
0.2942275836
0.2033294621
82.6873820977