4.7358667290
4.6454136844
4.6648722543
4.7751166528
4.9763130122
5.2828714421
8.3474361624
6.3220206152
6.2019521324
6.6217611332
7.6579769148
5.8560081545
5.7183996659
5.6157294333
5.6198600822
5.7766110896
6.1345168661
6.7681507986
7.7986560337
13.5242158435
31.8241195802
38.5831852374
27.8008727311
29.9214126897
84.0314444909
35.8022157552
7.6084010547
6.2505225149
5.4416134722
4.9773256676
2.9921562989
2.9981187201
3.0669035249
3.1998747976
3.4134993003
3.7405430555
11.7065876449
13.5285991271
7.7566182557
10.7088287009
12.9345891987
20.6835111552
4.6263346180
4.5183097850
4.4939696583
4.5962502726
4.8589138607
5.3271605373
9.8355772432
50.2777967855
36.1255120173
25.6743468694
34.0270820582
37.8559233964
37.1768711750
4.9761431109
4.0882111342
3.5438719155
3.2284884146
3.0603840648
2.7059379617
2.7473337106
2.9182843018
3.2232393486
3.6373118331
6.6500466670
28.9790068126
13.4150072430
17.0492637768
18.5091647063
27.8665059298
458.6649552762
17.8387420919
27.3176350067
41.4680592766
31.1977884738
24.9021190960
35.2874153151
24.4842980400
29.5203012258
4.4473505738
3.5738126895
3.0624203656
2.7990389352
2.5878365051
2.6125372555
2.7419594679
2.9709110529
3.2994419913
3.7525669275
29.5311748534
28.5065563304
11.3585828028
25.7105819394
22.5371472753
19.3076509445
38.4266627647
27.9796388291
26.9253253183
23.6844345260
30.3308842546
29.2822818735
40.3023149783
4.9277511715
3.9932347444
3.3311051938
2.9119389055
2.6790696160
2.5917641168
2.6158787452
2.7860697231
3.1097563607
3.6302139867
28.3203521630
31.6362868458
15.5456457161
16.9142291498
27.3870968846
28.1871948469
15.0533788128
33.7367515275
43.2746320280
4.5761952647
3.6807793978
3.0761588645
2.7318935442
2.7374110584
2.7876258002
3.1053513794
7.3920607103
24.5920937813
22.3517944823
30.7577239889
35.0471925251
26.2430326111
20.5163268899
3.5248991074
2.9659189861
3.0775021883
3.2957498247
18.1891434444
41.4340048244
32.7248548266
3.5292297156
3.7084671853
2.5878365051
458.6649552762