688.2521510107
682.6133250019
689.9952598038
708.6452633348
739.0974374057
783.4315221441
1090.2988734315
895.7808979562
913.2735478317
932.1792143667
1056.7911233073
877.9416819000
859.8624079540
845.0548142172
844.0876771697
863.4306457829
909.1856918623
990.0863904065
1119.7219918535
1892.6519819308
3736.8567061789
4023.1908335260
2967.0994396798
3761.3385785348
6756.3638480713
3610.3379341038
988.5044025788
844.0204136760
758.7770184318
711.1333992677
458.0957620826
459.4899093070
469.8736025814
489.5546405645
521.0161508063
569.2906702836
1758.8241216920
1984.5781719226
1100.8879287486
1594.5754849760
1865.2103831825
3080.3661843558
718.2459569380
703.8224854687
700.7723024268
715.9829006782
754.4998829028
822.4658154177
1516.5498733676
7701.6496930234
5456.4552348413
3892.3687972955
5125.4131939736
5864.8332501402
5437.8834427479
734.2224905333
609.1429210195
533.6525213999
490.1781668184
467.1680915814
401.8457982507
405.7325101783
426.1287975208
464.4316490094
522.3479045300
1003.5347970388
4551.0855207145
2049.0994726738
2661.5241232132
2887.8182799967
4375.9906684256
1509.8060696913
2840.1087842035
4361.9480797642
6589.0937434011
4936.8546734152
3913.0579611280
5575.6844460488
3875.5028815750
4621.9131648853
652.6683877578
525.6263060893
452.9715147773
415.7088321602
379.4019651372
381.1395969681
397.2122776492
428.1017302967
476.6459044375
549.2037103048
4750.9450240741
4566.1276220480
1786.5354058380
4130.7752118137
3614.2770769318
3093.6620096731
6199.2017489943
4504.1871440720
4333.9114940448
3798.5581699488
4868.9330959947
4712.2580582632
6480.3706676447
732.5185398948
588.3370176093
489.1107282335
427.5903288177
393.5081215501
379.9331829387
382.1275492431
406.2925681548
455.9987234495
540.4618589087
4596.6192811572
5131.5738464946
2503.4933007217
2726.3057659655
4445.4675934908
4576.0453625801
2412.5855995186
5481.7003378892
7035.5700305439
687.5733668564
546.3152154372
453.5283471408
401.5516855733
404.4077767163
411.6811078012
462.0170671455
1166.2093769227
4002.1918244125
3630.8920102964
5017.2948297970
5721.9317735328
4266.9061917254
3323.2561372523
527.6205175047
439.9812768894
460.7775160252
496.5988269794
2951.1427205886
6786.1649525300
5347.5316978383
532.8729906818
564.6639395337
379.4019651372
7701.6496930234