257.0573942825
254.2274799999
256.4495386842
262.9798773689
273.9547698089
290.1177122916
415.0443773882
334.3158297646
337.8601110918
348.8238031009
395.7438785992
324.3177241401
317.9054067680
312.8240542480
312.8488302953
320.3577299949
337.6534924266
368.0456129095
416.6958137088
696.1062834256
1439.6655417888
1597.9807784499
1187.6456507670
1409.5583528459
2899.0800492584
1483.7709190752
378.3456627353
320.3896927947
286.0454933162
266.6532045020
168.9312991593
169.3809791810
173.1431835692
180.3226421926
191.8153299806
209.4150389635
631.4514563336
713.2318596549
404.2399839267
575.1610479873
674.9743534726
1100.8945051289
263.6236554221
258.6585460183
257.7865921652
263.4847352170
277.5860448448
302.3052025267
550.7832575153
2753.9345584347
1953.2274033688
1397.8174249256
1832.7185271192
2107.7371084386
1939.6294704868
270.9078423578
224.9478066136
197.0391539845
180.9129648598
172.3461958794
149.1086632826
150.7459193880
158.6935274127
173.4053632330
194.9903010416
368.8375999358
1645.9292688002
738.8355499283
963.4623519272
1042.8391467304
1577.9645061174
1504.4711094156
1037.2022375965
1591.3131586459
2390.2818892499
1795.0681376522
1423.1591883904
2027.3985551784
1420.7701966008
1671.7993696921
241.4894474200
194.7925257796
167.9535533008
154.1711250271
141.2658829018
142.0960848523
148.3281388505
160.0469896386
178.0767780687
204.6091005208
1753.6950422742
1675.3656714019
654.8212767326
1519.0832485698
1327.4394979681
1137.1068585466
2279.1458148035
1658.7580305817
1600.0897860883
1403.7460385243
1795.6960465265
1748.4734569906
2385.7821661561
271.3703086855
218.2628967221
181.6843718796
158.9663926763
146.3927368258
141.6803320440
142.6565458551
151.7989271079
170.2957862910
201.4951957009
1717.3509528279
1908.1568979238
933.0753804658
1013.8304049689
1656.9530322243
1708.1121466221
898.7012047225
2051.6717066387
2624.3341478460
255.5349898107
203.1571048601
168.8125779677
149.5991430748
150.9167789231
153.7455158582
172.5433139347
435.8711781448
1504.9123775735
1361.2211136488
1885.7830269923
2153.0389696453
1603.9885397173
1249.2423050209
196.6093613054
164.0517600824
172.0456632777
185.5085889424
1110.8046197009
2563.3143840623
2019.4585731916
198.8914914869
210.9832508909
141.2658829018
2899.0800492584