0.0052121381
0.0050792772
0.0050803723
0.0051897060
0.0054050722
0.0057423490
0.0097349469
0.0070394691
0.0067687797
0.0073969377
0.0086757857
0.0063153231
0.0061529890
0.0060381746
0.0060493274
0.0062368491
0.0066579237
0.0074044717
0.0086297898
0.0152722543
0.0390715631
0.0493489611
0.0352829935
0.0358581167
0.1159278032
0.0465766096
0.0088930753
0.0071643845
0.0061309060
0.0055320141
0.0031909207
0.0031951462
0.0032689598
0.0034132480
0.0036455189
0.0040004115
0.0126380312
0.0148986596
0.0087075789
0.0116461231
0.0143994811
0.0225162963
0.0048715127
0.0047457325
0.0047168186
0.0048275233
0.0051135089
0.0056265883
0.0103424844
0.0530752334
0.0386630075
0.0273572780
0.0365279387
0.0393943898
0.0410212379
0.0054225771
0.0044308478
0.0038173362
0.0034605544
0.0032696043
0.0029426269
0.0029972261
0.0032041633
0.0035646067
0.0040270814
0.0070658502
0.0296797794
0.0141931131
0.0176141795
0.0191608090
0.0286366870
1.1189834849
0.0180794372
0.0275719329
0.0420025399
0.0317754435
0.0255287517
0.0359254607
0.0249524111
0.0303215270
0.0048627732
0.0039064331
0.0033377065
0.0030436977
0.0028387025
0.0028736419
0.0030274593
0.0032886441
0.0036440322
0.0041076330
0.0298539159
0.0287525138
0.0116715170
0.0259547665
0.0227835397
0.0195435933
0.0386426223
0.0282725268
0.0272909808
0.0241426578
0.0307510164
0.0299792769
0.0406486414
0.0053475797
0.0043618902
0.0036489165
0.0031909242
0.0029356497
0.0028474159
0.0028792231
0.0030686015
0.0034123249
0.0039449342
0.0293490932
0.0323178367
0.0161063814
0.0173966507
0.0282106124
0.0291900062
0.0156442682
0.0352780589
0.0445817379
0.0049549719
0.0040140027
0.0033684340
0.0029969217
0.0030004869
0.0030558148
0.0033901399
0.0078209063
0.0262131965
0.0235207828
0.0326926405
0.0374547201
0.0279915202
0.0219415282
0.0038390424
0.0032443322
0.0033582932
0.0035862457
0.0195422630
0.0451580125
0.0356914038
0.0038391285
0.0040262090
0.0028387025
1.1189834849