0.0000471523
0.0000458804
0.0000458657
0.0000468652
0.0000488577
0.0000519930
0.0000898218
0.0000642344
0.0000615256
0.0000675240
0.0000795963
0.0000571427
0.0000555812
0.0000544682
0.0000545424
0.0000562784
0.0000602171
0.0000672321
0.0000787826
0.0001414537
0.0003672865
0.0004663564
0.0003323013
0.0003365062
0.0011072110
0.0004393304
0.0000819265
0.0000656005
0.0000558417
0.0000501828
0.0000286236
0.0000286616
0.0000293419
0.0000306724
0.0000328168
0.0000360988
0.0001173618
0.0001386449
0.0000802592
0.0001078107
0.0001338164
0.0002101458
0.0000438154
0.0000425765
0.0000422529
0.0000432437
0.0000458834
0.0000506647
0.0000947928
0.0004960193
0.0003611310
0.0002548093
0.0003414554
0.0003669446
0.0003848797
0.0000493620
0.0000401351
0.0000344328
0.0000311217
0.0000293522
0.0000265190
0.0000270379
0.0000289709
0.0000323245
0.0000365940
0.0000646777
0.0002748564
0.0001315486
0.0001626464
0.0001771956
0.0002651645
0.3238630403
0.0001648261
0.0002518615
0.0003868449
0.0002916801
0.0002346412
0.0003304717
0.0002267782
0.0002810422
0.0000442098
0.0000353973
0.0000301510
0.0000274425
0.0000255924
0.0000259272
0.0000273520
0.0000297500
0.0000329765
0.0000371322
0.0002663649
0.0002601724
0.0001059930
0.0002332752
0.0002052289
0.0001758612
0.0003471553
0.0002529757
0.0002427814
0.0002142766
0.0002746727
0.0002628663
0.0003648258
0.0000483124
0.0000394413
0.0000329699
0.0000287959
0.0000264689
0.0000255976
0.0000258948
0.0000276018
0.0000306539
0.0000353057
0.0002500774
0.0002806784
0.0001389382
0.0001512531
0.0002424000
0.0002491836
0.0001354021
0.0002973709
0.0003820181
0.0000442636
0.0000360165
0.0000302693
0.0000269370
0.0000268188
0.0000272989
0.0000301866
0.0000675189
0.0002158149
0.0001968423
0.0002691734
0.0003062687
0.0002306828
0.0001811677
0.0000341444
0.0000289661
0.0000297470
0.0000316381
0.0001601308
0.0003601686
0.0002852909
0.0000338448
0.0000352281
0.0000255924
0.3238630403