0.0055669428
0.0054265550
0.0054303439
0.0055510115
0.0057866676
0.0061548518
0.0104236448
0.0075551849
0.0072704436
0.0079354738
0.0093064862
0.0067790015
0.0066000242
0.0064711142
0.0064789736
0.0066793308
0.0071346457
0.0079445331
0.0092742376
0.0165158883
0.0420252075
0.0529600141
0.0377667946
0.0386407173
0.1242670535
0.0496803159
0.0095103532
0.0076565254
0.0065491399
0.0059082641
0.0034099822
0.0034150330
0.0034954971
0.0036525002
0.0039053962
0.0042925197
0.0138420177
0.0162547314
0.0093870396
0.0126991873
0.0156543661
0.0246974580
0.0052350906
0.0050931606
0.0050569490
0.0051746802
0.0054860732
0.0060481328
0.0113002474
0.0587813418
0.0426561562
0.0301470822
0.0402849482
0.0437162210
0.0450328509
0.0058339169
0.0047540216
0.0040878465
0.0037012351
0.0034947451
0.0031416716
0.0032002160
0.0034225866
0.0038106351
0.0043116375
0.0076904222
0.0329385466
0.0156159984
0.0194532244
0.0211748822
0.0317501633
51.0539009754
0.0198733947
0.0303940478
0.0465566461
0.0350728269
0.0281402827
0.0397297385
0.0273203522
0.0336198397
0.0052222567
0.0041840279
0.0035683992
0.0032507934
0.0030252876
0.0030625804
0.0032273912
0.0035077265
0.0038904417
0.0043915353
0.0322641571
0.0314601579
0.0127389141
0.0282353155
0.0248140280
0.0212549427
0.0420531393
0.0306316218
0.0294085037
0.0259148955
0.0332343727
0.0318210338
0.0441632109
0.0057241692
0.0046645702
0.0038969645
0.0034040677
0.0031295501
0.0030260650
0.0030597681
0.0032611145
0.0036261457
0.0041895209
0.0303108537
0.0340457398
0.0168007680
0.0183085393
0.0293797079
0.0301905513
0.0163437522
0.0359880985
0.0463380594
0.0052568453
0.0042665340
0.0035812102
0.0031855092
0.0031749634
0.0032322003
0.0035798878
0.0081125968
0.0260543871
0.0238076986
0.0325451591
0.0369926979
0.0278437565
0.0218433057
0.0040514723
0.0034313261
0.0035302240
0.0037598895
0.0193041077
0.0433916164
0.0343566623
0.0040223900
0.0041936320
0.0030252876
51.0539009754