0.0012881805
0.0012539454
0.0012537898
0.0012811519
0.0013354775
0.0014208392
0.0024422199
0.0017528037
0.0016802932
0.0018423911
0.0021679454
0.0015624843
0.0015203979
0.0014903712
0.0014924770
0.0015396457
0.0016465618
0.0018368271
0.0021497614
0.0038462571
0.0099451944
0.0126161353
0.0089907405
0.0091103337
0.0299036482
0.0118780248
0.0022286738
0.0017870386
0.0015230678
0.0013700480
0.0007836056
0.0007846642
0.0008032189
0.0008395022
0.0008979746
0.0009874612
0.0031946840
0.0037685651
0.0021840711
0.0029350734
0.0036359527
0.0057125235
0.0012004030
0.0011670809
0.0011585021
0.0011856396
0.0012576466
0.0013878577
0.0025936897
0.0135239908
0.0098343727
0.0069461627
0.0092941991
0.0100269543
0.0104423977
0.0013478397
0.0010967749
0.0009416444
0.0008515639
0.0008034211
0.0007249616
0.0007389847
0.0007914413
0.0008825723
0.0009989676
0.0017695056
0.0075312779
0.0035911592
0.0044534733
0.0048486896
0.0072636216
8.0140640635
0.0045308036
0.0069250420
0.0106226245
0.0080074552
0.0064351448
0.0090702468
0.0062343181
0.0076944389
0.0012072223
0.0009668781
0.0008239429
0.0007501613
0.0006992730
0.0007083070
0.0007470427
0.0008124061
0.0009006861
0.0010149108
0.0073425972
0.0071626222
0.0029105668
0.0064255650
0.0056517058
0.0048414565
0.0095638470
0.0069702559
0.0066911590
0.0059025240
0.0075674939
0.0072437944
0.0100533308
0.0013207489
0.0010776231
0.0009006894
0.0007867333
0.0007232295
0.0006994691
0.0007075365
0.0007542033
0.0008379482
0.0009660697
0.0068949849
0.0077417738
0.0038261765
0.0041681803
0.0066827255
0.0068673654
0.0037271674
0.0081919442
0.0105340190
0.0012111234
0.0009846671
0.0008272415
0.0007361038
0.0007331654
0.0007463660
0.0008257706
0.0018547310
0.0059340420
0.0054195495
0.0074057820
0.0084225873
0.0063412866
0.0049782442
0.0009339991
0.0007919727
0.0008137944
0.0008659386
0.0044003051
0.0098848532
0.0078294496
0.0009262496
0.0009645778
0.0006992730
8.0140640635