27.5618434844
27.6546857882
27.9392110737
28.4018521102
29.0487803478
29.8905703734
31.0646823043
31.8290096514
32.5264038032
32.9863141015
33.4272449980
33.6078526185
33.9156552020
34.2380852857
34.6425978263
35.2015015286
35.9531284436
36.8768419039
37.8773384620
40.0917926064
42.5997440339
42.3621299831
39.6701973088
39.7145323640
41.8668113037
33.8306492161
30.2078334999
28.9088961301
28.1145137960
27.6955629505
19.6345383543
19.6547141253
19.9052184567
20.3926046605
21.1562960686
22.2638474214
30.1205203334
30.0390997664
26.9015134742
31.4068681703
31.5204349864
39.7510108878
29.2646425900
29.8498226979
30.4540245884
31.1997506033
32.1635127725
33.3326452306
42.4977056982
105.1169298570
74.2315060446
62.5197269768
64.3162879035
102.9257826751
47.1792749950
25.4132833625
22.9640187163
21.3883636956
20.4174422227
19.8690295955
16.6579494610
16.6739168488
17.1092993604
18.0355690225
19.6493396205
32.0919913265
107.3678969397
41.1341202501
65.9815925158
66.8335306818
97.0266795938
5.5942863138
99.1015110535
148.0589030146
183.4343465667
147.8291830808
113.8517151817
162.2952030030
145.8014730329
107.4100873939
23.4541211165
20.0374846340
18.1138742295
17.0911576248
15.8616384414
15.8487936801
16.3174804626
17.3652940551
19.2477464445
22.4049000987
230.6114129853
184.4785459762
66.4313683499
182.1243892191
153.5796350292
133.5962459967
275.5217264305
209.2575601482
215.3616273361
192.6860178853
232.0022789541
269.5193648438
293.1185940030
29.3305891782
23.3032766709
19.6499432610
17.5342620601
16.3763160482
16.5901902672
16.6741578529
17.7788545462
20.3181601338
25.1584209268
324.0704923199
317.5671311601
162.6903314065
166.7739542857
296.1528279305
318.1477295096
152.8897478911
411.3903756867
478.5467552605
32.0995661902
24.2041413391
19.7668410705
17.5055672859
18.9756669353
19.5119404554
22.7512568134
75.8809521039
340.6242513185
283.9402184118
425.5705643290
501.4590392800
361.1393990780
278.9284387364
25.9908537259
20.8314175840
23.8136777313
26.7480551031
256.5961087381
662.1135218547
516.9645140342
28.7403319778
32.6108100693
5.5942863138
662.1135218547