0.8353014958
0.8184635438
0.8213750429
0.8405398792
0.8759284693
0.9300857693
1.4860277536
1.1176183843
1.0927022792
1.1711917629
1.3563060738
1.0299235852
1.0053603964
0.9871534142
0.9880057301
1.0160397107
1.0799388317
1.1931197649
1.3774456969
2.3962038926
5.7198294945
6.9826285901
5.0272101416
5.3459933711
15.4274852250
6.5036584972
1.3560940514
1.1101997396
0.9636242306
0.8793481638
0.5249890918
0.5259862058
0.5380888787
0.5615258187
0.5991960921
0.6568596778
2.0625884459
2.3888797427
1.3713280510
1.8876570272
2.2862479541
3.6487236855
0.8107529877
0.7914460757
0.7870256574
0.8050093176
0.8513477587
0.9340844486
1.7268194380
8.8454535564
6.3641296356
4.5202071204
5.9965832250
6.6493991449
6.5708869991
0.8766952061
0.7194355508
0.6229089956
0.5669604463
0.5371250706
0.4761659963
0.4837221276
0.5144088346
0.5689268384
0.6422709804
1.1693394386
5.0801316013
2.3593356159
2.9903496790
3.2471870720
4.8862899944
243.9342141742
3.1191893271
4.7759044128
7.2577652370
5.4614682630
4.3627758224
6.1785645748
4.2830195852
5.1764450908
0.7837725839
0.6295950057
0.5391467468
0.4925521144
0.4558960460
0.4604696951
0.4836176305
0.5242788578
0.5821303578
0.6612605216
5.1518855433
4.9790792654
1.9882755043
4.4879307015
3.9354617145
3.3714479567
6.7042480869
4.8821608165
4.6968484817
4.1324525048
5.2935435738
5.1052186720
7.0328763953
0.8671074316
0.7032696869
0.5868173892
0.5129416706
0.4718900696
0.4565239989
0.4609254941
0.4909907511
0.5477253265
0.6383896715
4.9283231885
5.5083615339
2.7086171947
2.9475536760
4.7670002960
4.9055018889
2.6245685280
5.8686755342
7.5308589140
0.8040442181
0.6475713094
0.5415613504
0.4810876545
0.4817204774
0.4905587466
0.5460208467
1.2908186245
4.2744627137
3.8872722953
5.3451592689
6.0890003169
4.5624046779
3.5681695878
0.6194392541
0.5217156716
0.5407123676
0.5786199266
3.1625237584
7.1917696822
5.6820607925
0.6194916943
0.6502571446
0.4558960460
243.9342141742