0.0098387371
0.0095739167
0.0095715039
0.0097808655
0.0101976762
0.0108533264
0.0187374983
0.0134085904
0.0128460140
0.0140947038
0.0166091244
0.0119317169
0.0116055366
0.0113725077
0.0113873049
0.0117494202
0.0125720659
0.0140376016
0.0164501515
0.0295437456
0.0766419055
0.0972645557
0.0692843564
0.0702023412
0.2307814204
0.0916094262
0.0170915248
0.0136860541
0.0116506079
0.0104704994
0.0059734776
0.0059815591
0.0061238170
0.0064020099
0.0068504026
0.0075368288
0.0245429635
0.0289752712
0.0167586264
0.0225338664
0.0279483419
0.0439465985
0.0091524427
0.0088929419
0.0088244559
0.0090311014
0.0095831956
0.0105837405
0.0198544314
0.1039329535
0.0756014517
0.0533572759
0.0714840258
0.0769546366
0.0804350264
0.0103069228
0.0083782980
0.0071867996
0.0064951206
0.0061255615
0.0055326953
0.0056409193
0.0060442634
0.0067442700
0.0076364913
0.0135317845
0.0576700790
0.0275475483
0.0341016662
0.0371450008
0.0556575373
40.9225161941
0.0345649426
0.0528400661
0.0812123973
0.0612002286
0.0492011220
0.0693359962
0.0475308171
0.0589305339
0.0092292800
0.0073872435
0.0062912324
0.0057255688
0.0053377559
0.0054075684
0.0057048355
0.0062054065
0.0068795536
0.0077488426
0.0557761795
0.0545424930
0.0221991800
0.0488761526
0.0430069199
0.0368387029
0.0727226387
0.0529632775
0.0507998453
0.0448107378
0.0574971498
0.0548813354
0.0764272196
0.0100832211
0.0082298273
0.0068780994
0.0060065225
0.0055207202
0.0053367350
0.0053987010
0.0057547366
0.0063914481
0.0073618279
0.0520023291
0.0585315699
0.0289164198
0.0315353591
0.0504565108
0.0518060888
0.0281867647
0.0616856492
0.0795027878
0.0092274323
0.0075093425
0.0063110019
0.0056160595
0.0055880543
0.0056879184
0.0062886047
0.0140305816
0.0445494762
0.0407761473
0.0555949286
0.0631706423
0.0476189199
0.0373992869
0.0071119776
0.0060350271
0.0061925383
0.0065840706
0.0330249092
0.0739013129
0.0585573365
0.0070422752
0.0073239514
0.0053367350
40.9225161941