360.2500027255
360.2470527440
365.2421105343
374.7859020858
389.2582203979
409.5017853156
493.2798222809
456.6544714791
467.6975285950
472.8318117811
507.6519501248
463.2219664701
458.1708295674
453.6515293377
454.1516381682
462.6215149422
481.4378584985
513.2990962499
561.6820478621
837.1748507745
1347.6541414734
1385.9621504807
1036.7002884666
1346.6929498546
2034.6224254291
1073.5118144330
456.8922244699
409.4010262910
381.5786118658
366.5618084249
249.8685016054
250.5965677660
255.6020904850
265.0793257682
280.1952284927
303.2544345429
806.8484390880
862.1744767095
494.0816420012
732.8647655685
804.3356763771
1348.0731379353
392.6605742017
389.3812705233
390.1498380092
398.6349419134
417.2937495726
448.3675660367
779.8592633154
3613.0679172983
2494.6735009919
1827.5578033424
2317.8679261963
2894.3938667052
2252.0219248200
375.3204673471
318.5995998711
284.3946428213
264.5802363261
254.0276767465
214.0771925483
215.2164276492
223.7641920010
240.7919421859
269.0425859196
527.2321605834
2378.3973384538
1002.1420325257
1382.7263154861
1480.1895410034
2253.0208461665
136.6792998064
1587.3388810455
2437.8071034754
3561.1766768860
2677.1189480789
2098.6601527029
3016.3975403917
2181.3436875334
2401.5351284336
335.3362979713
273.4302423223
238.7764184410
220.9981341812
200.8704911205
201.1579213905
208.5063765054
223.8051736408
249.8397448702
291.4821346780
2828.2090066504
2632.1366239055
996.5200444908
2415.5371784141
2095.5948555712
1796.9683413228
3642.0104071996
2656.1923886648
2582.3423205526
2259.8646963124
2876.1247665064
2865.5953800329
3809.9590086815
388.0456022270
308.7596457705
256.7321637505
225.4286360498
208.2319798752
202.7094134922
203.6517232694
216.7481012400
245.4312777314
296.8289037227
2911.8893411279
3186.8299071441
1553.4252690200
1677.8261272889
2789.1010695487
2888.2800534360
1482.1763945115
3501.1875615456
4436.4014471115
377.0659954277
294.0703973029
242.3406796390
214.3222255417
219.6574751114
224.3106194416
255.1951941164
710.3011783342
2609.8394092662
2334.2899572230
3275.8401734080
3756.3348603284
2774.9115739836
2150.2764816010
291.1648743967
239.7400370583
256.9060190412
280.6004930147
1923.8913246789
4540.8417979577
3564.3480010985
300.7860302409
324.8698645213
136.6792998064
4540.8417979577