0.0030167572
0.0029351165
0.0029341326
0.0029982218
0.0031260370
0.0033272192
0.0057524334
0.0041120320
0.0039389538
0.0043222841
0.0050971639
0.0036571655
0.0035568558
0.0034852430
0.0034897750
0.0036009780
0.0038536232
0.0043037814
0.0050449999
0.0090640876
0.0235486716
0.0299053469
0.0213051310
0.0215811443
0.0709768636
0.0281887513
0.0052479476
0.0042004278
0.0035742921
0.0032112142
0.0018302891
0.0018327376
0.0018763538
0.0019616732
0.0020992072
0.0023097632
0.0075309155
0.0088966816
0.0051446932
0.0069164543
0.0085795050
0.0134755524
0.0028037063
0.0027238737
0.0027027311
0.0027660382
0.0029353238
0.0032422329
0.0060876379
0.0318612482
0.0231939007
0.0163630690
0.0219279997
0.0235819382
0.0247279031
0.0031603919
0.0025684776
0.0022027529
0.0019904368
0.0018769902
0.0016959585
0.0017292548
0.0018532013
0.0020682253
0.0023419641
0.0041436022
0.0176625923
0.0084420525
0.0104466467
0.0113787935
0.0170520543
12.4863884122
0.0105803684
0.0161743647
0.0248553354
0.0187434790
0.0150672340
0.0212278707
0.0145484659
0.0180426584
0.0028299426
0.0022649770
0.0019286943
0.0017551163
0.0016364566
0.0016579450
0.0017492339
0.0019028337
0.0021094337
0.0023754298
0.0170527500
0.0166869910
0.0067994222
0.0149515346
0.0131618314
0.0112734840
0.0222502356
0.0162038893
0.0155412294
0.0137055843
0.0175886492
0.0167975150
0.0233751888
0.0030908240
0.0025231301
0.0021088104
0.0018415416
0.0016925457
0.0016361200
0.0016551562
0.0017643060
0.0019592841
0.0022561200
0.0159106079
0.0179074072
0.0088516940
0.0096477964
0.0154355024
0.0158463873
0.0086302207
0.0188693679
0.0243224683
0.0028279359
0.0023018862
0.0019347427
0.0017217354
0.0017129699
0.0017435319
0.0019273759
0.0042945933
0.0136284554
0.0124767137
0.0170100373
0.0193340667
0.0145696235
0.0114412332
0.0021797691
0.0018499248
0.0018979162
0.0020176466
0.0101050623
0.0226310140
0.0179415142
0.0021581413
0.0022441801
0.0016361200
12.4863884122