0.4054985295
0.3968763064
0.3980363504
0.4072182118
0.4243796926
0.4507635863
0.7294197793
0.5444892250
0.5301420291
0.5708444225
0.6626943872
0.4985679516
0.4864272809
0.4774919451
0.4779521781
0.4917734011
0.5232408109
0.5790223720
0.6700278816
1.1709865812
2.8374396907
3.4974921651
2.5086696810
2.6400804084
7.8747612722
3.2551083527
0.6657364248
0.5429951807
0.4697918279
0.4276347880
0.2534630851
0.2539185373
0.2597853878
0.2711678273
0.2894720187
0.3174893745
1.0016869707
1.1636042954
0.6690946619
0.9173090019
1.1151593330
1.7750245076
0.3908904491
0.3813361987
0.3791002506
0.3878004595
0.4103251441
0.4506277638
0.8345395842
4.2867709162
3.0894882898
2.1925945015
2.9127384583
3.2156674339
3.2046677497
0.4254052660
0.3485965173
0.3013916259
0.2740203081
0.2594172136
0.2306874666
0.2344855309
0.2496674568
0.2765292567
0.3123317810
0.5659814725
2.4501877212
1.1427768257
1.4433832596
1.5678624016
2.3576146117
401.6438512215
1.4994405974
2.2952938509
3.4932132995
2.6292980011
2.1024163610
2.9752684762
2.0596098439
2.4977740364
0.3804656002
0.3054724217
0.2613698174
0.2386407074
0.2211602983
0.2234904802
0.2348995004
0.2547951969
0.2828470663
0.3208633270
2.4691737980
2.3900217127
0.9571358823
2.1525577119
1.8883723817
1.6177494759
3.2135114354
2.3404715799
2.2507732955
1.9811434103
2.5381356042
2.4448727052
3.3725038538
0.4201252753
0.3410960798
0.2847004753
0.2488301526
0.2288872473
0.2214278707
0.2236377610
0.2382586893
0.2656127928
0.3090123664
2.3545990623
2.6338361131
1.2961295360
1.4107431488
2.2782723794
2.3438510737
1.2569486285
2.8024811239
3.5980734668
0.3888340211
0.3136713351
0.2625310670
0.2332853521
0.2333816439
0.2376541550
0.2642568766
0.6193764265
2.0393664203
1.8559695102
2.5493209919
2.9030678016
2.1769580900
1.7036515945
0.2996134935
0.2526415427
0.2614579503
0.2795233692
1.5092202426
3.4249933707
2.7070907545
0.2992089076
0.3136482162
0.2211602983
401.6438512215