0.6801604549
0.6657539462
0.6677331317
0.6831530303
0.7119467257
0.7561983095
1.2224672659
0.9131937715
0.8892853332
0.9573704164
1.1110229222
0.8364793486
0.8161390488
0.8011565746
0.8019170663
0.8250727849
0.8778051017
0.9712808711
1.1237627293
1.9633170616
4.7522593798
5.8550749403
4.2004562784
4.4218926990
13.1730757047
5.4471103556
1.1157819186
0.9103032895
0.7877607651
0.7171987548
0.4253178464
0.4260854093
0.4359285755
0.4550231844
0.4857288113
0.5327296591
1.6806757769
1.9516001831
1.1216963666
1.5387771125
1.8699091761
2.9777004550
0.6560287553
0.6400158106
0.6362684234
0.6508637634
0.6886491192
0.7562521813
1.4006667683
7.1947535823
5.1844379588
3.6793293944
4.8874839534
5.3981284220
5.3749436259
0.7136293209
0.5848258769
0.5056750774
0.4597822252
0.4352987167
0.3870014947
0.3933585232
0.4187948651
0.4638134195
0.5238568189
0.9497793740
4.1137419702
1.9180284129
2.4231232332
2.6320858768
3.9581615406
534.4106991849
2.5176358802
3.8540345007
5.8654505394
4.4146087497
3.5296630676
4.9953534988
3.4577477196
4.1933504094
0.6382083753
0.5124184536
0.4384576788
0.4003426057
0.3709771471
0.3748740867
0.3939935265
0.4273516871
0.4744151361
0.5382385505
4.1457315106
4.0129589637
1.6067770933
3.6141816124
3.1707217624
2.7162580574
5.3960263608
3.9296831094
3.7789825810
3.3260695015
4.2614101512
4.1043547789
5.6622165634
0.7048004794
0.5721772628
0.4775614924
0.4173926364
0.3839421194
0.3714200776
0.3751193688
0.3996415481
0.4455455686
0.5184085781
3.9526351993
4.4218047832
2.1756956753
2.3682319289
3.8246604446
3.9345393468
2.1097802262
4.7041836897
6.0400964865
0.6523390038
0.5261917077
0.4403809494
0.3913155002
0.3914870455
0.3986550160
0.4433055978
1.0394546945
3.4227922121
3.1153360189
4.2788515708
4.8725068937
3.6538320409
2.8592765510
0.5026298687
0.4238049044
0.4386180282
0.4689459470
2.5329050345
5.7478907879
4.5430630114
0.5019733546
0.5262236001
0.3709771471
534.4106991849