0.1799808527
0.1761819770
0.1766964102
0.1807482529
0.1883178606
0.1999501025
0.3223882616
0.2418176558
0.2349253375
0.2533934207
0.2934313644
0.2212085654
0.2159265729
0.2120458876
0.2122862456
0.2183983877
0.2322694048
0.2568230043
0.2968303279
0.5160369727
1.2490643657
1.5503237856
1.1078286346
1.1578975128
3.5424658827
1.4319001152
0.2946702495
0.2405812204
0.2083183392
0.1897373325
0.1126240813
0.1128209376
0.1154098706
0.1204369795
0.1285220024
0.1408929525
0.4412611161
0.5115740055
0.2947337019
0.4041504963
0.4902550083
0.7803551637
0.1736447327
0.1695092696
0.1685761121
0.1724499724
0.1824078437
0.2001820396
0.3695475639
1.8895841118
1.3606813969
0.9668189087
1.2822965600
1.4207956801
1.4063916282
0.1885569758
0.1546557568
0.1338094021
0.1217156568
0.1152596155
0.1024632413
0.1041402315
0.1108572147
0.1227512299
0.1386215191
0.2511452114
1.0856407054
0.5050142156
0.6394600366
0.6940601591
1.0436574257
255.8288256483
0.6666918013
1.0204679452
1.5501269543
1.1670853817
0.9328091173
1.3205407952
0.9162275563
1.1063704527
0.1687204904
0.1355459921
0.1160402353
0.1059849170
0.0982393508
0.0992709697
0.1043301809
0.1131637464
0.1256413308
0.1425882230
1.1019832892
1.0645742105
0.4257085832
0.9595847255
0.8413963868
0.7209272298
1.4328266698
1.0437984321
1.0045120255
0.8841270689
1.1321515708
1.0925457668
1.5037422364
0.1865419999
0.1514176680
0.1263992362
0.1105008977
0.1016641629
0.0984022406
0.0993888569
0.1059006362
0.1181053112
0.1375114190
1.0550536814
1.1785776230
0.5800010851
0.6309847231
1.0201704971
1.0499838724
0.5621069978
1.2564258229
1.6115759825
0.1729311486
0.1394078158
0.1166568961
0.1036653655
0.1037950662
0.1057172621
0.1176229384
0.2769537099
0.9156599917
0.8325376997
1.1446567399
1.3039987904
0.9772954390
0.7645721619
0.1333169062
0.1123657592
0.1164123260
0.1245361419
0.6776482280
1.5405690589
1.2173221206
0.1332832819
0.1398483167
0.0982393508
255.8288256483