77.4463674296
76.0594388362
76.4363017043
78.2766425141
81.5899641318
86.6127684235
135.1422083240
102.7682524945
101.6419401365
107.6799230076
124.4111303696
96.1259647898
93.8836062419
92.1921495123
92.2332563735
94.7550059747
100.5406707673
110.7875432773
127.4350293845
220.8379070684
510.4564467497
603.9669173675
440.6063317888
484.1651954825
1251.9586316476
568.3563957726
123.0316776829
101.4508943851
88.6051607284
81.2483041895
49.2019579832
49.3087685127
50.4420238030
52.6257973296
56.1315492356
61.5007652345
192.7504761832
222.3405499604
126.9187224191
176.1508096406
212.1916445694
340.5181977793
76.2254885558
74.4578899668
74.0559550802
75.7300430294
80.0345105825
87.7060683075
162.1091949856
829.5775828004
595.2730070579
422.9665060931
560.5219187132
624.8267247522
611.1373373916
81.5113552527
67.0257233464
58.1644561560
53.0356011876
50.3052379447
44.3183120964
44.9693580154
47.7075648680
52.6132693396
59.3434247201
109.1606935669
478.5367596824
220.9151604309
281.2980216617
305.4980640985
460.3801659505
1185.8747413527
294.7497264368
451.5988263108
685.5475717496
515.4394649207
411.1124991171
582.9077810711
404.1921299903
487.4078046323
72.7718644491
58.4786401298
50.1358483728
45.8430986878
42.3074839355
42.6873284567
44.7652687438
48.4700479852
53.8355509940
61.3025867208
487.9158235835
471.0379824897
187.2942542650
424.8978149499
372.4413964490
319.0253697072
635.4049108964
462.5001815968
444.9530480072
391.1999933873
501.1528222194
483.6669297405
666.0946743562
80.7220327161
65.3413593225
54.4781963194
47.6180440442
43.8089355822
42.3599018892
42.7349324102
45.5017583328
50.8100140633
59.4017169981
467.8236553808
522.7790199926
256.6229835227
279.3271311634
452.5480155005
465.7144339092
248.4272498719
557.3157151996
715.1845600171
75.0166342883
60.2551387368
50.3155369646
44.6658973845
44.7690702406
45.5835104571
50.8121016046
121.7100835239
406.1037636225
369.1421103859
508.0997803174
578.9625701281
433.3543200029
338.6366913302
57.7386439935
48.5321025024
50.3960384288
53.9992728024
300.2360346257
684.3995006402
540.4276536590
57.8494714685
60.8311486247
42.3074839355
1251.9586316476