0.0991858426
0.0970117464
0.0972451712
0.0994476122
0.1036025709
0.1100100085
0.1789203609
0.1334927296
0.1293092103
0.1399495318
0.1622555284
0.1216046165
0.1186796092
0.1165452737
0.1166972276
0.1201016288
0.1278077932
0.1414476122
0.1636898138
0.2849475906
0.6974081352
0.8709101487
0.6217768058
0.6436835810
2.0109534414
0.8058826655
0.1636217711
0.1332599686
0.1151408247
0.1046920242
0.0618182786
0.0619207783
0.0633423370
0.0661071629
0.0705555105
0.0773604420
0.2423221535
0.2814107285
0.1625773037
0.2221110975
0.2700424839
0.4287457109
0.0951985992
0.0929124244
0.0923966879
0.0945283722
0.1000092713
0.1097972016
0.2026275931
1.0360689868
0.7468649140
0.5305857583
0.7039623752
0.7784922697
0.7736492228
0.1037682357
0.0850564454
0.0735367177
0.0668504837
0.0632791943
0.0563740084
0.0573208783
0.0610693880
0.0676870716
0.0764546907
0.1379759900
0.5943563230
0.2770399754
0.3502610950
0.3801583706
0.5713277138
177.0143202746
0.3647287043
0.5581137973
0.8479630191
0.6386897059
0.5107488449
0.7227406366
0.5015328025
0.6058387205
0.0928943135
0.0746220097
0.0638599543
0.0583102787
0.0541037153
0.0546922288
0.0575095117
0.0624030141
0.0692708827
0.0785395224
0.6026257933
0.5822343539
0.2331431942
0.5247327865
0.4601675366
0.3942959616
0.7832595774
0.5707376927
0.5492859252
0.4836296022
0.6192129798
0.5975877916
0.8222774002
0.1026203109
0.0833528235
0.0695998381
0.0608471434
0.0559813286
0.0541968143
0.0547550625
0.0583507879
0.0650507722
0.0756571221
0.5768693819
0.6443020122
0.3172930666
0.3450997668
0.5577298008
0.5740296948
0.3076008480
0.6869699689
0.8809677211
0.0950731643
0.0767094370
0.0642221578
0.0570834694
0.0571387395
0.0581997900
0.0647215508
0.1517572903
0.5006934021
0.4552276274
0.6258146837
0.7129306064
0.5344247806
0.4182107420
0.0733208215
0.0618376843
0.0640273474
0.0684665839
0.3706702179
0.8422206475
0.6656160734
0.0732628323
0.0768294422
0.0541037153
177.0143202746