5.1785918602
5.0806856771
5.1024484407
5.2231155578
5.4429168724
5.7775589877
9.1046978271
6.9094995300
6.7803719699
7.2362065774
8.3612053076
6.4057950457
6.2562783941
6.1446139064
6.1492059436
6.3200738458
6.7100819469
7.4002889090
8.5222140021
14.7537932730
34.6308743231
41.9596567731
30.2363651456
32.5578295035
91.3913550785
38.8927289681
8.3012856511
6.8249127493
5.9454710959
5.4408292372
3.2752017515
3.2817496709
3.3569064208
3.5021761040
3.7355453887
4.0927977285
12.7840754819
14.7610764501
8.4631595490
11.6935603075
14.1097858766
22.5741294957
5.0648291585
4.9475721394
4.9214136158
5.0333712394
5.3203507010
5.8315682100
10.7591573211
54.9321065485
39.4522228818
28.0483434046
37.1564469898
41.3902681067
40.5450527258
5.4404698713
4.4713559616
3.8773108830
3.5331184846
3.3496529116
2.9601481164
3.0051262173
3.1914157338
3.5239985979
3.9763290280
7.2748003637
31.7125453013
14.6654210199
18.6549568493
20.2482114457
30.4892703846
466.5842224808
19.5403953767
29.9270789245
45.4065729649
34.1588167408
27.2601325903
38.6358808643
26.8235121085
32.3008981844
4.8624154501
3.9080277223
3.3495397805
3.0619111248
2.8304035225
2.8571936342
2.9983694877
3.2484509997
3.6079090165
4.1045513437
32.3835312467
31.2445225795
12.4417472247
28.1856462893
24.7048869252
21.1640020773
42.1300777025
30.6803303711
29.5262106873
25.9692644432
33.2553883872
32.1200361707
44.1843277845
5.3903447828
4.3672245392
3.6429796942
3.1847488006
2.9302112873
2.8349733569
2.8612336224
3.0474017443
3.4020323621
3.9730397615
31.0887670244
34.7137108528
17.0573624024
18.5580051234
30.0597482472
30.9401740015
16.5145827621
37.0404891335
47.5072623739
5.0085633871
4.0270823057
3.3650498195
2.9883310353
2.9951867474
3.0502589551
3.3987863858
8.1069217745
27.0096545285
24.5415281773
33.7852196452
38.4993134346
28.8221400323
22.5286575386
3.8581072678
3.2454648347
3.3688972067
3.6087045654
19.9770261294
45.5306928367
35.9575432578
3.8643594614
4.0620468577
2.8304035225
466.5842224808