232.8672774598
230.2530268014
232.2336579039
238.1286831807
248.0578730856
262.6943029577
376.7463897789
303.0242323634
305.9429245859
316.2390512826
358.8071546743
293.5987920287
287.7864602715
283.1907239259
283.2283065820
290.0541513274
305.7599879328
333.3560270840
377.5410367851
630.7936855587
1310.5866703149
1458.3778085612
1083.5242747714
1279.7132702558
2666.6882544789
1354.0227646927
343.4986401882
290.6570862535
259.3364720491
241.6403670107
152.8815663888
153.2847623956
156.6890131535
163.1884273990
173.5936346154
189.5263262184
571.3234833391
645.5373520182
366.1657428500
520.4904916335
611.1215207846
996.1039807505
238.5028791007
234.0054213277
233.2175322784
238.3784752071
251.1474376911
273.5318944721
498.2605397202
2490.8426394079
1767.0144304403
1264.6016494833
1658.0436640370
1906.2483647983
1755.4333879542
245.3181468253
203.6703804438
178.3705344459
163.7493150873
155.9805585270
135.0293618209
136.5302944404
143.7658518794
157.1414165018
176.7121878215
333.8707227788
1488.4589844673
668.3951634166
871.3799687441
943.1377673364
1426.9158177949
1443.1154105430
937.9307323411
1438.9039404558
2161.3085458697
1623.2921300162
1287.1123795836
1833.4129339790
1284.9955555395
1511.9024481026
218.7136780771
176.4203430085
152.1004799720
139.6108725575
127.9638861875
128.7316526226
134.4001843643
145.0370732080
161.3671083167
185.3562650088
1585.8993093141
1515.0165843133
592.3144453321
1373.6663243619
1200.3766044310
1028.2994292475
2060.8486035952
1499.9752632397
1446.9993538876
1269.5275274380
1623.9462015788
1581.3588596472
2157.4333983496
245.7313409162
197.6761199815
164.5615039810
143.9873418689
132.6003632109
128.3431459556
129.2393645950
137.5294213792
154.2721769547
182.4820777208
1553.2052893814
1725.6256549992
843.9411388667
916.9384537360
1498.5331963790
1544.8357617691
812.9165730452
1855.6298105818
2373.3661878852
231.3665943475
183.9817378136
152.8990518075
135.5067309256
136.6938709436
139.2599372431
156.2677862568
394.3933723861
1361.2096763474
1231.1972771504
1705.6402650698
1947.3764948464
1450.8378999347
1130.0237436189
178.0348543367
148.5773106900
155.7982943659
167.9745250558
1004.8035435655
2318.5695532556
1826.6997561272
180.0821823007
191.0090649556
127.9638861875
2666.6882544789