11.4097002671
11.1934364351
11.2413154512
11.5074886049
11.9924688237
12.7309617673
20.0821090215
15.2147219538
14.9443403150
15.9363064810
18.4274865328
14.1143547536
13.7833313369
13.5360094441
13.5455876859
13.9224202735
14.7832105163
16.3071105502
18.7850017282
32.5650139614
76.4449495184
92.3508307376
66.6671862831
71.9465527930
199.7704620036
85.9834987060
18.3040437662
15.0444904127
13.1028757742
11.9887199034
7.2134942332
7.2280328150
7.3938630310
7.7143078359
8.2290708995
9.0171752031
28.2179770037
32.5996859541
18.6795230628
25.8100305157
31.1597819028
49.8537523619
11.1560869937
10.8960917117
10.8375125177
11.0839447441
11.7167561124
12.8447157872
23.7161806553
121.2324254022
87.0898610531
61.8949830299
82.0261825169
91.2878993691
89.5788317859
11.9890253117
9.8512943095
8.5411050069
7.7820868442
7.3775786571
6.5196901339
6.6188962718
7.0295091262
7.7623984811
8.7588881626
16.0268524759
69.8947920548
32.3414236260
41.1173993391
44.6371064104
67.2140246831
620.7831950792
43.0324085707
65.9070387404
100.0399582647
75.2550518816
60.0645772871
85.1208371183
59.0622422845
71.1990357060
10.7132839387
8.6092289772
7.3779801365
6.7439446678
6.2335556320
6.2925987592
6.6035896732
7.1543050092
7.9455457172
9.0382442994
71.2495430710
68.7750010258
27.3946022144
62.0316241589
54.3761821019
46.5817107524
92.7173626819
67.5126186177
64.9654232243
57.1397434059
73.1820161240
70.6524338338
97.2369974503
11.8728447111
9.6196631644
8.0240570316
7.0143422569
6.4534595150
6.2428558915
6.3005999037
6.7102928696
7.4904202155
8.7460104675
68.3391486298
76.3336223501
37.5064001975
40.8108798247
66.0875432078
68.0170108440
36.3180229921
81.4106608032
104.4347592113
11.0276337858
8.8679077466
7.4103181586
6.5806540260
6.5944467379
6.7153547174
7.4815924057
17.8284827514
59.3438732426
53.9348987124
74.2280996605
84.5812835334
63.3307612358
49.5049832700
8.4934858319
7.1454345961
7.4153708741
7.9420517478
43.8915589508
99.9965421478
78.9754637020
8.5051200429
8.9382974603
6.2335556320
620.7831950792