154.0785701755
151.7945713663
152.8095759748
156.5935823844
163.1944866781
173.0736409175
260.1395149710
202.4821179253
202.4646859818
211.9099578241
242.9390636676
192.7070266860
188.4951437457
185.2487799182
185.2880818529
190.0762458593
201.0953142455
220.5566732897
251.9912246094
430.3915882523
949.9132599579
1089.4128583594
804.0250113085
913.2517215728
2126.8835260947
1024.7960884047
236.8322847898
197.5081167495
174.1438696571
160.8387040752
99.3850490071
99.6252418917
101.8850428574
106.2192661368
113.1681291230
123.8113246550
382.3170721428
437.1141735311
248.4835209654
348.8024208211
415.5576468649
671.8686959036
154.5131975809
151.2092970590
150.5163281664
153.8815454111
162.4079613245
177.5054860333
326.3341724330
1655.2419467210
1181.7736949982
842.0791786286
1111.1902037352
1254.8439020022
1196.6791967082
162.3535952895
134.0511129559
116.7972553546
106.8201717122
101.5149886684
88.6989340884
89.8568340914
95.0050745525
104.3523127799
117.5465048166
219.0291668041
968.7580155984
441.8622452214
568.3352007678
616.4559603008
930.7965654223
1393.3129703104
602.2748016316
923.4084706453
1395.8842885163
1048.7797139099
834.2952321142
1185.3786825990
825.2846731074
985.5328668238
144.8166780477
116.5461120039
100.1579028558
91.7343235463
84.3760029214
85.0172528887
88.9744731189
96.1896419542
106.9170376973
122.2241944809
1005.5319024077
966.6791060833
381.4675223133
873.8236979879
765.0071485206
655.2512315962
1308.7602546307
952.4379103528
917.2151513301
805.5484273082
1031.5094686370
998.9629654575
1370.9385505758
161.5154005192
130.3673621398
108.6075574154
94.9660295041
87.4024972129
84.5295393304
85.2021785860
90.6899599299
101.4700102545
119.2470440612
972.3377248366
1084.2065759531
531.1769640935
577.8287914292
939.6824617447
967.6528216978
513.0860516727
1159.6669985177
1486.4551605240
150.9159507905
120.6774568665
100.5502115228
89.1883911858
89.6304646345
91.2775251762
102.0414063855
250.1699497920
847.1884149788
768.5678819841
1060.7692169774
1209.6621546516
903.6310936939
705.0430665409
116.1123822481
97.2847428067
101.4410373376
108.9847875314
625.8341804806
1434.1330072078
1131.2772973507
116.8051041687
123.2829298454
84.3760029214
2126.8835260947