4.8302326434
4.7377564257
4.7574892798
4.8698919145
5.0751217153
5.3878842177
8.5185228698
6.4482744875
6.3257025289
6.7543847226
7.8128228179
5.9721343809
5.8316054763
5.7267796981
5.7309830263
5.8909661587
6.2562737894
6.9030603669
7.9550682201
13.7995980612
32.4917894252
39.3921683335
28.3892610098
30.5482267870
85.7586026677
36.5708855295
7.7638951840
6.3771811799
5.5510775640
5.0768890995
3.0510477857
3.0571219146
3.1272848806
3.2629251964
3.4808402292
3.8144543071
11.9415830013
13.8031198831
7.9147148295
10.9243662121
13.1983874418
21.1030110194
4.7172099530
4.6068684821
4.5819507845
4.6862382839
4.9541710765
5.4318829240
10.0306627311
51.2870849416
36.8519483761
26.1910552174
34.7133266562
38.6069709531
37.9360027567
5.0753193211
4.1693723743
3.6139737280
3.2921833558
3.1206644203
2.7595408346
2.8018239507
2.9763135891
3.2875208562
3.7099095897
6.7811568071
29.5498319920
13.6839428572
17.3859969963
18.8746456431
28.4171388196
461.4431918770
18.1847722662
27.8499247037
42.2799096376
31.8075528327
25.3918035183
35.9788595584
24.9637457058
30.1033942421
4.5359670576
3.6448931615
3.1231896666
2.8544977516
2.6392061825
2.6644472112
2.7965185874
3.0300815123
3.3650957536
3.8269795199
30.1000728078
29.0596123930
11.5810501621
26.2077878592
22.9748143980
19.6819822078
39.1696231580
28.5215641607
27.4442416678
24.1394364410
30.9176721571
29.8465199107
41.0780349235
5.0254358461
4.0725581607
3.3972921319
2.9697618108
2.7322415131
2.6431581883
2.6677770967
2.8413424625
3.1713294652
3.7017589878
28.8609792594
32.2391608118
15.8434262428
17.2388766534
27.9099743229
28.7251496414
15.3426020825
34.3792533144
44.1050265157
4.6664117185
3.7536042877
3.1371145216
2.7860491382
2.7915204535
2.8427025521
3.1665342954
7.5349134882
25.0595147864
22.7763296197
31.3409934547
35.7123723163
26.7426916528
20.9060252004
3.5943424865
3.0244991149
3.1380294863
3.3603943332
18.5352876748
42.2144670022
33.3427142476
3.5984649432
3.7809361307
2.6392061825
461.4431918770