0.1332807316
0.1301899911
0.1303571517
0.1331720833
0.1385928494
0.1470078751
0.2418692114
0.1787744227
0.1725542663
0.1876465052
0.2179298928
0.1621797525
0.1583927314
0.1557123310
0.1560641911
0.1607058211
0.1710304577
0.1892218258
0.2188713044
0.3781669215
0.9428543854
1.1873664138
0.8507534805
0.8643427876
2.7750006694
1.1127046436
0.2215692968
0.1800588105
0.1552487848
0.1408987888
0.0825990758
0.0827144209
0.0845777343
0.0882164289
0.0940711950
0.1030086798
0.3148917304
0.3675096548
0.2164478146
0.2904432568
0.3550611375
0.5558829839
0.1264881523
0.1236223231
0.1230744733
0.1259581756
0.1331797884
0.1459844220
0.2649484598
1.3316669098
0.9641858100
0.6861173381
0.9081985457
1.0016335285
1.0026706904
0.1381643796
0.1134688109
0.0982010746
0.0893163327
0.0845579534
0.0755818807
0.0768871003
0.0819702844
0.0908988554
0.1025672842
0.1819349123
0.7676551995
0.3591241238
0.4540206947
0.4919034841
0.7369004616
69.8403811935
0.4770473549
0.7284416717
1.0984533671
0.8309495379
0.6648732812
0.9393075015
0.6595856782
0.7828241054
0.1239861656
0.0998199801
0.0855295499
0.0781462776
0.0727239671
0.0735506307
0.0773751202
0.0839688151
0.0931347167
0.1053956399
0.8021714826
0.7664570910
0.3067844729
0.6941424891
0.6075624397
0.5212434304
1.0357540179
0.7574333689
0.7325262401
0.6464891859
0.8237827616
0.8059754148
1.0894841102
0.1373287546
0.1116655441
0.0933588043
0.0816958782
0.0752108454
0.0730165533
0.0738015014
0.0786720298
0.0876977170
0.1019758226
0.7920319981
0.8734918126
0.4327340564
0.4679639148
0.7614329214
0.7870716460
0.4189692991
0.9494688323
1.2049488707
0.1280687164
0.1032349434
0.0864456300
0.0768708303
0.0771946379
0.0786698714
0.0875722106
0.2077144023
0.7019502988
0.6320458203
0.8767506430
1.0027762891
0.7488989223
0.5857740505
0.0991547951
0.0835395213
0.0868384312
0.0930152246
0.5212591258
1.2011457084
0.9483184204
0.0995306151
0.1047504036
0.0727239671
69.8403811935