0.0000196828
0.0000191606
0.0000191583
0.0000195757
0.0000204042
0.0000217059
0.0000373087
0.0000267364
0.0000256636
0.0000281058
0.0000331029
0.0000238570
0.0000232115
0.0000227509
0.0000227819
0.0000235012
0.0000251323
0.0000280362
0.0000328157
0.0000588052
0.0001519400
0.0001920900
0.0001371466
0.0001394388
0.0004525671
0.0001815039
0.0000340317
0.0000272937
0.0000232663
0.0000209317
0.0000119781
0.0000119943
0.0000122773
0.0000128305
0.0000137218
0.0000150857
0.0000488377
0.0000576629
0.0000334100
0.0000448724
0.0000556431
0.0000873455
0.0000183183
0.0000178071
0.0000176752
0.0000180883
0.0000191853
0.0000211702
0.0000395118
0.0002061489
0.0001500936
0.0001059430
0.0001419342
0.0001525148
0.0001597942
0.0000205805
0.0000167532
0.0000143881
0.0000130145
0.0000122803
0.0000110828
0.0000112963
0.0000120955
0.0000134836
0.0000152547
0.0000269166
0.0001141825
0.0000547312
0.0000676320
0.0000736923
0.0001102747
0.0083459241
0.0000685193
0.0001046282
0.0001607284
0.0001211910
0.0000975074
0.0001372401
0.0000941694
0.0001167025
0.0000184334
0.0000147722
0.0000125931
0.0000114676
0.0000106948
0.0000108319
0.0000114218
0.0000124171
0.0000137596
0.0000154930
0.0001107027
0.0001080365
0.0000441020
0.0000969573
0.0000853312
0.0000731263
0.0001442309
0.0001052022
0.0001010340
0.0000892843
0.0001142134
0.0001097029
0.0001515305
0.0000201655
0.0000164654
0.0000137689
0.0000120305
0.0000110610
0.0000107067
0.0000108287
0.0000115402
0.0000128169
0.0000147690
0.0001054012
0.0001173829
0.0000583549
0.0000633416
0.0001018445
0.0001050184
0.0000568440
0.0001261063
0.0001604770
0.0000185342
0.0000150689
0.0000126617
0.0000112677
0.0000112386
0.0000114399
0.0000126585
0.0000284420
0.0000929140
0.0000838510
0.0001158548
0.0001324844
0.0000993401
0.0000779831
0.0000143291
0.0000121429
0.0000125049
0.0000133146
0.0000693167
0.0001590313
0.0001258942
0.0000142519
0.0000148772
0.0000106948
0.0083459241