8.3933926855
8.2319045823
8.2630815348
8.4530900452
8.8017178473
9.3335431863
14.6959921870
11.1763190199
10.9304468849
11.7096739273
13.4772369483
10.3452394627
10.1147608918
9.9448976040
9.9587057984
10.2357457673
10.8602863144
11.9607991880
13.7450475753
23.5116992143
55.5408574608
67.8687810896
48.9746256546
51.6748979392
150.3329618182
63.0487669185
13.4458066226
11.0600111102
9.6374455774
8.8198396420
5.3030051002
5.3127605952
5.4323556444
5.6641320741
6.0365613784
6.6059344726
20.2088918872
23.2868978118
13.4875384512
18.5285540598
22.3107497693
35.5284596799
8.1833373203
8.0061416986
7.9714925481
8.1541767910
8.6128366840
9.4245066398
17.2044354573
86.6674798196
62.2215974540
44.3603356451
58.5419463389
65.6127991697
63.5868522428
8.7623468323
7.2174061694
6.2680983989
5.7171177373
5.4228869846
4.7949426309
4.8683144148
5.1701075646
5.7081310731
6.4363275672
11.7057222704
50.5891706511
23.2915958594
29.7763764796
32.2585117711
48.5387797438
300.0234265022
31.4857558320
48.1879946892
72.7089062779
54.7931879598
43.6960342071
61.9471090841
43.3292416582
51.5123326381
7.8432013993
6.3145925416
5.4193551513
4.9579509999
4.5888997914
4.6332349889
4.8627201333
5.2684623495
5.8506869091
6.6548702417
52.7819803322
50.5952287016
20.0870840950
45.7709115432
40.0589450836
34.3380552581
68.4322829271
49.9068202634
48.1495302203
42.3757569333
54.1525861776
52.6663188139
71.8250899151
8.7206338328
7.0647602686
5.8966800859
5.1586849619
4.7490555198
4.6027419309
4.6466999819
4.9507216039
5.5298230096
6.4649300326
51.4506089917
57.1241731608
28.1173730037
30.5135523208
49.6137303487
51.1621842486
27.1841219562
61.4645965187
78.4908131455
8.1414134620
6.5364864370
5.4604555864
4.8502630348
4.8729930817
4.9652424528
5.5395748388
13.3583180922
45.1025403896
40.8080083416
56.4087573673
64.3898617315
48.1079724643
37.5794917331
6.2836188342
5.2803029799
5.4973297405
5.8977525575
33.3884390185
76.6057771627
60.4567812669
6.3137290048
6.6539786386
4.5888997914
300.0234265022