136.4918040021
134.3308952986
135.1576757487
138.4826713724
144.3406127998
153.1445371372
233.1987069744
179.9282498543
179.3882805053
188.4328935377
216.7004868940
170.3323521888
166.5036969242
163.5719381328
163.6083468268
167.9185033206
177.8402234767
195.3890144928
223.8019693512
384.7228013155
862.4059234211
997.9147866415
734.1051520945
826.3624991563
1980.9661079120
939.8674431466
212.1957277442
176.2649618291
154.9051798885
142.7188962193
87.6008387088
87.8070531292
89.8113670390
93.6603935372
99.8337602797
109.2901274952
339.9113271397
389.9904494950
221.8161690865
310.2483995442
371.2031622446
598.7538712765
136.0542294584
133.0405561979
132.3814558734
135.3499947448
142.9246336803
156.3758597637
288.2782731564
1468.5510976111
1050.4599935380
747.5325171858
988.3258954419
1110.1485969364
1069.7165866361
143.8566093381
118.5871763088
103.1680677126
94.2507307120
89.5081677685
78.4191275086
79.4851949939
84.1351779141
92.5391468567
104.2902978635
193.5565934926
854.1142984240
391.4250823871
501.4134958914
544.2242658342
821.2304822856
1365.4216805829
528.8549038745
810.6808503372
1227.8517180834
922.6127628290
734.6501219015
1043.0145580392
724.7059172756
869.3237105925
128.3341840866
103.2117986632
88.6152703860
81.1105199654
74.6788004122
75.2793516014
78.8359519569
85.2716445774
94.7558333234
108.1754816815
879.5595408994
847.1949850856
335.2718142470
765.1244886410
670.1984641027
574.0351402245
1145.3247725724
833.4998199314
802.2455268894
704.8076747068
902.7707823711
872.8497283716
1199.9920275329
142.8251763582
115.3948807268
96.1542216638
84.0601693905
77.3507679345
74.7901812114
75.4051627697
80.2665959284
89.7409857775
105.2647215230
847.2529109592
945.7446035925
463.6136959008
504.5204487877
819.2139781056
843.3173998113
448.2163056472
1009.9549947051
1295.3814720282
133.1524814136
106.6477871422
88.9276753983
78.8980854322
79.2012829783
80.6466553911
90.0576054165
218.8806186135
736.9141861491
669.1214669388
922.4832350165
1051.5686248416
786.1768979808
613.7427693945
102.4415259109
85.9301798312
89.4531757950
96.0051766763
544.5055979567
1245.0828906796
982.5519459400
102.8858157076
108.4325414637
74.6788004122
1980.9661079120