0.5037529670
0.4929268508
0.4943131729
0.5057079698
0.5270535221
0.5598995746
0.9087372721
0.6767914900
0.6587542029
0.7097182522
0.8245577280
0.6191253226
0.6039344348
0.5927622388
0.5933220476
0.6105520422
0.6498006332
0.7194065454
0.8330283593
1.4586415754
3.5445417913
4.3697974177
3.1356122734
3.2971981221
9.8220460786
4.0730222977
0.8291590542
0.6757066192
0.5841810928
0.5314588481
0.3144939310
0.3150571127
0.3223531848
0.3365105026
0.3592788055
0.3941319022
1.2466199449
1.4493725297
0.8331417384
1.1415525713
1.3892074603
2.2105673454
0.4849454086
0.4729727217
0.4701381532
0.4809319728
0.5089462368
0.5591165165
1.0365801621
5.3332089322
3.8453582203
2.7277747699
3.6258267380
3.9971629931
3.9941456078
0.5285892349
0.4329530009
0.3741719929
0.3400902980
0.3219081910
0.2864269110
0.2911808094
0.3101193908
0.3435965734
0.3881271703
0.7028805919
3.0424362300
1.4207384212
1.7924190307
1.9475554903
2.9281844450
473.5408868131
1.8592716620
2.8461568630
4.3345085419
3.2623928302
2.6094437304
3.6918637249
2.5536403773
3.1019527006
0.4727241636
0.3794602774
0.3245889004
0.2963103610
0.2746508630
0.2775723836
0.2917868464
0.3165349205
0.3513560470
0.3984438835
3.0572012514
2.9614964860
1.1869082922
2.6662527060
2.3395511668
2.0042365117
3.9800411832
2.8983861422
2.7867070296
2.4530206625
3.1431706150
3.0253388675
4.1768578212
0.5216795526
0.4236404893
0.3536036516
0.3090286552
0.2842433006
0.2749423132
0.2777004676
0.2958543287
0.3297514882
0.3834368430
2.9103190441
3.2573011436
1.6029612993
1.7451577831
2.8168188025
2.8973404678
1.5549913487
3.4631570347
4.4477599426
0.4824724950
0.3893788246
0.3259542173
0.2896563231
0.2896710177
0.2949579543
0.3278699971
0.7664991287
2.5183966823
2.2930843858
3.1479746123
3.5842406150
2.6886697089
2.1043967712
0.3717271665
0.3135469025
0.3243207015
0.3466188971
1.8638527085
4.2259900828
3.3405570272
0.3710312755
0.3887546759
0.2746508630
473.5408868131