171.4067340232
169.0351570537
170.2576318140
174.5086010329
181.8514088784
192.7956225156
286.2319696562
224.7325697774
225.2921410133
235.0086215583
268.7124792567
214.8855819398
210.2948384571
206.7317044292
206.7640348422
212.0099074304
224.0903391278
245.4035141044
279.7586904926
475.4103203541
1033.4431228774
1175.4311126579
868.7274349540
997.3879227683
2259.5334514261
1101.2360019405
260.6186781803
218.1683595264
192.9634363818
178.6394254569
111.1022347326
111.3781367778
113.8924353116
118.7083479718
126.4263620677
138.2472389962
424.6141629582
484.0548201784
274.8590346019
387.2133062290
459.6186279289
744.8428350011
172.9027825110
169.3102200143
168.5820280150
172.3396233129
181.8096792623
198.5396484075
364.2727219385
1841.7949459733
1312.8319475763
936.3842196279
1233.7920983146
1399.3838357466
1323.2796405020
180.6803384378
149.3844077847
130.3252462621
119.3067584173
113.4494745458
98.8818840703
100.1221015670
105.7459786841
116.0030973373
130.6169079231
244.3177481175
1083.2442703091
492.1897805377
635.1453336569
688.5902656958
1040.2869393896
1426.1341984661
675.5706907479
1035.9695118700
1563.7683399511
1174.7237830868
933.7022387696
1327.4771606630
925.5840837476
1101.5738582893
161.1354178998
129.7471058376
111.5901008844
102.2597331852
93.9654498367
94.6394199822
98.9820001565
106.9583900396
118.9172185157
136.1135492797
1131.2484743033
1085.9677387194
427.5302009298
982.3416412962
859.6222035520
736.3093838914
1471.9438613687
1071.1806658952
1031.9303885811
906.0521461935
1159.9462947700
1124.7427120387
1541.5858762555
180.0401395116
145.1918377313
120.9311271071
105.7564713568
97.3464744551
94.1592451104
94.8831850338
100.9865928845
113.0641926416
133.0941914418
1097.1248400906
1222.3475063258
598.5476517173
650.9575895583
1059.8722671060
1091.6920044268
577.7567191813
1309.0062629496
1677.0817972523
168.5324775123
134.5739888205
112.0531297614
99.3678072280
99.9499733436
101.7946571534
113.9059196289
281.3137488613
957.1773327696
867.7503872544
1198.7231152054
1367.3821736338
1020.7403507576
796.0675077813
129.6609189427
108.5265625894
113.3183121266
121.8515781982
706.9193068037
1622.7038629188
1279.6416477821
130.6084449614
138.0192554685
93.9654498367
2259.5334514261