8.9294358289
8.7628919301
8.8012184595
9.0089749483
9.3866191347
9.9610133641
15.6351541476
11.8993626665
11.6817106355
12.4596660960
14.3761306568
11.0473389690
10.7932451103
10.6034749148
10.6123093804
10.9055824448
11.5737364490
12.7549801204
14.6731202242
25.3120597834
59.2041239041
71.6806087453
51.6852829939
55.6288937280
156.0600977747
66.4512787859
14.2656053961
11.7424281828
10.2394162202
9.3771472600
5.6552325670
5.6665249245
5.7957338290
6.0454764963
6.4466436279
7.0606404931
21.9420265743
25.3034631192
14.5244613248
20.0749215828
24.1852929169
38.6959076396
8.7455987095
8.5470577232
8.5040093494
8.6974855152
9.1909099639
10.0683028134
18.5318938737
94.3155534603
67.6965324293
48.1677249611
63.7342790062
71.1729521222
69.4029266013
9.3718111197
7.7085828967
6.6889842754
6.0981037763
5.7830808440
5.1066775777
5.1834816646
5.5028477884
6.0736260619
6.8515463329
12.5403521387
54.6382337942
25.2142297969
32.1370111844
34.8649341420
52.5049689225
519.2336425928
33.7579818789
51.7008290024
78.3305447203
58.9405727124
47.0193798337
66.6595803126
46.3559510545
55.6413449369
8.3773769764
6.7360840182
5.7761798766
5.2818064590
4.8818182706
4.9274954816
5.1699858705
5.6003588325
6.2204846514
7.0795561855
56.1064682140
54.0496571886
21.4941695823
48.7926226306
42.7498723454
36.6250739007
72.9476695448
53.1325550283
51.1614653618
44.9964139147
57.5997245230
55.7184016339
76.5083661789
9.2968895624
7.5299040236
6.2812977534
5.4921022815
5.0538470807
4.8911474805
4.9362604724
5.2576068335
5.8712441075
6.8617564057
54.0458213253
60.2799480511
29.6212202535
32.2108343539
52.2284346862
53.7781560135
28.6633541316
64.4260603123
82.5645755672
8.6501401936
6.9500984567
5.8059729000
5.1557882509
5.1711102242
5.2668044412
5.8716593633
14.0658156544
47.0383206217
42.7035423847
58.8391192933
67.0745221408
50.1892354316
39.2179840945
6.6651016954
5.6039070900
5.8224317180
6.2402910924
34.7911743371
79.4220584829
62.7083108730
6.6822194250
7.0298481143
4.8818182706
519.2336425928