24.7843026831
24.3303951353
24.4413332640
25.0199341940
26.0679493972
27.6597187581
43.2304305728
32.9732572105
32.4253255770
34.5260584760
39.7965243292
30.6870395073
29.9864711025
29.4620213878
29.4858291935
30.2955727680
32.1407946593
35.4019315287
40.6941879875
70.0906998080
163.1444402089
196.4685072783
142.0974453477
153.4617972683
423.2149244927
182.6243474789
39.4532010041
32.5147843321
28.3822848649
26.0127128089
15.7223323120
15.7542890246
16.1130264052
16.8059468749
17.9187827935
19.6219678464
60.8776346818
70.1385139193
40.2356622180
55.6869035390
67.0069930410
107.3011003673
24.3235660582
23.7764648583
23.6590184294
24.1965774923
25.5650601939
27.9966081835
51.4945773731
261.8156047473
187.8256098201
133.6723836561
176.8060119592
197.6895959853
192.2906210540
26.0098373830
21.4045911514
18.5826004857
16.9474018486
16.0757638857
14.1808806782
14.3917347255
15.2727402108
16.8491403073
19.0031794229
34.8248093822
151.8819258530
69.9986595860
89.3162504069
96.8905596278
145.9420752247
699.2829087202
93.9506746539
143.8921544808
217.8954123864
163.9544379284
130.7480364076
185.3998427710
129.0016404013
154.6590161684
23.2463747520
18.6954502260
16.0360310898
14.6666320076
13.5503570596
13.6751169262
14.3447728718
15.5358667175
17.2566032641
19.6467323817
156.3193818922
150.4971450643
59.7895706304
135.9036334987
119.0506064818
101.9996229362
203.2218243162
148.0194643106
142.5554668098
125.3679047496
160.4666285140
155.3149788457
213.1244949261
25.8146501708
20.9011297339
17.4336817402
15.2439917702
14.0282992168
13.5771345030
13.7009516826
14.5921617771
16.2984484137
19.0589291843
150.8076500414
168.1242541384
82.6031201444
89.8099519206
145.7067935456
150.0570006552
79.9131034500
179.8220242441
230.3658913486
24.0359659189
19.3011679292
16.1193587577
14.3127941148
14.3602409028
14.6262038295
16.3114056880
39.1930207632
131.3674910799
119.2107401287
164.3416819828
187.3753355940
140.1564653546
109.5007031022
18.5198418796
15.5646340654
16.1803929546
17.3473709141
97.1611066598
222.0102488340
175.2648489766
18.5775699882
19.5537451994
13.5503570596
699.2829087202