73.7697671154
72.4506960028
72.8103822052
74.5630954204
77.7179432437
82.4999985423
128.6655627034
97.8918708235
96.8078837972
102.5644093649
118.4740378796
91.5645669723
89.4321271684
87.8234386449
87.8632971814
90.2639916716
95.7710041816
105.5233295988
121.3654276013
210.2354895760
485.7548494548
575.0048660693
419.3365764595
460.6823212519
1192.7703700490
540.7505545100
117.1482947429
96.6119280264
84.3878839247
77.3872610960
46.8735693783
46.9752545292
48.0543408930
50.1337755609
53.4720240239
58.5846076140
183.5128910233
211.6482467170
120.8223252821
167.7073117928
201.9740548475
324.1471533068
72.6189086563
70.9385011540
70.5574202615
72.1524528450
76.2515370757
83.5556708469
154.4076770694
789.8821672094
566.7310451221
402.7579433785
533.6764693953
595.0364729454
581.6534140138
77.6356689018
63.8440169918
55.4071644711
50.5238341283
47.9241022337
42.2176089448
42.8370987877
45.4438303593
50.1146058108
56.5240890234
103.9830851091
455.8386252567
210.3791119647
267.9464830367
290.9802547323
438.5130831871
1165.1941590578
280.8230794897
430.2769524728
653.1158904806
491.0457578215
391.6406736997
555.3242565453
385.1137315979
464.2832172887
69.3132756242
55.7019278865
47.7575800749
43.6698064993
40.3013893224
40.6627874221
42.6414136777
46.1698887356
51.2814780806
58.3972314654
465.0155737291
448.8716604080
178.4498820968
404.9235014146
354.9252837911
304.0162124963
605.5545879566
440.7717717811
424.0571213988
372.8263999016
477.6054582190
460.9926125991
634.7738709530
76.8939055519
62.2407134698
51.8932230158
45.3593841443
41.7315506563
40.3525171377
40.7096692219
43.3456335540
48.4041071818
56.5935333627
445.9815119201
498.3194493696
244.6125747438
266.2472668023
431.3924567013
443.9542660893
236.7837787716
531.3176001145
681.7906157239
71.4684241521
57.4012125784
47.9312310608
42.5492285609
42.6503073707
43.4268088592
48.4106571681
116.0107027900
387.1968952186
351.9225423745
484.4432081709
552.0062163279
413.1728653414
322.8554263271
55.0091052583
46.2356885662
48.0156708860
51.4515254880
286.2522642614
652.5911061493
515.3050305536
55.1195591916
57.9650041556
40.3013893224
1192.7703700490