292.7761243000
289.6328279418
292.2347457535
299.7435365832
312.3235319526
330.8305766951
472.7775582417
380.7313902840
385.4829006695
397.1595968349
451.3370714104
369.8925460790
362.4815881072
356.5896832367
356.5513008334
365.0834496527
384.8141217311
419.5280802344
475.1370520940
796.3835959932
1639.6695463779
1810.8799288551
1344.6701572097
1614.8266970699
3235.3198208370
1682.8327456514
430.1833953115
364.4735280366
325.5560753728
303.6055910076
192.6206436003
193.1440756478
197.4517995672
205.6643140521
218.8084378194
238.9446079522
724.0922867364
818.5911880193
462.8698950836
659.3015115279
774.3690993039
1264.0179173273
300.7560152944
294.9900247304
293.9320330069
300.4136074657
316.5309447000
344.8287923227
629.6348795535
3158.1056166983
2240.5534061474
1602.1463866346
2102.7920371801
2413.7068489579
2229.1893891130
309.1391928218
256.5880074205
224.7027580069
206.2884677908
196.5118633317
169.9267199464
171.7681459741
180.7818657717
197.4906418375
222.0883495001
420.8169174796
1881.8343929501
845.8340233053
1101.5530607168
1192.9054604110
1805.2248349091
1453.4111617125
1183.4358607007
1815.8547010252
2730.6852808978
2050.0708979022
1625.5609864048
2315.4772244593
1620.2231772306
1911.5878061450
275.4430199753
222.0987993442
191.4511687756
175.7150945186
160.9284717111
161.8494034996
168.9170840395
182.2363806602
202.7707853611
233.0290632097
1996.5811823396
1909.6301135997
746.8067655930
1730.6817660585
1512.7742101471
1295.7224342351
2596.5831261857
1889.3098879360
1821.6949793472
1598.0437962975
2044.9242871264
1988.9361733077
2717.5860022155
309.3512107897
248.7964458657
207.0653280922
181.1425055927
166.7910014062
161.3535379878
162.4404873389
172.8255492786
193.8689891670
229.3759511091
1950.7543638319
2169.3073383551
1060.5053633256
1152.7286331048
1882.9594904870
1940.5943618202
1021.6850730852
2329.7881896714
2981.7989496918
291.0508667530
231.4313233849
192.3004158409
170.3948095351
171.8186383630
175.0117433213
196.3716936998
495.3665278833
1707.4517722803
1545.2888397683
2139.6482393600
2442.3592544109
1820.0082891261
1417.6015182053
223.8413269974
186.7885976404
195.7956793719
211.0642800074
1260.1572578137
2905.6559891928
2289.3725695506
226.3247301322
239.9889551439
160.9284717111
3235.3198208370