0.0071919842
0.0070060095
0.0070079567
0.0071619340
0.0074651536
0.0079402197
0.0135349592
0.0097722713
0.0093819682
0.0102677526
0.0120524015
0.0087392876
0.0085077788
0.0083419662
0.0083534778
0.0086143306
0.0092057007
0.0102573498
0.0119847976
0.0213516386
0.0547828374
0.0693384357
0.0494181842
0.0501913392
0.1638939932
0.0651146616
0.0123553115
0.0099294861
0.0084798997
0.0076402407
0.0043913022
0.0043974761
0.0045010673
0.0047034565
0.0050295455
0.0055285809
0.0178085066
0.0209419622
0.0121284306
0.0163525235
0.0201916568
0.0317804122
0.0067344033
0.0065512303
0.0065047034
0.0066566835
0.0070583540
0.0077834701
0.0145285211
0.0755785829
0.0548612527
0.0387815091
0.0518264163
0.0561608127
0.0580054700
0.0075265805
0.0061308619
0.0052690031
0.0047686162
0.0045012360
0.0040534571
0.0041303719
0.0044202345
0.0049249810
0.0055732104
0.0099084407
0.0423005197
0.0200832592
0.0249902970
0.0271979054
0.0407650622
44.7263314297
0.0255158001
0.0390075454
0.0597626574
0.0450255356
0.0361770202
0.0509958544
0.0350871781
0.0431904143
0.0067403128
0.0054003036
0.0046046740
0.0041940971
0.0039064912
0.0039558206
0.0041703842
0.0045339698
0.0050279235
0.0056713756
0.0414481700
0.0403912380
0.0163692156
0.0362443907
0.0318655252
0.0272934106
0.0539750215
0.0393393740
0.0377708674
0.0332918591
0.0426768282
0.0408831201
0.0567169586
0.0073841962
0.0060204332
0.0050309457
0.0043948665
0.0040405715
0.0039079401
0.0039523542
0.0042129664
0.0046832947
0.0054066333
0.0389463184
0.0437273652
0.0215884025
0.0235213345
0.0377412474
0.0387798426
0.0210146717
0.0462435907
0.0595007621
0.0067793002
0.0055056914
0.0046230926
0.0041130975
0.0040990366
0.0041732158
0.0046205885
0.0104394427
0.0334962409
0.0305944449
0.0418140411
0.0475483303
0.0357909479
0.0280783817
0.0052268889
0.0044289038
0.0045551012
0.0048501957
0.0248267300
0.0557902188
0.0441762873
0.0051879238
0.0054070995
0.0039064912
44.7263314297