48.4323281670
47.5658927969
47.7965281559
48.9370542100
50.9925684047
54.1088877437
84.2363789947
64.2825899994
63.4343629364
67.3302595607
77.6280812927
60.0560519461
58.6845609205
57.6536107028
57.6927941320
59.2666404471
62.8610055638
69.2156094363
79.5258379397
137.0388774872
316.9077184754
377.7788566645
274.6751309359
299.3581150322
796.2704564325
353.4043229765
76.8041244714
63.3764029993
55.3814995520
50.8011218278
30.7823977101
30.8472231550
31.5508470170
32.9081641295
35.0874143036
38.4234427227
119.3907148206
137.4996473413
78.7557152484
109.1693878327
131.2894525218
210.4708306198
47.6601563165
46.5868897070
46.3542870553
47.4047151835
50.0827049404
54.8421701392
100.9543237351
513.8028723806
368.4586069410
262.1748223388
346.8342980313
387.9114498329
377.0578776195
50.8701284718
41.8711207089
36.3615771131
33.1705274801
31.4704771523
27.7251432812
28.1314014689
29.8403749918
32.9029874473
37.1038365672
68.1570316059
297.9944457740
137.2217574523
175.1721424909
190.0691737295
286.4005314292
922.1668250710
184.2860333058
282.3006932817
427.6022988029
321.6495862930
256.4475643036
363.7165408553
252.9428209878
303.4220589513
45.4449120239
36.5448058761
31.3495115956
28.6753531441
26.4743404366
26.7125666716
28.0123483616
30.3307128609
33.6909435561
38.3728451107
306.4652146335
295.1318390268
117.1798676951
266.5051536805
233.4641787730
200.0117294043
398.5979476539
290.2526834301
279.4795071363
245.7475608638
314.6217227820
304.3625085573
417.9229292536
50.4776906422
40.8540333381
34.0688930570
29.7874466163
27.4108157070
26.5220104986
26.7591958678
28.4960912399
31.8315865846
37.2395016279
295.3830166760
329.4597900325
161.7883020589
175.9545131793
285.4662972558
293.9484228188
156.5183357838
352.1704419777
451.3618993083
46.9995492293
37.7257037748
31.4976817230
27.9630452998
28.0548126234
28.5718946403
31.8686384696
76.6970874995
257.1481153690
233.4154229098
321.7105621118
366.8030599940
274.3581830022
214.3201421399
36.1994131425
30.4135826106
31.6197696538
33.9035451503
190.1414791323
434.3975685624
342.9080412878
36.3143844273
38.2262892388
26.4743404366
922.1668250710