0.0015747014
0.0015339150
0.0015340413
0.0015672108
0.0016327482
0.0017355193
0.0029586487
0.0021313988
0.0020481298
0.0022404923
0.0026320491
0.0019081547
0.0018580460
0.0018224779
0.0018254828
0.0018824733
0.0020109601
0.0022391491
0.0026141148
0.0046501380
0.0119444456
0.0150905111
0.0107844684
0.0109627233
0.0354812844
0.0142504085
0.0027009240
0.0021720367
0.0018558741
0.0016726359
0.0009618117
0.0009630934
0.0009855254
0.0010293762
0.0010999870
0.0012079340
0.0038530840
0.0045459459
0.0026473269
0.0035471094
0.0043910179
0.0068778902
0.0014691498
0.0014299788
0.0014205187
0.0014538048
0.0015407230
0.0016971879
0.0031373636
0.0162108448
0.0118096579
0.0083466873
0.0111609649
0.0120114615
0.0125522975
0.0016415076
0.0013393281
0.0011524638
0.0010438485
0.0009857449
0.0008881747
0.0009049025
0.0009679933
0.0010777490
0.0012182301
0.0021407878
0.0090235245
0.0043223883
0.0053527355
0.0058259946
0.0087107765
0.3463157332
0.0054632100
0.0083345737
0.0127415211
0.0096266287
0.0077385875
0.0108881873
0.0075282692
0.0092187309
0.0014713747
0.0011809226
0.0010081141
0.0009188070
0.0008569538
0.0008676742
0.0009144380
0.0009936318
0.0011010011
0.0012404592
0.0089488893
0.0086600058
0.0035243898
0.0078005060
0.0068540950
0.0058772637
0.0116098845
0.0084858210
0.0081773276
0.0072321289
0.0092240872
0.0089488365
0.0122100877
0.0016147980
0.0013177267
0.0011022026
0.0009635510
0.0008862496
0.0008589738
0.0008686465
0.0009257560
0.0010289441
0.0011880160
0.0087066325
0.0096215471
0.0047918000
0.0051839244
0.0083826430
0.0086639920
0.0046603149
0.0104505740
0.0132362866
0.0014917833
0.0012101488
0.0010160242
0.0009040406
0.0009038457
0.0009203324
0.0010200168
0.0023310695
0.0077427564
0.0069610330
0.0096554428
0.0110532492
0.0082712189
0.0064874372
0.0011549295
0.0009770278
0.0010094108
0.0010767554
0.0057726500
0.0132993096
0.0105126621
0.0011526325
0.0012067201
0.0008569538
0.3463157332