39.6108788899
38.8632371892
39.0327597551
39.9605949446
41.6489727114
44.2188705065
69.7218694301
52.7324542236
51.9207604201
55.2608563432
63.9288779015
49.0277614775
47.8715236892
47.0058218036
47.0345803604
48.3415977515
51.3324242003
56.6301022326
65.2467602421
113.3017887455
265.6216072257
318.0673442360
230.9361990099
250.3916497793
676.3274203325
298.5097330813
63.5247509012
52.2168095140
45.4816637406
41.6177046455
25.0482783389
25.0999596977
25.6774507378
26.7924604527
28.5833330869
31.3255698597
98.3053157038
113.6147241744
65.0073918251
89.8949148226
108.5635845125
173.7955100548
38.7543684240
37.8437704392
37.6355532050
38.4901090756
40.6904168510
44.6155223359
82.4874547109
422.4017888193
303.4622555562
215.5764762394
285.8442984468
317.8252958688
312.4051393551
41.6422600224
34.2106521797
29.6581687354
27.0217424044
25.6172986649
22.6283545103
22.9724265909
24.3966499968
26.9385318726
30.3954879664
55.6657918891
243.1114293471
112.5374783955
142.9891696859
155.2923274898
233.9008244527
969.1583451038
149.5076287459
229.0256417595
347.8495031279
261.6291956715
208.8135612344
295.9122519814
205.1432989331
247.6684744723
37.1976277139
29.8857110519
25.6086528625
23.4069285088
21.6281337796
21.8321677654
22.9098745981
24.8186193892
27.5613311386
31.3495178774
247.2145846914
238.8022087659
95.1289658261
215.3227554867
188.7863467099
161.7173218101
321.8757424675
234.3261037902
225.4367464024
198.2591449270
253.9834538049
245.0247730752
337.5171500969
41.2121799131
33.3877541212
27.8460644810
24.3395568904
22.3919539951
21.6554752185
21.8544077036
23.2735387241
25.9766169273
30.3276756952
236.7823436074
264.6129846399
129.9970992286
141.4810493934
229.0475316434
235.7009576941
125.8850030044
282.0210225919
361.9053410860
38.2601387633
30.7675305325
25.7086462557
22.8286086918
22.8706025703
23.2877880466
25.9415836472
61.7802424341
205.4461011918
186.7999334790
257.0067829299
292.8098547226
219.2701513212
171.4076473949
29.4588459370
24.7830542540
25.7124092013
27.5345041170
151.9434291351
346.0004204500
273.2892881292
29.4908463818
30.9858082163
21.6281337796
969.1583451038