531.2536881247
525.9909640412
531.1587562197
545.2761742400
568.6961355706
603.0351741602
858.1956347006
692.5712949088
704.1385771248
721.7595349379
823.0898964917
674.5427048138
660.1945105376
648.6431500658
648.0513279694
663.4276214313
699.6046539765
763.6221152612
866.5646366738
1476.1441830327
3002.8432449856
3269.4274390109
2417.0590579690
3001.5007225501
5651.4549093347
2996.8606975693
777.7137795913
659.5347255511
589.6792884977
550.4259120654
350.7041130021
351.7316141018
359.7237271500
374.9044176589
399.1833849034
436.4260439058
1353.7119916558
1537.2448222798
857.8857043581
1230.3307842180
1449.9209485408
2377.5370342255
548.6722577829
537.2688239402
534.8092845347
546.5058600463
576.2322955702
628.8070122719
1159.7041723580
5901.1132246595
4194.4224127546
2987.8555302012
3940.9628072000
4479.8689622781
4214.0067316338
565.6012888762
468.4110725325
409.6259421925
375.7486526037
357.8047109587
309.0170206424
312.2656098992
328.5222678635
358.7639666696
403.6760306348
769.1678268285
3466.2789820791
1569.0068413187
2029.5729275248
2202.7235101370
3333.9495387927
1584.8944372178
2158.3788259205
3313.3296806490
5009.3490238547
3756.1145579203
2980.7383611024
4242.9857025877
2948.3463091771
3522.7300143684
503.0638643931
404.9269910432
348.5937144405
319.6861778527
292.2990559312
293.8472718931
306.5524891906
330.6281511288
367.9149910059
422.9724606339
3604.4830745972
3466.2400778148
1359.9775360635
3134.4222584257
2743.3878196756
2348.7745925508
4701.5130143753
3417.2001927343
3288.4870181657
2884.0140708387
3695.7806601265
3575.9875861942
4917.2000683038
563.3046107381
453.0671723505
376.8261893717
329.3913682139
303.0972097078
292.6813645240
294.5066796149
313.1758396937
351.1272538552
415.1028067860
3484.1013044249
3889.2923423933
1899.7019433828
2068.3993806616
3369.5383511973
3468.5234881152
1832.3298016716
4154.9493138627
5331.8905676479
527.7307607571
420.1274311181
349.1213133317
309.2310436480
311.1272885886
316.7015314832
354.9585983820
887.7796031544
3033.1029594592
2752.1328497339
3801.2876105396
4334.6731279718
3234.1737007715
2520.5024708121
405.1452047059
338.3083190717
353.7268943135
380.7982548707
2237.6512629746
5139.1340036534
4051.1204410893
408.5685066975
432.3257712370
292.2990559312
5901.1132246595