0.0770118235
0.0752892887
0.0754487109
0.0771448947
0.0803624784
0.0853341549
0.1394787118
0.1036858128
0.1003296090
0.1087355082
0.1262089910
0.0942778731
0.0920002089
0.0903459100
0.0904736722
0.0931329810
0.0991418911
0.1097763244
0.1271265609
0.2214998915
0.5453288305
0.6823653662
0.4873457089
0.5025915585
1.5806491714
0.6331975156
0.1275617961
0.1037547052
0.0895432180
0.0813420084
0.0478915456
0.0479686819
0.0490699467
0.0512135380
0.0546628543
0.0599385568
0.1876755876
0.2182611850
0.1263708085
0.1721493661
0.2096626688
0.3321847693
0.0736878398
0.0719113904
0.0715123392
0.0731665131
0.0774169581
0.0850082542
0.1567553629
0.8011575709
0.5780650482
0.4105896135
0.5449122490
0.6015830890
0.5998906052
0.0804911893
0.0659579110
0.0570045293
0.0518063102
0.0490289294
0.0437300059
0.0444742411
0.0474028220
0.0525643282
0.0593756886
0.1068514666
0.4590396927
0.2143067460
0.2706534179
0.2937471814
0.4412637034
138.0082922471
0.2816926328
0.4309491398
0.6546502763
0.4933032878
0.3946312617
0.5582126398
0.3875823988
0.4679926865
0.0720767872
0.0579004101
0.0495422291
0.0452311537
0.0419933798
0.0424582413
0.0446568110
0.0484649267
0.0537904794
0.0609518700
0.4656578218
0.4496935127
0.1802198454
0.4053600173
0.3554607486
0.3046202373
0.6049346063
0.4409502045
0.4244950788
0.3738750876
0.4785221588
0.4621552066
0.6352490479
0.0795939816
0.0646750280
0.0540137287
0.0472228383
0.0434470981
0.0420707347
0.0425097672
0.0453039642
0.0504945162
0.0586929930
0.4464574362
0.4982460396
0.2455450622
0.2669581070
0.4314862937
0.4442196337
0.2380854721
0.5318890123
0.6815969992
0.0737364161
0.0595180342
0.0498415813
0.0443067576
0.0443487937
0.0451734096
0.0502236721
0.1175704854
0.3880037570
0.3525674523
0.4848738173
0.5525181221
0.4141462580
0.3241367050
0.0568860285
0.0479893727
0.0496821723
0.0531184442
0.2873425456
0.6532538253
0.5162945861
0.0568370841
0.0595968786
0.0419933798
138.0082922471