17.7218832258
17.3837484255
17.4569895991
17.8700693293
18.6236662687
19.7717539384
31.2324196715
23.6223653654
23.2138170565
24.7476176880
28.6292853277
21.9177016467
21.4017530764
21.0163451408
21.0309268276
21.6170956827
22.9565031237
25.3282859197
29.1859329068
50.6444031735
119.0328205187
143.5120199140
103.7899201139
112.0448602438
309.0447286418
134.1840970958
28.4697335495
23.3889437176
20.3622717288
18.6251476198
11.1964608810
11.2190633675
11.4767836661
11.9747762287
12.7747665134
13.9996155424
43.8675035002
50.7023270168
29.0450363973
40.1243875767
48.4657009110
77.5331291790
17.3156248308
16.9099881013
16.8179659021
17.2003836457
18.1836629769
19.9371308427
36.8331682724
188.4389211607
135.3945133640
96.2057719652
127.5286321005
141.8309809210
139.3654773940
18.6201561906
15.2969184455
13.2601236137
12.0802394336
11.4514852526
10.1215564920
10.2761942917
10.9150014144
12.0545987829
13.6024648967
24.8831698790
108.5298470477
50.2458253888
63.8451823306
69.3238503517
104.3879649230
735.0120934444
66.7757211233
102.2722684418
155.2924647241
116.8170820850
93.2440351207
132.1294940595
91.6421596032
110.5633739543
16.6371059520
13.3681169217
11.4549079050
10.4697682275
9.6776277088
9.7697140677
10.2531744380
11.1086192359
12.3364644335
14.0304958444
110.4823419069
106.6835528023
42.5069232054
96.2086055132
84.3431963155
72.2528466782
143.7970152760
104.6994819924
100.7365751865
88.6053441328
113.4910498331
109.5313259637
150.8044892670
18.4325095952
14.9356007238
12.4581510907
10.8900315302
10.0189613910
9.6911807704
9.7809890245
10.4168518768
11.6266345983
13.5724083321
105.8882127907
118.3043142306
58.1301645591
63.2582649666
102.4141569342
105.3970985510
56.2944852855
126.1321284993
161.8312012808
17.1145627092
13.7650533946
11.5032546992
10.2154608810
10.2351333904
10.4224583429
11.6099748288
27.6375595525
91.9181973636
83.5547365971
114.9694609573
130.9945168430
98.0956607679
76.6849932772
13.1806401501
11.0899709588
11.5062828913
12.3217651299
67.9837327119
154.8288026608
122.2893281219
13.1956582816
13.8649100928
9.6776277088
735.0120934444