227.8608775384
227.5487274849
230.6630250161
236.8641766651
246.3938350906
259.8366211207
322.7932147113
291.5085855848
298.4933193691
301.9834377390
328.3504500813
293.4705180833
289.4379082050
285.8894169197
285.9073713535
291.4605767296
304.1943908033
326.1222013101
360.0225074542
558.2815411692
944.2995395835
979.5813846789
724.5776044837
950.1189072541
1484.1390580143
779.1989208668
296.9767121411
263.1503162816
243.3260487798
232.5460900604
156.8960302701
157.3760377846
160.6509916331
166.8423525820
176.7229784478
191.8354066537
538.4250246627
583.4264148208
327.1857906886
487.1315882720
543.2339620764
913.7305654413
246.9501841824
244.0040882919
243.9820068725
249.2460761878
261.4083017548
282.0803025186
501.7366392744
2405.1451001887
1670.7668749501
1213.2471879350
1558.4235839106
1896.2032970600
1554.0373556942
239.9870884848
202.3272565969
179.6620758299
166.5730651846
159.6248259378
135.0122060640
135.8450651845
141.5488443551
152.7666908361
171.0594284563
335.9237900244
1529.6553456050
656.6953825405
889.7298654416
956.9338294926
1456.2703968541
134.2086496861
997.4327688940
1532.7015183335
2265.8042895419
1699.2479011041
1335.8620111246
1916.3866804655
1365.1463915583
1546.8656332020
213.8832315367
173.6695023530
151.0643874724
139.4779373420
126.7340479968
126.9818330004
131.7645325961
141.5630234875
157.9820673977
183.8943764420
1738.0994439572
1636.7101354001
625.3084806728
1494.1603810975
1299.9891252547
1113.8091150997
2250.4862873069
1637.9634324592
1585.8844683199
1387.3740021574
1771.2368808029
1745.1825111684
2352.0421360515
245.2461934402
195.5271522198
162.4873480366
142.4572273684
131.4280883397
127.5237176478
128.1205417463
136.3008782826
154.0033816679
185.3509696390
1748.2576399785
1928.6511371025
938.8094572244
1017.5138111216
1680.7947259620
1736.2293397415
898.0704503901
2094.7723382253
2669.0219299414
235.6362279733
184.6892785305
152.4664970538
134.8487201818
137.4286037312
140.1957941833
158.9094075396
430.6241765103
1549.0798656265
1393.0041421096
1944.2600714556
2224.7961028206
1648.1615759614
1278.6387117715
181.4144576305
149.8875767628
159.4965703962
173.5473910576
1141.1497143206
2670.2805720744
2098.2188659149
186.0942969358
199.8544190442
126.7340479968
2670.2805720744