281.6278780194
281.1377156347
284.9617642182
292.6623468381
304.5368875344
321.3218916966
402.2712825941
360.9912753167
369.6143994377
374.0243464209
407.9749557740
362.7525277328
357.5335730131
352.9619663614
352.9105018477
359.8380262335
375.8178081179
403.4273471936
446.2722039763
698.1194473415
1194.5593953913
1241.8734865809
916.8415074608
1203.7015697920
1894.6809741362
995.0774757846
369.5237366196
326.5516384037
301.3618576434
287.6387848370
193.5445132009
194.1417556681
198.2174859144
205.9209091703
218.2158907000
237.0304515991
672.7136849863
731.3996904553
408.6487742430
608.2758139439
680.9706284470
1145.3960448539
304.6810642033
300.8032834750
300.6414146343
307.1201283526
322.2451629323
348.0611993306
621.8962738802
3001.7539650397
2088.4570443022
1513.5157536681
1949.5825907835
2358.3415353490
1955.5138688541
297.2643956416
250.2363289904
221.9406398338
205.6094159389
196.9453361523
166.7425208697
167.8067031207
174.9455775324
188.9417350255
211.6624119535
415.5584375457
1894.8599704637
816.9554670118
1102.5472863319
1186.8923518150
1805.8816319685
184.1016698159
1229.4584423797
1889.5664629249
2800.2769453625
2099.1451335311
1651.4353818208
2367.6946301236
1681.6669517750
1916.7125051767
264.8027292685
214.8245528025
186.6993157812
172.2850493357
156.5500740373
156.8778148064
162.8305750386
174.9768332092
195.2492520944
227.1330465389
2132.7239648689
2013.0910356151
770.7281880864
1835.9119832233
1598.2652877259
1369.1428165934
2764.4383119615
2011.3785281889
1945.7390068858
1702.3140479373
2174.6058252097
2137.8747354832
2888.7479264262
303.0169641381
241.7097265969
200.8490070800
176.0327037051
162.3604316951
157.4326634186
158.1726318966
168.2556410340
190.0084331044
228.4166910681
2135.2263920372
2359.1558999498
1148.2210982675
1245.2999802172
2054.3793096056
2121.1616679078
1099.0875525028
2556.7685721929
3261.0804999352
290.4441105150
227.9086847595
188.2239048639
166.4792248472
169.4581793112
172.8304620983
195.7327050291
527.1585611001
1887.7106102516
1699.3991764085
2369.1716536943
2709.8232261697
2008.8655074233
1558.9663215355
223.4846643294
184.7905301329
196.3344399476
213.4464471966
1390.5495085763
3247.8152493026
2552.6295244870
228.8989566230
245.5141443620
156.5500740373
3261.0804999352