87.8132538929
86.2540467022
86.6897220639
88.7815991729
92.5414373162
98.2375091472
153.0349184585
116.4511999546
115.2775970146
122.0164601386
140.9616070571
109.0441807155
106.5034066572
104.5843376192
104.6273562472
107.4803636472
114.0298471698
125.6299169069
144.4731344916
250.3197572552
577.2991837939
681.2094228418
497.5825682102
548.2126532448
1405.4389058552
641.8247505297
139.2964204172
114.9187102304
100.4096951727
92.1026663863
55.8288499547
55.9511173602
57.2370779082
59.7142590564
63.6907219159
69.7811531627
218.7128915911
252.2258058118
143.9129795129
199.8481313423
240.6614726394
386.3490958452
86.5116039777
84.5081752166
84.0524361597
85.9509668424
90.8326066143
99.5322164216
183.9757412941
941.5014384136
675.4861132088
479.9747146740
636.0339032450
709.1800951368
693.2484847134
92.4437630603
76.0245200713
65.9829028237
60.1715049818
57.0781889659
50.2633884636
50.9977243224
54.0942150107
59.6452003798
67.2713199377
123.8284287540
543.2224734796
250.6874629740
319.2951300597
346.7651006067
522.6377688765
1241.8828668736
334.6317613889
512.7269499151
778.3323735811
585.1512476287
466.6641830285
661.7059205905
458.8385196053
553.2590536193
82.5227663225
66.3152211871
56.8583770248
51.9928230066
47.9727915601
48.3999960445
50.7507475595
54.9463696050
61.0302744319
69.5070071791
553.9872226245
534.8037494570
212.5882119439
482.4267309300
422.8805447893
362.2029248519
721.5060424026
525.1498462590
505.2004885105
444.1436025468
568.9919191120
549.1372483849
756.2987074107
91.5524432534
74.0983346346
61.7756573427
53.9961328396
49.6767529765
48.0312954147
48.4538599741
51.5892551855
57.6114336642
67.3668003781
531.1894411426
593.6169910035
291.3625544561
317.1506593892
513.8761380700
528.8134979270
282.0378351694
632.8278035540
812.1396301198
85.0918617908
68.3358074146
57.0574155997
50.6482327993
50.7678796710
51.6907113957
57.6251485211
138.1448340650
461.1233089727
419.1448323487
576.9785716625
657.4328864731
492.0767211513
384.4979140514
65.4882645079
55.0387586883
57.1590108422
61.2505567103
340.9091376331
777.2055702704
613.6973641710
65.6208646692
69.0103241626
47.9727915601
1405.4389058552