340.2492428682
336.6283671811
339.6943813075
348.4752332934
363.1678425552
384.7761323641
550.2730147018
442.6931001055
448.5786199786
461.7724731016
525.5521290884
430.2079401594
421.4729857423
414.5193617249
414.4187528409
424.3387412209
447.3454268026
487.8676072547
552.8367983888
929.6507619108
1912.5051804270
2106.9955268573
1564.0112545458
1889.5860018849
3740.3461745917
1953.9810908476
499.9370994452
423.5427436916
378.3110872319
352.8124934686
223.9242915192
224.5409599200
229.5683374057
239.1469837720
254.4759924141
277.9650297387
846.1074291185
957.5594984505
540.5979824210
770.2372530595
905.7199786398
1478.8107550973
349.7317482834
342.9098008741
341.6121283223
349.1357342226
367.9245801162
400.9622571361
733.5247356176
3689.4112391058
2618.6514438159
1871.1441058334
2458.2838261843
2815.9437137606
2610.7964568664
359.7988059826
298.4890019405
261.3088963411
239.8448003213
228.4537083064
197.5457205955
199.6819478121
210.1599680274
229.5876392760
258.2138894136
489.6038175910
2192.0447892907
986.7655287311
1283.2289733606
1390.2626101386
2103.8350148072
1538.2132604801
1375.8386488975
2111.0815776975
3178.1151496924
2385.5603921878
1891.9161662825
2694.4198152008
1882.8658069354
2226.9712872050
320.4999497736
258.3387811872
222.6264044419
204.2916593447
187.0624960420
188.1243765071
196.3329345014
211.8081992696
235.6713596388
270.8292422712
2316.4939942573
2217.9637760475
868.0329332891
2009.2101606924
1756.6943959974
1504.5497714894
3014.2851616585
2192.7879686186
2113.6224503077
1853.9052794953
2373.2289511399
2305.9139831361
3154.4028519629
359.7228099523
289.3299956011
240.7760760922
210.6017126870
193.8923393321
187.5104062987
188.7601775130
200.8095306184
225.2264261527
266.4027122467
2258.5027342477
2513.4106947406
1228.6791412228
1335.8282350881
2180.9337996955
2247.1009530898
1183.8800725827
2696.6884123686
3452.9235096025
338.1427108733
268.9626464287
223.5010418224
198.0314299171
199.5949084981
203.2784829731
228.0251221971
574.0400326400
1974.7916789925
1788.1924372251
2474.7610283360
2824.3079026600
2105.0490879007
1640.0448374362
259.9790265823
216.9871599560
227.3244806440
244.9756216891
1457.3977075955
3357.7506541151
2645.9364259894
262.7148461195
278.4457382604
187.0624960420
3740.3461745917