3.2782438961
3.2157990758
3.2284060129
3.3029351159
3.4393549536
3.6472741349
5.7280685987
4.3733777027
4.2706444737
4.5793013334
5.2635201920
4.0438061155
3.9538786558
3.8873809676
3.8925005334
4.0004026133
4.2439924585
4.6733169176
5.3691798171
9.1788620294
21.6323650566
26.5751076067
19.0796757030
20.1067852440
59.5547464514
24.4454285659
5.2429519987
4.3149203480
3.7616803230
3.4438441406
2.0733694174
2.0771884988
2.1239481890
2.2145714455
2.3602011459
2.5828745176
7.9095852065
9.1024495228
5.2606558331
7.2457642343
8.7118825252
13.9009977764
3.2011787904
3.1318566144
3.1181720526
3.1895411987
3.3689669982
3.6865681980
6.7382073374
33.9730966854
24.3712705770
17.3785237990
22.9308068593
25.7330034372
24.8700064981
3.4258991691
2.8217449535
2.4506154913
2.2352346995
2.1202256220
1.8742167893
1.9027494450
2.0204843725
2.2305896356
2.5155743391
4.5837717456
19.8464150814
9.1293422283
11.6770480733
12.6494712602
19.0396057976
253.7405001909
12.3421913858
18.8934177395
28.5206647704
21.4834689465
17.1308136085
24.2918320605
16.9767655460
20.2046906182
3.0663405955
2.4684491862
2.1184161325
1.9380126367
1.7933743202
1.8105971784
1.9001877284
2.0587979985
2.2867749969
2.6021255838
20.6657296393
19.8274599675
7.8706835710
17.9292637244
15.6937968967
13.4506649264
26.8062270163
19.5423201221
18.8469185396
16.5815724472
21.1997796109
20.5931709753
28.1294610913
3.4092174685
2.7615361681
2.3047496942
2.0162081359
1.8560461379
1.7985498183
1.8156809386
1.9345263261
2.1611160262
2.5271187564
20.0886090195
22.3294502011
10.9842094110
11.9258859620
19.3800860547
19.9770226456
10.6193200195
23.9809445248
30.6551837458
3.1814304825
2.5543424695
2.1338121474
1.8953235401
1.9038436205
1.9398953804
2.1643505206
5.2159844107
17.5745532156
15.9156530501
21.9814867594
25.0820398052
18.7453482782
14.6429156465
2.4547337151
2.0629436416
2.1472230022
2.3035048070
13.0054215398
29.8011559845
23.5203605747
2.4657312092
2.5980324024
1.7933743202
253.7405001909