1.6455959285
1.6116975468
1.6160727674
1.6518109738
1.7186537577
1.8212897126
2.9036943514
2.1921918558
2.1311583687
2.2985401775
2.6469764616
2.0156411135
1.9717599087
1.9401923683
1.9443422331
1.9995612577
2.1223614506
2.3380068827
2.6874574724
4.5676942654
11.0117011405
13.6712374157
9.8492716481
10.1392208730
31.1671134574
12.7543442016
2.6628412983
2.1835414641
1.8973436986
1.7323483201
1.0332921447
1.0349392097
1.0579367539
1.1026963524
1.1746611997
1.2845238361
3.8627954205
4.4615468871
2.6213512851
3.5557130404
4.2954006999
6.7748468287
1.5887040004
1.5557295001
1.5501237644
1.5860842009
1.6748579619
1.8312138845
3.3096898886
16.4780880798
11.8543635579
8.4667428419
11.1461424132
12.5045002814
12.1181110491
1.7064275547
1.4067242713
1.2219026494
1.1144089175
1.0568763089
0.9377406028
0.9526609217
1.0127868399
1.1194244043
1.2618687237
2.2694545835
9.6788883046
4.4570507944
5.7060630238
6.1714498913
9.2700945403
121.9693226939
6.0714795665
9.2824787540
13.9400239241
10.5294870432
8.3999465735
11.9011776727
8.3839249804
9.8564085030
1.5303975525
1.2336776759
1.0593260317
0.9693495071
0.8994116522
0.9086506536
0.9543560102
1.0344936482
1.1483681881
1.3043022745
10.2785341951
9.7960726012
3.8872687755
8.8829697830
7.7657898959
6.6610710027
13.2768140976
9.6993543699
9.3814213356
8.2649861308
10.5391648214
10.3158988182
13.9519239680
1.7036807175
1.3814529257
1.1540642679
1.0102264435
0.9303934626
0.9032956044
0.9124142930
0.9725080849
1.0861255792
1.2689779867
10.1556473497
11.2149752804
5.5345392057
5.9909309039
9.7680731173
10.0907160396
5.3475507580
12.1613932059
15.4659410958
1.5954558208
1.2809894071
1.0706030302
0.9514152146
0.9573607452
0.9759171422
1.0891295999
2.6351393429
8.9739052958
8.0895833512
11.2192964177
12.8251643593
9.5694439677
7.4743721494
1.2340699330
1.0370166574
1.0813820368
1.1609057613
6.6510032878
15.3348681384
12.0979423812
1.2423113690
1.3110701205
0.8994116522
121.9693226939