16.0546110986
15.7481371996
15.8143781781
16.1885074689
16.8711268275
17.9111280564
28.2968272750
21.4032509404
21.0292014672
22.4225962416
25.9390876543
19.8548855577
19.3875457804
19.0385108968
19.0518303172
19.5829488943
20.7964398219
22.9452023897
26.4401074458
45.8764658531
107.8500869741
130.1143090607
94.0599731055
101.5042229159
280.5197433225
121.5885300248
25.7933468676
21.1896410445
18.4471607790
16.8731190792
10.1427599104
10.1631984936
10.3966345179
10.8477306832
11.5723940874
12.6819025682
39.7342831965
45.9240710556
26.3106657908
36.3438888845
43.8992985329
70.2248533621
15.6855075242
15.3181424624
15.2348560168
15.5813178495
16.4720439166
18.0604131685
33.3635067834
170.6762240059
122.6340743383
87.1382110824
115.5132610932
128.4637197569
126.2300721433
16.8682900011
13.8576923441
12.0124411528
10.9434898742
10.3738344661
9.1695367896
9.3096674898
9.8884942489
10.9210645519
12.3234558666
22.5416619819
98.3071508229
45.5128748353
57.8321187815
62.7926360095
94.5508538323
705.5923999114
60.4856809034
92.6405605523
140.6612394372
105.8143789705
84.4607449755
119.6856367784
83.0144147773
100.1487979560
15.0722315102
12.1108084874
10.3775257672
9.4850074661
8.7676296815
8.8511009696
9.2891777348
10.0642751622
11.1767168963
12.7114141943
100.0816262823
96.6406767857
38.5058976347
87.1515625243
76.4015187172
65.4496741031
130.2599666478
94.8430597090
91.2567584712
80.2646061256
102.8092011226
99.2247361249
136.6077513524
16.6987678405
13.5309692410
11.2866202273
9.8659994927
9.0768496820
8.7800130437
8.8614224262
9.4375509327
10.5336000661
12.2963401566
95.9272012517
107.1738666211
52.6610361211
57.3059870383
92.7782000922
95.4809365255
50.9980899851
114.2646842547
146.6050094765
15.5049441961
12.4706157806
10.4216154060
9.2549627288
9.2728385327
9.4425863898
10.5184403878
25.0382382571
83.2724799591
75.6953557932
104.1577651577
118.6754950855
88.8707275039
69.4742378813
11.9412249558
10.0472436552
10.4244279876
11.1632306401
61.5900237431
140.2701114085
110.7899671758
11.9548639991
12.5611914959
8.7676296815
705.5923999114