3.0432625635
3.0518985218
3.0777485865
3.1188464915
3.1745175106
3.2444071780
3.3373043214
3.4054962074
3.4723042665
3.5224692199
3.5679619194
3.5975618460
3.6368994249
3.6804950280
3.7303518905
3.7882079789
3.8537075095
3.9225826604
3.9863155648
4.0773537847
4.1880731026
4.1589262293
4.0154979840
3.9265205176
3.9064810844
3.5504327894
3.2712973761
3.1617652342
3.0925042411
3.0551930980
2.1754865335
2.1762248683
2.1990505061
2.2438624011
2.3127663650
2.4093634123
2.7103576354
2.8079215138
2.8071945946
2.9996056448
3.0666227967
3.3449508438
3.1049513428
3.1793235713
3.2545735335
3.3343804758
3.4205601963
3.5088084270
3.8902877146
6.1203983323
5.0076165271
4.5507799570
4.3924441592
6.1355305800
3.4850324507
2.6926345165
2.4838734088
2.3427438084
2.2521553845
2.1991709403
1.8601653689
1.8599340218
1.9015437770
1.9901090240
2.1398508665
2.9135719699
6.8307259912
3.3167912804
4.8450147780
4.8731109304
6.4145097717
0.3789404323
7.8495148845
11.1684944549
12.3171627699
10.8747452155
8.4860189833
11.4137377171
11.9514368891
6.8807435615
2.5106364432
2.1934821400
2.0076771373
1.9053123517
1.7960814723
1.7930407084
1.8407066463
1.9478517945
2.1374333335
2.4488967795
21.2861448849
15.2704291356
5.8037718434
16.0700508150
13.4485498330
11.8449669188
24.1594446850
19.1769690265
20.5693396799
19.0009843974
21.5775442024
28.3491068497
25.8569181820
3.1902824847
2.5713956898
2.1955314694
1.9749611733
1.8520832609
1.9157873831
1.9235618338
2.0457054341
2.3269003933
2.8649477533
38.7355372335
34.5701539512
18.8482685777
18.4585848319
34.2124544674
37.9788181584
17.6781916487
51.8304561922
55.5322457230
3.7019450285
2.7821569666
2.2769535189
2.0205351946
2.2489728872
2.3123668463
2.7049355592
9.2383565917
47.0220042607
36.8855527378
58.3744742141
70.4517142891
49.9088359154
38.6622593697
3.1155189261
2.4758151493
2.9168530418
3.3012667207
36.3676552871
100.4134368001
78.3709725531
3.5704600083
4.1449011850
0.3789404323
100.4134368001