0.0000154830
0.0000150695
0.0000150670
0.0000153964
0.0000160508
0.0000170795
0.0000294238
0.0000210595
0.0000202067
0.0000221400
0.0000260944
0.0000187740
0.0000182619
0.0000178961
0.0000179193
0.0000184870
0.0000197764
0.0000220732
0.0000258544
0.0000464215
0.0001201471
0.0001519290
0.0001084115
0.0001102483
0.0003580831
0.0001435098
0.0000268338
0.0000215037
0.0000183180
0.0000164712
0.0000094115
0.0000094244
0.0000096479
0.0000100847
0.0000107885
0.0000118658
0.0000385689
0.0000455529
0.0000263594
0.0000354232
0.0000439499
0.0000690502
0.0000144066
0.0000139999
0.0000138933
0.0000142182
0.0000150843
0.0000166532
0.0000311620
0.0001630284
0.0001186699
0.0000837251
0.0001121972
0.0001205725
0.0001263338
0.0000162068
0.0000131827
0.0000113144
0.0000102296
0.0000096500
0.0000087121
0.0000088811
0.0000095126
0.0000106089
0.0000120073
0.0000212284
0.0000902780
0.0000432248
0.0000534268
0.0000582147
0.0000871719
0.0053440209
0.0000541066
0.0000826639
0.0001270313
0.0000957679
0.0000770259
0.0001084689
0.0000743758
0.0000922691
0.0000145131
0.0000116231
0.0000099032
0.0000090152
0.0000084058
0.0000085144
0.0000089801
0.0000097650
0.0000108230
0.0000121877
0.0000873210
0.0000853128
0.0000347933
0.0000764947
0.0000673288
0.0000576866
0.0001138173
0.0000829522
0.0000796251
0.0000703142
0.0000900669
0.0000862606
0.0001195731
0.0000158645
0.0000129515
0.0000108273
0.0000094576
0.0000086939
0.0000084095
0.0000085060
0.0000090656
0.0000100681
0.0000115983
0.0000823382
0.0000921472
0.0000456709
0.0000497026
0.0000796984
0.0000820289
0.0000445090
0.0000981350
0.0001256195
0.0000145492
0.0000118349
0.0000099453
0.0000088501
0.0000088164
0.0000089739
0.0000099253
0.0000222232
0.0000716469
0.0000650418
0.0000893272
0.0001018191
0.0000765636
0.0000601185
0.0000112313
0.0000095240
0.0000097903
0.0000104166
0.0000532808
0.0001208083
0.0000956720
0.0000111463
0.0000116141
0.0000084058
0.0053440209