1.2705263650
1.2455262889
1.2502287262
1.2794090004
1.3330485208
1.4149806558
2.2454848645
1.6990492506
1.6606949630
1.7797023056
2.0555707170
1.5677484554
1.5310927061
1.5038766525
1.5052761594
1.5475830337
1.6438649021
1.8142016379
2.0912074519
3.6198586332
8.5907842027
10.5066603399
7.5498416468
8.0194179914
23.3753570401
9.7254853410
2.0510294236
1.6823822909
1.4626625265
1.3364015091
0.8006328018
0.8021524354
0.8205018674
0.8560350389
0.9131430124
1.0005426315
3.1223159806
3.6075434821
2.0719065709
2.8569140822
3.4505491362
5.5128839248
1.2368044729
1.2080950575
1.2017266492
1.2291680866
1.2994518961
1.4246617423
2.6271718102
13.4057366326
9.6334519159
6.8500259095
9.0738530605
10.1004164662
9.9077190341
1.3327284294
1.0948247868
0.9488072481
0.8641545481
0.8190010737
0.7251954614
0.7365162046
0.7828119405
0.8652242634
0.9765388124
1.7805737583
7.7375586946
3.5824972463
4.5533773534
4.9410658800
7.4370617831
274.4955858553
4.7660902893
7.2979080490
11.0723127251
8.3323235133
6.6520029978
9.4253981909
6.5452548164
7.8818308931
1.1917164740
0.9578113312
0.8207182400
0.7500906319
0.6940681948
0.7009024754
0.7359256490
0.7976502651
0.8858438042
1.0070139717
7.8976803116
7.6202384207
3.0375649948
6.8735836273
6.0245277460
5.1615522356
10.2707305676
7.4804092266
7.1999662606
6.3339081131
8.1107237873
7.8340579948
10.7743043293
1.3202992041
1.0703164925
0.8930713233
0.7807906249
0.7184180831
0.6952625958
0.7019132305
0.7477359770
0.8345458244
0.9737746626
7.5804756344
8.4637884282
4.1609295991
4.5261239261
7.3285488841
7.5436981151
4.0291431227
9.0307351307
11.5811239327
1.2262782349
0.9866980548
0.8248615122
0.7327001780
0.7342672016
0.7478536931
0.8330082499
1.9802180191
6.5856569696
5.9841812765
8.2359987722
9.3850668923
7.0276966099
5.4942817757
0.9449648591
0.7953667520
0.8252741201
0.8837638610
4.8718345999
11.0979905899
8.7656059812
0.9461271785
0.9941305045
0.6940681948
274.4955858553