150.4387435861
148.2033557334
149.1917497699
152.8856519706
159.3315531559
168.9801376415
254.1054295082
197.7293840074
197.6867453460
206.9415785947
237.2657857512
188.1419021467
184.0246098367
180.8518069053
180.8897531997
185.5674902776
196.3331031895
215.3481828152
246.0649863190
420.4009209262
928.3964742741
1065.0984525562
785.9520622251
892.4303880928
2081.0961644060
1001.7926763410
231.3344294238
192.8947418663
170.0556250151
157.0486786467
97.0203180486
97.2545977422
99.4612438245
103.6936912825
110.4794745898
120.8729943752
373.3745976606
426.9489170488
242.6977889992
340.6472802117
405.9069843455
656.2237057643
150.8316508035
147.6013770844
146.9224960024
150.2076826635
158.5340066804
173.2791243355
318.6003840823
1616.3949000919
1154.0881719234
822.3127292672
1085.2150031111
1225.2367602663
1168.9688242699
158.5247502786
130.8808167478
114.0279732027
104.2827742965
99.1008787910
86.5984392140
87.7306387607
92.7610788954
101.8928744368
114.7784737649
213.8415097580
945.7500111765
431.4586406316
554.8509904549
601.8517578916
908.6995469209
1366.2835649719
587.8666007503
901.3026569646
1362.6018050577
1023.7532674362
814.4280754172
1157.1142014032
805.5185663458
962.1488797439
141.4018682907
113.7944242380
97.7892274125
89.5624197610
82.3811386474
83.0085266368
86.8744127878
93.9210690846
104.3944426242
119.3343585940
981.3037753047
943.4703412604
372.3506670685
852.8230072701
746.6194499012
639.5077844987
1277.2320767332
929.5105185646
895.1000324128
786.1535049648
1006.6795895030
974.8194187495
1337.9505557317
157.6925912297
127.2866398146
106.0416977688
92.7215138821
85.3359414442
82.5297368503
83.1871796801
88.5452664528
99.0674340097
116.4148752685
948.7392976802
1057.9376920178
518.3227111864
563.8601882766
916.8896015972
944.1839247572
500.6808027871
1131.5036832777
1450.3851923710
147.3295647420
117.8174984285
98.1701196433
87.0779189308
87.5052580002
89.1126583158
99.6167206993
244.1364724509
826.5476825375
749.8742199027
1034.9277029100
1180.1803862628
881.6256160031
687.8977777084
113.3523907804
94.9766664824
99.0273597628
106.3869274637
610.6021894683
1399.1019727618
1103.6652934253
114.0207513397
120.3366905694
82.3811386474
2081.0961644060