0.0077357238
0.0075278834
0.0075261790
0.0076908596
0.0080185522
0.0085339364
0.0147267981
0.0105414125
0.0101000139
0.0110817320
0.0130564595
0.0093823494
0.0091261446
0.0089430875
0.0089547065
0.0092391800
0.0098854336
0.0110366705
0.0129316846
0.0232165215
0.0602026833
0.0763985298
0.0544065409
0.0551460834
0.1812605675
0.0719371761
0.0134315855
0.0107570698
0.0091585397
0.0082317887
0.0046980016
0.0047043602
0.0048161928
0.0050348880
0.0053873853
0.0059270193
0.0192909556
0.0227754628
0.0131742556
0.0177164971
0.0219700544
0.0345382516
0.0071984514
0.0069946998
0.0069409991
0.0071034910
0.0075374416
0.0083237618
0.0156112416
0.0816965101
0.0594246394
0.0419451037
0.0561741377
0.0605015874
0.0632263256
0.0081040499
0.0065881577
0.0056516610
0.0051080101
0.0048175383
0.0043506793
0.0044356656
0.0047525753
0.0053026617
0.0060040349
0.0106375741
0.0453542692
0.0216570789
0.0268114179
0.0292042862
0.0437633903
35.9787755584
0.0271887715
0.0415656139
0.0638729747
0.0481269946
0.0386897600
0.0545229739
0.0373831931
0.0463517447
0.0072566420
0.0058085379
0.0049469845
0.0045023278
0.0041971870
0.0042519953
0.0044856009
0.0048790808
0.0054091986
0.0060930487
0.0438769580
0.0429054796
0.0174614112
0.0384415251
0.0338302172
0.0289760344
0.0572183395
0.0416730808
0.0399647643
0.0352478484
0.0452264521
0.0431746743
0.0601360079
0.0079288727
0.0064712025
0.0054082922
0.0047230211
0.0043410711
0.0041964951
0.0042451722
0.0045251284
0.0050259787
0.0057895842
0.0409273209
0.0460629400
0.0227562753
0.0248144075
0.0397074505
0.0407724214
0.0221755457
0.0485529000
0.0625770200
0.0072569446
0.0059052416
0.0049626967
0.0044161747
0.0043944788
0.0044730516
0.0049457485
0.0110404825
0.0350739847
0.0320982920
0.0437733405
0.0497354385
0.0374910057
0.0294433597
0.0055933955
0.0047460838
0.0048705107
0.0051787987
0.0260006213
0.0582035522
0.0461243885
0.0055392490
0.0057614365
0.0041964951
35.9787755584