8.1114150002
7.9549672421
7.9843208112
8.1667684408
8.5019881283
9.0135436196
14.1890774231
10.7926548203
10.5507692531
11.3085526076
13.0096508352
9.9897032140
9.7695537858
9.6079224856
9.6227502471
9.8905007486
10.4922422201
11.5514546050
13.2677486046
22.6343740145
53.5237555853
65.4926638906
47.2865671282
49.7331029468
145.4254473722
60.9042498282
12.9882762182
10.6859530640
9.3128719979
8.5234534416
5.1243495882
5.1336021620
5.2486856731
5.4718381286
5.8304119114
6.3784198438
19.4111160570
22.3628292032
12.9918688922
17.8101152160
21.4433615734
34.0915123434
7.9031140932
7.7348659202
7.7032565784
7.8801332317
8.3218595523
9.1022419430
16.5690935872
83.1714167141
59.7155316766
42.6013627028
56.1722346726
63.0310825776
60.9699480957
8.4554688991
6.9685351702
6.0543697299
5.5235687683
5.2399920551
4.6336323819
4.7045258176
4.9958995863
5.5152427649
6.2175851771
11.2892008857
48.6725954954
22.3888989181
28.6549901613
31.0290611040
46.6768232987
298.7495399641
30.3749676977
46.4788058811
70.0219418901
52.7969200236
42.0981840653
59.6822281789
41.8327513342
49.5563879844
7.5713948168
6.0984049917
5.2355701042
4.7907673905
4.4354654662
4.4784109148
4.7001828719
5.0922185749
5.6547094170
6.4317574554
51.0802619698
48.8759741602
19.3889577124
44.2502700638
38.7132211342
33.1899033901
66.1624019178
48.2708418665
46.6052741020
41.0233528522
52.3947431905
51.0553235074
69.4568168555
8.4248992979
6.8250013456
5.6973845929
4.9851980282
4.5899441213
4.4504868948
4.4931953171
4.7874692175
5.3481715662
6.2543895541
50.0013359292
55.4285000511
27.2961917457
29.6011451782
48.1816753962
49.7093214270
26.3813706066
59.7766330903
76.2452201372
7.8751326808
6.3202222421
5.2793358105
4.6895656766
4.7144374218
4.8042431328
5.3616821294
12.9675210896
43.9367342429
39.7092443954
54.9493612764
62.7535292359
46.8591934574
36.5990137560
6.0811632845
5.1086592530
5.3227170261
5.7126714584
32.5327049207
74.7730326054
58.9996377430
6.1153591034
6.4492723652
4.4354654662
298.7495399641