243.3672964580
240.6432506877
242.7232797417
248.8968264387
259.2904006425
274.6092561402
393.8160128080
316.6626349853
319.8723820875
330.4504641013
375.1070006028
306.9220859487
300.8205722640
295.9921448594
296.0162482697
303.1474967871
319.5741532373
348.4476675443
394.6897507257
660.1461027304
1370.0107689897
1522.7081482213
1131.4989474795
1339.9485055069
2773.1303305361
1415.0619578977
358.9732222597
303.7489378228
271.0189617767
252.5296350009
159.7910755570
160.2148273028
163.7775887984
170.5779369050
181.4645201637
198.1362003979
598.2293148794
676.1291100827
383.2284467440
544.9368222782
639.9911025703
1043.4173258586
249.3187192413
244.5900559593
243.7498026103
249.1404180871
262.4979066511
285.9259935117
521.2128467283
2608.1442270976
1850.4284935239
1323.9268462839
1736.4212475036
1995.1226064952
1839.4291473421
256.4882192338
212.9126066666
186.4472350056
171.1546839015
163.0305436938
141.1166325037
142.6810474762
150.2363909798
164.2073421437
184.6639856641
349.0560440011
1557.0531603145
699.5052095163
911.5386696967
986.7569364555
1492.9519182385
1458.4359635190
980.4977265773
1504.2689147343
2260.3119802329
1697.4773168800
1346.0187442317
1917.2390550949
1343.0915588102
1581.6396083551
228.6406839313
184.4055172558
158.9709549328
145.9094165259
133.7199856726
134.5175442269
140.4354999422
151.5455805144
168.6090112826
193.6811877234
1656.7046516768
1583.2399002748
619.1094380539
1435.3137504223
1254.3566709381
1074.5041974969
2153.2918266441
1567.1274206338
1511.5679009065
1326.1545083307
1696.5585178421
1651.4517990645
2254.1261782446
256.8325567864
206.6058154076
171.9870644865
150.4763801361
138.5700432069
134.1036175377
135.0348156547
143.6908396831
161.1779145987
190.6416258738
1621.2770609457
1801.7439910075
881.1124298363
957.4410822874
1564.4160556400
1612.6130674999
848.7860867904
1936.7124926324
2477.5922552576
241.7474241922
192.2510998897
159.7717895852
141.5937312995
142.8122701877
145.4862841142
163.2421369132
411.7544385015
1420.2754624107
1284.8666915476
1779.6549506643
2031.7409540753
1513.8305855263
1179.1320388335
185.9986827870
155.2302263092
162.7461498902
175.4491680019
1048.3719165995
2418.3724126108
1905.3910164632
188.1033786843
199.4878960426
133.7199856726
2773.1303305361