0.1425766442
0.1395439015
0.1399378826
0.1431406273
0.1491350444
0.1583530861
0.2558224637
0.1915926181
0.1860841383
0.2007834235
0.2326558596
0.1751551929
0.1709597419
0.1678816977
0.1680757902
0.1729291808
0.1839399325
0.2034321055
0.2352013512
0.4092049599
0.9925267767
1.2325030272
0.8808234051
0.9199392376
2.8183480791
1.1397777931
0.2338100289
0.1907902278
0.1651276776
0.1503443748
0.0891439281
0.0892985945
0.0913488933
0.0953309636
0.1017355413
0.1115349674
0.3494786870
0.4054267467
0.2337214247
0.3201610914
0.3886744387
0.6182209836
0.1374068311
0.1341230160
0.1333806849
0.1364480730
0.1443360964
0.1584191880
0.2924505425
1.4957085705
1.0774583801
0.7654599803
1.0154649590
1.1242079790
1.1146450304
0.1493425074
0.1224698208
0.1059422954
0.0963534826
0.0912343251
0.0811400949
0.0824746732
0.0878084577
0.0972473963
0.1098245010
0.1987937240
0.8586807814
0.3997271418
0.5058679910
0.5490876518
0.8255348226
223.4693214186
0.5271788206
0.8068410207
1.2257601915
0.9229738018
0.7378061860
1.0443430817
0.7245867413
0.8751416168
0.1336394211
0.1073575963
0.0918988894
0.0839293150
0.0778103548
0.0786326590
0.0826478605
0.0896513022
0.0995308141
0.1129309932
0.8712287882
0.8416856805
0.3367005181
0.7586457507
0.6652564423
0.5700032674
1.1327090470
0.8252317149
0.7941635829
0.6990857090
0.8951403321
0.8638776659
1.1888710775
0.1477210413
0.1199244337
0.1001146036
0.0875214826
0.0805213307
0.0779394837
0.0787242272
0.0838830064
0.0935405324
0.1088821784
0.8341925605
0.9317665486
0.4586494144
0.4988846223
0.8065714942
0.8301316990
0.4445267428
0.9934529338
1.2741331301
0.1369189746
0.1103989048
0.0923916132
0.0821055742
0.0822012773
0.0837228694
0.0931393641
0.2190873308
0.7240557594
0.6582841661
0.9051307120
1.0311617776
0.7728135859
0.6046341269
0.1055615283
0.0889841831
0.0921750800
0.0985964918
0.5359274386
1.2183549226
0.9627291679
0.1055209407
0.1107037524
0.0778103548
223.4693214186