5.7247984915
5.6164443951
5.6402821256
5.7733525052
6.0158760285
6.3851580161
10.0592004005
7.6364913252
7.4918649811
7.9969143619
9.2367153987
7.0794205389
6.9149205551
6.7921690753
6.7976108819
6.9864593199
7.4170610919
8.1788197182
9.4167340080
16.2831765969
38.2255289297
46.3552869508
33.3980442029
35.9078727437
101.2079132990
42.9974656512
9.1755598953
7.5442384234
6.5724198094
6.0147005460
3.6204546194
3.6276447177
3.7105934334
3.8709589885
4.1285853232
4.5229328424
14.1016677827
16.2791882366
9.3394287116
12.9011275204
15.5617265611
24.8923204901
5.5979560606
5.4691311689
5.4406794134
5.5645155279
5.8813689694
6.4454749782
11.8810365491
60.5942090354
43.5131331272
30.9428128824
40.9774577558
45.6757265292
44.6903266248
6.0108978656
4.9411908523
4.2853563184
3.9053090926
3.7027009827
3.2721117825
3.3218253926
3.5276712122
3.8951644800
4.3949086545
8.0378515450
35.0178818462
16.1866608437
20.5992575490
22.3550716736
33.6613584790
471.9427900858
21.5966656212
33.0740585590
50.1552153858
37.7379792496
30.1145891612
42.6807819114
29.6501772938
35.6657112394
5.3727808348
4.3188733018
3.7021345894
3.3844900344
3.1288574517
3.1585060003
3.3145723146
3.5910294397
3.9884325675
4.5376059216
35.8244562471
34.5469137464
13.7520140038
31.1721319714
27.3171546709
23.4041291249
46.5960137708
33.9328280791
32.6648743500
28.7307688351
36.7865812426
35.5504815312
48.8667458013
5.9577325949
4.8267959687
4.0265240784
3.5202778249
3.2390928634
3.1342720689
3.1633816028
3.3693252112
3.7616788860
4.3936436373
34.4337368467
38.4315220417
18.8860666678
20.5433766539
33.2862868411
34.2665499975
18.2821950201
41.0321304272
52.6076273220
5.5380293675
4.4521604264
3.7201357206
3.3037310687
3.3120108699
3.3730894187
3.7589907582
8.9753352119
29.9362773675
27.1913467946
37.4431678658
42.6748551589
31.9447425548
24.9668309849
4.2666189809
3.5887639287
3.7262388438
3.9920748660
22.1416534091
50.4884525208
39.8704733171
4.2747141835
4.4944331178
3.1288574517
471.9427900858