0.0028505318
0.0027823221
0.0027862631
0.0028489024
0.0029694854
0.0031568965
0.0052640848
0.0038570465
0.0037231417
0.0040478584
0.0047299928
0.0034818569
0.0033924184
0.0033275610
0.0033313574
0.0034320934
0.0036611022
0.0040679858
0.0047346448
0.0083740952
0.0209688222
0.0263112605
0.0187680844
0.0193573693
0.0612835252
0.0245690940
0.0048072646
0.0038864966
0.0033367257
0.0030190229
0.0017578873
0.0017606611
0.0018018505
0.0018820817
0.0020112513
0.0022089827
0.0070686455
0.0082697826
0.0047670441
0.0064776265
0.0079476643
0.0125833036
0.0027027004
0.0026319845
0.0026144826
0.0026750941
0.0028341025
0.0031202589
0.0058073313
0.0300982903
0.0217836290
0.0154231302
0.0205654576
0.0224438040
0.0228669433
0.0029880831
0.0024395753
0.0021015938
0.0019054926
0.0018007843
0.0016130599
0.0016419186
0.0017533664
0.0019487444
0.0022037327
0.0039548929
0.0169912544
0.0080117585
0.0100129093
0.0108961235
0.0163582501
37.4518246109
0.0103057083
0.0157431027
0.0240675751
0.0181398939
0.0145266226
0.0205315589
0.0141488957
0.0173248465
0.0026742084
0.0021441266
0.0018306479
0.0016689637
0.0015510842
0.0015692666
0.0016522651
0.0017946228
0.0019911279
0.0022515337
0.0168136591
0.0163516852
0.0065841640
0.0146776336
0.0129019274
0.0110487742
0.0219117373
0.0159369618
0.0153146668
0.0134909755
0.0173048707
0.0166032740
0.0230104914
0.0029386422
0.0023917150
0.0019975424
0.0017452376
0.0016047916
0.0015520265
0.0015687196
0.0016717560
0.0018605734
0.0021547732
0.0158556020
0.0177938626
0.0087720713
0.0095570910
0.0153847127
0.0157961948
0.0085264289
0.0188627366
0.0242334393
0.0027057567
0.0021916128
0.0018378455
0.0016342404
0.0016309067
0.0016604870
0.0018415830
0.0042229998
0.0136737963
0.0124731021
0.0170764815
0.0194231861
0.0145979182
0.0114412441
0.0020852866
0.0017635398
0.0018180148
0.0019387957
0.0101275068
0.0228429712
0.0180820767
0.0020744741
0.0021668409
0.0015510842
37.4518246109