0.0000044258
0.0000044321
0.0000044509
0.0000044791
0.0000045149
0.0000045572
0.0000046317
0.0000046748
0.0000047088
0.0000047830
0.0000048392
0.0000048719
0.0000049313
0.0000049934
0.0000050570
0.0000051194
0.0000051766
0.0000052235
0.0000052548
0.0000052971
0.0000054742
0.0000057869
0.0000053671
0.0000051052
0.0000073304
0.0000049331
0.0000046067
0.0000045217
0.0000044662
0.0000044357
0.0000032082
0.0000032025
0.0000032171
0.0000032508
0.0000033026
0.0000033726
0.0000035280
0.0000036330
0.0000036861
0.0000038244
0.0000039438
0.0000041226
0.0000040846
0.0000041809
0.0000042719
0.0000043553
0.0000044272
0.0000044819
0.0000045593
0.0000049910
0.0000047575
0.0000045547
0.0000044725
0.0000044264
0.0000040901
0.0000036445
0.0000034915
0.0000033745
0.0000032909
0.0000032367
0.0000028194
0.0000028084
0.0000028402
0.0000029141
0.0000030318
0.0000032389
0.0000037844
0.0000036936
0.0000039825
0.0000041792
0.0000045004
0.0000006165
0.0000047888
0.0000051503
0.0000053784
0.0000052725
0.0000050133
0.0000050384
0.0000047767
0.0000041306
0.0000034175
0.0000031626
0.0000029870
0.0000028765
0.0000028338
0.0000028174
0.0000028581
0.0000029579
0.0000031243
0.0000033674
0.0000060603
0.0000050553
0.0000045155
0.0000058539
0.0000057800
0.0000058626
0.0000072534
0.0000071182
0.0000075113
0.0000077428
0.0000074671
0.0000093618
0.0000070368
0.0000041809
0.0000036629
0.0000033003
0.0000030598
0.0000029110
0.0000031898
0.0000031795
0.0000033141
0.0000036219
0.0000041635
0.0000237538
0.0000130609
0.0000125410
0.0000104208
0.0000200222
0.0000273368
0.0000125829
0.0000506603
0.0000270453
0.0000054789
0.0000043597
0.0000037073
0.0000033510
0.0000040298
0.0000040953
0.0000046738
0.0000096147
0.0000917807
0.0000461802
0.0001112228
0.0001608468
0.0001009091
0.0000791343
0.0000055855
0.0000044470
0.0000057677
0.0000065192
0.0000886769
0.0003905510
0.0003066755
0.0000073324
0.0000092147
0.0000006165
0.0003905510