2.3319571228
2.2885699268
2.2984371446
2.3523341808
2.4503516776
2.5994256926
4.0710212432
3.1103050617
3.0459436782
3.2554898779
3.7483666090
2.8831229636
2.8179047660
2.7693259535
2.7721125086
2.8485555926
3.0221209291
3.3285599678
3.8256621921
6.5708477903
15.3733758527
18.7594460362
13.4701176690
14.3922572193
41.5049384224
17.2459919044
3.7194466834
3.0634918849
2.6726853599
2.4484368781
1.4776864015
1.4805546167
1.5141065299
1.5790168415
1.6832929890
1.8428270738
5.6885166728
6.5516425072
3.7696449542
5.2066447677
6.2638121989
10.0156101122
2.2839985499
2.2333377639
2.2227964395
2.2734677620
2.4018365880
2.6295996273
4.8246976849
24.4501696322
17.5418981835
12.4939430190
16.5100073504
18.4840921883
17.9390155540
2.4441935313
2.0119438891
1.7467889295
1.5930411545
1.5110202910
1.3343636992
1.3543798730
1.4376711062
1.5865825637
1.7895403996
3.2714903427
14.2223070773
6.5520789668
8.3664140502
9.0701500342
13.6567516834
299.0700216297
8.8146684330
13.4974730215
20.4142005747
15.3675342459
12.2553621502
17.3774257581
12.1123504278
14.4805419596
2.1860321455
1.7587235497
1.5087790436
1.3800047376
1.2759249838
1.2878720824
1.3512273790
1.4637245326
1.6259393902
1.8508762788
14.7024534941
14.1363325352
5.6157504212
12.7717328253
11.1846176422
9.5840069004
19.0956091255
13.9137323688
13.4073664330
11.7931064903
15.0879005930
14.6236702585
20.0314685290
2.4284928016
1.9667716449
1.6409255485
1.4350817581
1.3207861013
1.2789528045
1.2908309098
1.3750321653
1.5359550349
1.7960509204
14.2239253664
15.8397115423
7.7864690432
8.4611880341
13.7346790243
14.1495140300
7.5309115985
16.9669416680
21.7183548575
2.2629542624
1.8172975232
1.5179719760
1.3480577223
1.3530992535
1.3783894873
1.5374282374
3.6963963162
12.4097573411
11.2529711443
15.5229116190
17.7034478136
13.2384729852
10.3425763807
1.7446626728
1.4663747221
1.5250120567
1.6353322901
9.1804454289
20.9966197924
16.5743826067
1.7508950125
1.8435283689
1.2759249838
299.0700216297