0.0028800265
0.0028042279
0.0028042548
0.0028655462
0.0029869036
0.0031774055
0.0054443866
0.0039162043
0.0037560216
0.0041156459
0.0048387026
0.0034951052
0.0034016924
0.0033350214
0.0033398050
0.0034449276
0.0036830980
0.0041067681
0.0048032232
0.0085800069
0.0221220660
0.0280450679
0.0199828400
0.0202516134
0.0663439333
0.0263792710
0.0049694607
0.0039881664
0.0034016629
0.0030617546
0.0017542525
0.0017566611
0.0017981273
0.0018791831
0.0020097949
0.0022096751
0.0071291056
0.0084068090
0.0048720592
0.0065515159
0.0081094144
0.0127305434
0.0026881762
0.0026143304
0.0025954424
0.0026561964
0.0028170527
0.0031076976
0.0058042056
0.0302112123
0.0219512886
0.0155282160
0.0207588476
0.0224322795
0.0232402548
0.0030126848
0.0024526684
0.0021066892
0.0019057887
0.0017984243
0.0016216453
0.0016528399
0.0017697273
0.0019729252
0.0022328933
0.0039597423
0.0168708671
0.0080216000
0.0099852439
0.0108366725
0.0162801785
20.0075286589
0.0101555371
0.0155386233
0.0237996410
0.0179510067
0.0144285075
0.0203313886
0.0139831259
0.0172526933
0.0026984966
0.0021616455
0.0018425869
0.0016779209
0.0015637300
0.0015838084
0.0016702049
0.0018161778
0.0020137112
0.0022698973
0.0164833734
0.0160707104
0.0065242312
0.0144176857
0.0126812856
0.0108685428
0.0214907317
0.0156383676
0.0150108370
0.0132544786
0.0169782704
0.0162689691
0.0225506287
0.0029540948
0.0024096032
0.0020138512
0.0017591717
0.0016172911
0.0015642746
0.0015822614
0.0016866514
0.0018743352
0.0021620246
0.0154837963
0.0173985333
0.0085915683
0.0093599367
0.0150222421
0.0154330306
0.0083667194
0.0184038549
0.0236574395
0.0027104873
0.0022026693
0.0018501412
0.0016462343
0.0016401389
0.0016697740
0.0018480014
0.0041652590
0.0133417570
0.0121777922
0.0166425271
0.0189303624
0.0142587886
0.0111954306
0.0020902221
0.0017718405
0.0018214337
0.0019387375
0.0098891804
0.0222043529
0.0175762613
0.0020736936
0.0021603051
0.0015637300
20.0075286589