2.5598637318
2.5125858219
2.5236652872
2.5830212909
2.6907835356
2.8545787015
4.4647831140
3.4133470876
3.3450452750
3.5724409979
4.1133801609
3.1665890235
3.0949071649
3.0414244863
3.0443252435
3.1280967913
3.3184816337
3.6546801409
4.2000368883
7.2158571792
16.8473214880
20.5216828646
14.7410948591
15.7911653653
45.2779549956
18.8675824500
4.0782715687
3.3602758753
2.9325603773
2.6872051928
1.6231259399
1.6263102291
1.6631913906
1.7345167282
1.8490911080
2.0243975589
6.2543137600
7.2018346892
4.1404279441
5.7232681370
6.8835142121
11.0127547317
2.5095376563
2.4537907242
2.4421224677
2.4977412603
2.6387689577
2.8890452515
5.3036721372
26.8929702784
19.2908187205
13.7383862515
18.1564057211
20.3296531070
19.7237467684
2.6843152541
2.2096055611
1.9184897533
1.7497148373
1.6596927390
1.4651308428
1.4870095306
1.5782590591
1.7414902221
1.9642663229
3.5943162074
15.6408509340
7.2039969545
9.1996112633
9.9742554523
15.0201364950
321.6055415767
9.6907710750
14.8399214526
22.4497104535
16.8972986735
13.4745245671
19.1075857718
13.3133523486
15.9241925256
2.4004506779
1.9311015949
1.6566552059
1.5152715219
1.4006842319
1.4137101162
1.4831338346
1.6065201421
1.7846292201
2.0318484859
16.1555782128
15.5384984001
6.1720171920
14.0368557622
12.2931981671
10.5335034012
20.9878647639
15.2905277128
14.7319979058
12.9568265537
16.5795219784
16.0632225871
22.0145879425
2.6666933912
2.1594536192
1.8015514683
1.5754997858
1.4499853393
1.4038945982
1.4168599546
1.5092309925
1.6859236317
1.9716568573
15.6167101957
17.3969818812
8.5500995417
9.2926327714
15.0821982553
15.5357312748
8.2695568107
18.6250695198
23.8481508113
2.4845781019
1.9951386502
1.6664131257
1.4798153866
1.4852420000
1.5129575590
1.6875567299
4.0577776334
13.6170497102
12.3511144331
17.0338971317
19.4247051376
14.5266024418
11.3488051104
1.9152165365
1.6096497107
1.6739199776
1.7949958241
10.0724822642
23.0293616205
18.1793956007
1.9219062202
2.0234881488
1.4006842319
321.6055415767