753.0139516615
747.8025768576
756.3949436761
777.0116827613
810.2926525556
858.4861809929
1173.5931688242
978.5220223249
999.1034845548
1017.2486434873
1146.9226049345
963.3782633199
944.2412003410
928.3787137674
927.2722196788
947.9554774253
996.9455032825
1083.4189542497
1221.4965505598
2047.6207492989
3949.1819434512
4221.3341178470
3107.0013248228
3989.4032406141
6954.8469306520
3717.4668871743
1065.1320344181
914.5216259202
825.7868214347
776.4031672734
504.3074715850
505.8717035159
517.2201628876
538.7027382682
573.0319572536
625.7048755027
1918.8829797626
2154.2548682767
1191.7940225189
1737.6777750348
2019.9283787443
3350.8983182475
791.7381468472
776.4959067200
773.4244022364
790.1480132422
832.1921888889
906.1451067547
1667.0668258774
8430.8026651221
5957.3472381562
4256.3462369860
5592.3344343696
6441.9379787116
5892.7450660262
803.6506989671
667.9379663635
586.1347533892
539.0354996763
514.1130223175
440.9042752736
444.8922426058
466.6436576683
507.7940783181
570.8549679552
1102.7091964962
5017.6826359982
2246.8406900460
2931.8663357241
3178.8049860661
4820.8307328313
1346.3611279517
3143.1832082152
4828.6643791682
7281.5118758592
5453.8148756534
4318.2282703385
6158.6992535758
4287.5302539488
5093.0641615298
714.2833357069
575.6609852784
496.6070833491
456.0748375716
415.7498881935
417.4397870499
434.7101255439
468.2626078431
521.5800690595
602.0165713601
5275.1674044637
5062.3313201026
1975.0105184572
4582.7885987965
4007.8407890007
3430.4297198717
6881.6469030070
4999.3614835666
4811.9202109426
4215.5029256293
5402.7167621795
5234.6502325851
7191.1559789048
803.5746932269
644.6753309498
535.8085669943
468.5141495148
431.2562230983
416.4621040445
418.7431978838
445.2060036575
500.1279585880
594.0609152794
5117.6324044524
5709.5437708178
2783.3727092035
3030.4775453046
4947.7531284228
5093.9396817144
2679.8752086019
6104.2242029782
7832.7285347492
755.9886838181
599.6167199116
497.3653676610
440.2488376898
443.8923675244
451.9453661677
507.8317951818
1293.2026722076
4460.4119484067
4044.1831307386
5592.8825364620
6379.6015159311
4754.0454210496
3700.7763486833
580.0847545784
483.1434181129
506.8497539387
546.8640649607
3287.7657351963
7572.9098761879
5965.4166933417
586.8167384933
622.7520587226
415.7498881935
8430.8026651221