312.2029990822
311.8924474875
316.1835120483
324.6313584052
337.5677807344
355.7767193310
438.4276069110
398.5422428643
408.1189738207
412.7989177095
447.3553178849
402.0075512474
396.7660098942
392.1322339518
392.2507574805
399.7869459125
416.9472638875
446.3841274150
491.7015388264
755.1440841033
1261.5833648395
1305.7264936306
968.0985699926
1267.2464360882
1963.1184012895
1031.0241881336
404.0370570797
359.0427954851
332.6783193958
318.3698784648
215.3953893887
216.0475029793
220.4996051653
228.9189838201
242.3536229931
262.8899496778
728.6824006971
786.7700188607
443.2231464355
659.7275846044
732.7025548019
1232.0259786862
338.9396062740
335.1924837322
335.3283824491
342.5748222001
359.1231824689
387.1165981729
685.0712434778
3258.2359893739
2259.6926074331
1644.2208221616
2105.8380512048
2578.6487756216
2086.5017346138
327.9956075943
276.9865847012
246.2758537079
228.5285135174
219.1006489815
185.1320697246
186.2329072455
193.9433507841
209.1582081719
234.0841240253
459.6648252662
2089.3794234269
892.7705169573
1215.1182022210
1305.3112060640
1986.7938229950
165.3607724823
1369.7948715877
2104.8657729177
3102.9203366755
2328.0269323864
1828.9221902691
2625.0141681094
1876.4165820636
2111.9633677175
292.4838919156
237.7278686370
206.9831679289
191.2221554149
173.7514859816
174.0665567414
180.5713881257
193.9545923377
216.4728288513
252.1376282316
2399.4572685113
2253.4321443777
858.9659011380
2059.6512398115
1790.7731705591
1534.5318962260
3103.0133057028
2259.4362358726
2189.6358877307
1915.6725965744
2444.1025102289
2414.3114408077
3243.5859894857
336.1211026856
267.8365472006
222.6029165543
195.2331453520
180.1715945415
174.9514711336
175.7674027748
187.0095623287
211.4157584938
254.7665950624
2426.5392861045
2671.9954192980
1300.9489294966
1408.9520440004
2330.9014150627
2409.1711960968
1243.7284342060
2909.7420719957
3702.8600460750
323.8184942234
253.4901655478
209.1705286879
184.9955433058
188.7892381011
192.6389515461
218.5543185133
596.2139230150
2155.6554956932
1936.0984477929
2705.6525442313
3097.4843074586
2293.1971564870
1778.4269745837
249.4695920860
205.9409913137
219.5154116463
239.0770557255
1588.1949065373
3723.9046338933
2925.2863727328
256.3383816022
275.6734066895
165.3607724823
3723.9046338933