148.5819235732
146.2965755029
147.2334097284
150.8691441916
157.2455713469
166.8108123763
252.5964480999
195.6127850230
195.2986064305
204.8049401786
235.2397377672
185.6203197126
181.4907692354
178.3187921470
178.3538972002
183.0134988877
193.7428391984
212.7110863322
243.3942864253
417.4260678751
929.3516960377
1070.9597954850
788.9609374160
892.1418950290
2109.0443232696
1007.9304011975
229.8612102044
191.2625314025
168.3230049554
155.2466211250
95.5727721669
95.8008741168
97.9829051931
102.1705492924
108.8857696709
119.1720569500
369.7376900116
423.6314582049
240.8292871486
337.4043762540
402.9978607349
650.7538298712
148.5076059821
145.2601614960
144.5596174267
147.7964384977
156.0356202089
170.6516369195
314.3108625124
1598.8155813551
1142.7929102654
813.6204616849
1074.9461216013
1209.9053978730
1161.2250316711
156.6174283124
129.1876009577
112.4581777682
102.7841314378
97.6398464929
85.4425224674
86.5838013335
91.6037793788
100.6945456955
113.4593508581
210.9532354576
932.0165608270
426.3409001565
547.0032531763
593.5678175972
895.9130764728
1410.6945218128
577.9291460870
886.0170724618
1341.0171107079
1007.5748832169
801.9844756657
1138.9417073231
791.9043601100
948.4381517488
139.7041855372
112.3830031373
96.5247045915
88.3723343808
81.3267953413
81.9647003069
85.8119450740
92.7966600189
103.1296110205
117.8034263510
962.5096725538
926.4685445160
366.2315097753
837.0004240933
733.0105283871
627.8266728217
1253.2059930885
911.9695521908
877.9317050588
771.1993567987
987.7188580796
955.5130455700
1312.8600974029
155.6089961096
125.6711391603
104.7059166179
91.5420821384
84.2407688484
81.4565578723
82.1161380313
87.4068930303
97.7534368920
114.7522785385
928.4179584414
1035.9773936890
507.7096497863
552.4423560630
897.5278266908
924.0555937094
490.6697911622
1106.9232346110
1419.4696340203
145.1932043242
116.2142695359
96.8736685587
85.9382417777
86.3041483603
87.8822590340
98.1805590354
239.4491098131
807.9900729692
733.4313002246
1011.5779631165
1153.2873369111
861.9393960570
672.7362381083
111.7015878573
93.6531497089
97.5549013616
104.7430262607
596.9700979708
1366.1262440636
1077.8988413062
112.2556144924
118.3747142644
81.3267953413
2109.0443232696