474.8789449941
470.4123261200
475.1775839284
487.8839862947
508.8638847290
539.5619395144
763.0720079913
618.8688563671
629.7836691029
644.6635183149
734.0481905620
603.8644586986
591.1015548414
580.7678363245
580.1749760963
593.8019760147
625.9415061531
682.8190219394
774.2061858931
1316.3939897462
2655.2396672034
2880.9224295735
2128.3746146181
2660.0880637765
4935.3287016269
2625.7381433958
691.5017462129
587.5226593490
526.0956310385
491.6317476756
314.2341333010
315.1673108879
322.3235291376
335.9069822906
357.6288804646
390.9549881851
1213.1885215790
1374.7819888746
765.2376441146
1101.3305731573
1295.0778685517
2129.3179477776
491.9719790040
481.7997910146
479.5977955020
490.0558575045
516.6441051710
563.6586696457
1040.1609810435
5295.0599283037
3760.3597171187
2679.3715953170
3533.8343343339
4021.3001301118
3770.2505429575
506.0195119054
419.2345725118
366.7809612543
336.5608125632
320.5586875144
276.5233303155
279.3634762222
293.7663577777
320.6320714322
360.7413097316
689.0988802105
3112.3062568732
1407.7318977939
1821.7631311605
1977.5249239991
2994.0453140818
1287.5717161799
1937.9643737557
2975.2366097922
4498.6495315224
3372.3301561655
2675.4170492048
3809.1846078437
2646.2524174431
3162.4163172089
449.9546165861
362.2046566110
311.8880545087
286.0729235497
261.4138966571
262.7433138839
274.0229849789
295.4837362182
328.8601238360
378.3125334274
3236.1016122862
3112.3222413374
1220.5002537194
2814.5369793740
2463.3812045246
2108.7640523009
4222.2017591343
3068.4159784939
2952.4178213799
2588.9403662060
3318.1040849184
3209.9648110731
4415.1543692851
504.0861376940
405.2816432751
337.0311544737
294.6065120151
271.0926561567
261.7456995721
263.3404464948
280.0176374546
314.0333455024
371.4972612411
3127.5846228030
3491.8157055443
1704.9790236910
1856.6817344900
3024.9923226877
3113.7373376206
1644.2765302524
3729.5517748943
4786.8370342370
472.4118275038
375.9064426875
312.2906909421
276.5759258423
278.3203403832
283.3051070460
317.6273649069
796.0926187179
2722.3050457310
2470.3750537540
3411.8190277493
3890.8586942904
2902.9012351618
2261.8307036809
362.6045580701
302.6824920820
316.5847403553
340.8998625728
2008.1272730128
4612.7658766959
3635.9793485050
365.7789151558
387.1665336982
261.4138966571
5295.0599283037