72.9234812261
71.6150546109
71.9680737024
73.6994548236
76.8179275335
81.5460659213
127.2739436761
96.7880965815
95.6937909811
101.4102313311
117.1594192188
90.4997129029
88.3896305423
86.7985810343
86.8386560692
89.2141783851
94.6628016055
104.3120613784
119.9883005479
207.8938834911
480.8264493743
569.5099559864
415.2451556708
455.8309891773
1182.7646989192
535.5551922098
115.8786276109
95.5440990329
83.4397898790
76.5070182274
46.3216528479
46.4218775244
47.4884904339
49.5441120071
52.8442343673
57.8984063659
181.4132913572
209.2560008951
119.4713021233
165.7831115580
199.7090790468
320.4542694103
71.7581899749
70.0953544070
69.7178626823
71.2943413554
75.3466549064
82.5682451819
152.5935489624
780.7578658307
560.2063765496
398.1081273423
527.5434664044
588.0805734209
575.1133138600
76.7426465149
63.1047078675
54.7612490596
49.9318568624
47.3607628764
41.7285647065
42.3422891609
44.9220819363
49.5434081852
55.8813270177
102.7743401851
450.4397949338
207.9434415441
264.7804943519
287.5555433162
433.3150460115
1167.7017221830
277.4553003627
425.1064108428
645.3205038376
485.1762234620
386.9931111080
548.6799435887
380.5082056788
458.7777514309
68.5177732872
55.0611877250
47.2060551821
43.1640809324
39.8375456289
40.1959070315
42.1535821438
45.6431579615
50.6956847786
57.7255377421
459.3524352799
443.4377944600
176.3161959005
400.0018091107
350.6256490119
300.3379012266
598.1827361985
435.4094947688
418.9006686975
368.3003736517
471.8296908607
455.3794929525
627.1002744677
76.0037839836
61.5237090428
51.2962773974
44.8373076735
41.2509337245
39.8877677330
40.2415305920
42.8474761406
47.8459370075
55.9350659740
440.4903101906
492.1690675317
241.6297790356
262.9891600124
426.0855040016
438.4896231644
233.8918344369
524.7526708375
673.3861960881
70.6340574046
56.7360468177
47.3778430490
42.0586434001
42.1564766179
42.9238234921
47.8471908226
114.6108916100
382.3940511729
347.5759318132
478.4360955790
545.1597585655
408.0765725998
318.8834863161
54.3675027329
45.6992545901
47.4547648896
50.8477356204
282.7121245168
644.4631289696
508.8929557491
54.4724369337
57.2802295172
39.8375456289
1182.7646989192