210.8046352486
208.4890517359
210.3015101300
215.6340689575
224.5968684177
237.7950156040
339.7260443583
274.2192862299
276.7697577757
286.1482515966
324.0690362155
265.8429781861
260.6586614913
256.5555337974
256.6081827024
262.7599530301
276.8905317950
301.6929137681
341.3583162687
568.3561077530
1176.7766924286
1310.0950924803
973.0005410666
1147.3811666945
2400.6461436108
1211.0122360809
309.9102100722
262.5598327782
234.4965745139
218.6485457595
138.5769684193
138.9413104321
142.0153809223
147.8848691603
157.2811718226
171.6658072215
515.1871155018
581.2542964752
329.9976063480
469.3684923752
550.1622895349
897.0529259880
216.1946555206
212.1984346108
211.5272137871
216.2093081285
227.7436734209
247.9309223350
450.8018209848
2247.4284506695
1593.2416641974
1141.0679210224
1494.5118928812
1722.5150423145
1578.6212893470
221.9439128583
184.3871468864
161.5709369325
148.3824039761
141.3733691911
122.3208594804
123.6682904746
130.1911629390
142.2616652687
159.9523074580
302.3235477437
1347.3511294819
603.8595893357
788.6224328300
853.2050142883
1291.0189053420
1413.6124207189
850.8055905566
1305.2339524164
1958.4103409497
1471.0591570993
1166.0401121490
1661.3759801228
1165.9047547747
1368.3229220208
197.9159701678
159.7036156835
137.7413675848
126.4622450823
115.9045960536
116.5923061402
121.7117932281
131.3336888586
146.1325190088
167.9117754807
1441.5863795274
1375.6687745679
537.2744963920
1247.9095109455
1090.1917107874
933.9478179479
1872.4442757514
1363.0311341319
1315.3231721113
1153.9615059987
1475.7736812077
1438.4553815611
1960.2545014426
222.5643136572
178.9938934371
149.0118551246
130.3994399558
120.1008038318
116.2759092587
117.0864259821
124.6032076174
139.8091046106
165.4704782850
1414.8269914262
1570.8302221674
768.2179222834
834.4205577543
1364.5632320561
1407.0128676723
739.7122451419
1690.7622283315
2161.5607318091
209.7741102650
166.7206433544
138.5258692736
122.7656480480
123.9067083471
126.2461403118
141.7229779015
358.7759371032
1241.1758325590
1122.0796918931
1555.3041818361
1776.0500662313
1322.7711650512
1030.0966043403
161.4535264215
134.6896244011
141.3343261614
152.4431252639
916.1858345889
2115.9963532586
1666.8856270145
163.4238096128
173.4432597991
115.9045960536
2400.6461436108