17.1559723274
16.8289307267
16.8999561568
17.2998411209
18.0292540092
19.1404250349
30.2284057440
22.8686772510
22.4716694963
23.9579385341
27.7124460194
21.2182304898
20.7191460067
20.3463399547
20.3605610392
20.9278889958
22.2241039668
24.5192684611
28.2520805437
49.0133506144
115.1804962260
138.9042241665
100.4405266603
108.4092680508
299.2554981799
129.8209686191
27.5548184578
22.6389458588
19.7105329700
18.0298387973
10.8399765830
10.8618476496
11.1112954760
11.5933104000
12.3676328600
13.5531702886
42.4568204087
49.0664740022
28.1101834675
38.8342060860
46.9022464230
75.0319293644
16.7642909560
16.3719929695
16.2831324848
16.6534044669
17.6051734765
19.3022710719
35.6553924857
182.3848965891
131.0381314492
93.1146333424
123.4289537404
137.2857088644
134.8628479092
18.0251851878
14.8087448850
12.8373890340
11.6953955893
11.0868223457
9.7989404728
9.9485512686
10.5667749596
11.6697344544
13.1680515237
24.0893892081
105.0635416178
48.6350565748
61.8064104874
67.1088497878
101.0504132331
725.6216043167
64.6514445062
99.0199342802
150.3429482857
113.0951619123
90.2713372788
127.9189561137
88.7306714550
107.0322416142
16.1057764806
12.9414952724
11.0896072369
10.1360301819
9.3691114306
9.4581975567
9.9261379403
10.7542220198
11.9429752396
13.5833265300
106.9851396953
103.2985714817
41.1555417969
93.1599190160
81.6683241725
69.9610484459
139.2403269113
101.3842855644
97.5500035311
85.7992758080
109.8969269359
106.0699509131
146.0256317703
17.8448386674
14.4592151905
12.0608152942
10.5427993614
9.6995645732
9.3823972247
9.4693200019
10.0849422237
11.2563788149
13.1407205260
102.5524697854
114.5730270790
56.2959659070
61.2602472250
99.1852125814
102.0764147064
54.5178895721
122.1616379985
156.7304504718
16.5700452049
13.3266591016
11.1367628851
9.8899827296
9.9093671231
10.0907927476
11.2408271789
26.7648882119
89.0306270361
80.9265798249
111.3589822778
126.8828344314
95.0115970772
74.2744183576
12.7614924542
10.7370571031
11.1406350717
11.9305359185
65.8478652423
149.9751767388
118.4542946183
12.7766321547
13.4251841041
9.3691114306
725.6216043167