0.2789911858
0.2730943070
0.2739072803
0.2802243105
0.2920176207
0.3101394844
0.5008562984
0.3748153694
0.3646308346
0.3927987431
0.4555970416
0.3430852776
0.3347811856
0.3286671668
0.3289923024
0.3384816531
0.3600753780
0.3983407413
0.4607426221
0.8039671172
1.9450922785
2.4047853468
1.7207851270
1.8082416269
5.4550774633
2.2282362125
0.4573482944
0.3732189822
0.3230456160
0.2941551720
0.1745181363
0.1748300241
0.1788613674
0.1866839937
0.1992638795
0.2185181155
0.6881285916
0.7986598467
0.4592456937
0.6300763539
0.7652215777
1.2185685891
0.2691569971
0.2626284027
0.2611140299
0.2671062528
0.2825917089
0.3102809920
0.5742460060
2.9461861476
2.1225472721
1.5069480644
2.0008878386
2.2117605872
2.1987332738
0.2926604036
0.2398890780
0.2074554687
0.1886471168
0.1786111320
0.1587928886
0.1613959636
0.1718218216
0.1902802752
0.2149125141
0.3896150495
1.6867471438
0.7859906187
0.9935809980
1.0790045163
1.6225007139
337.3561804195
1.0331739689
1.5814561981
2.4057323372
1.8107432859
1.4476684112
2.0489815527
1.4191429108
1.7192530457
0.2617724457
0.2102092090
0.1798910857
0.1642647571
0.1522278196
0.1538248971
0.1616673348
0.1753564813
0.1946818175
0.2209057741
1.7028491942
1.6475442948
0.6595040606
1.4841046463
1.3018825819
1.1152765196
2.2157335536
1.6137307213
1.5521030785
1.3661098630
1.7499960576
1.6863159431
2.3251319375
0.2891727780
0.2347511711
0.1959411378
0.1712647752
0.1575460624
0.1524294307
0.1539495668
0.1640204245
0.1828816176
0.2128340311
1.6250558758
1.8173094224
0.8942642948
0.9732488394
1.5722375946
1.6175223673
0.8670388312
1.9342989589
2.4831807146
0.2677545271
0.2159469225
0.1807252541
0.1605920275
0.1606956649
0.1636473023
0.1820045914
0.4271935869
1.4079555076
1.2811516051
1.7600979744
2.0044593229
1.5029283322
1.1760119554
0.2063356094
0.1739616261
0.1800884446
0.1925709288
1.0419458044
2.3654377898
1.8695419165
0.2061200297
0.2161265856
0.1522278196
337.3561804195