13.2912255954
13.0394938848
13.0953912674
13.4055354260
13.9705377066
14.8308238082
23.3894102013
17.7195949074
17.4092074151
18.5606021939
21.4613998361
16.4427793343
16.0571978159
15.7690368504
15.7800883817
16.2189053141
17.2214006389
18.9961927003
21.8819815072
37.9320980375
89.0142978250
107.4552798764
77.6024465693
83.7946691809
232.1068852592
100.1503704322
21.3194729225
17.5237650161
15.2627954156
13.9654157576
8.4035598443
8.4205299585
8.6137316463
8.9870429383
9.5867235505
10.5048498145
32.8761009954
37.9789773973
21.7591766631
30.0698676045
36.3001404414
58.0830254637
12.9972359531
12.6943405908
12.6260646414
12.9131187423
13.6502894764
14.9642728368
27.6314801916
141.2556476375
101.4689108990
72.1122116152
95.5683576444
106.3622325406
104.3653818882
13.9659735282
11.4759085088
9.9498416416
9.0657831412
8.5946508525
7.5945984350
7.7100869195
8.1882130555
9.0416575852
10.2022556505
18.6702262757
81.4361148373
37.6800942528
47.9053383312
52.0086250208
78.3165040129
657.3441245465
50.1383609132
76.7915223677
116.5637705925
87.6837802386
69.9814452959
99.1744361780
68.8125527844
82.9563610295
12.4793953678
10.0284543417
8.5943087641
7.8558141886
7.2609646761
7.3296714756
7.6918039424
8.3331620818
9.2547766859
10.5277258445
83.0123717951
80.1307969450
31.9158972121
72.2726706224
63.3537256732
54.2724154853
108.0285383840
78.6577152521
75.6899696990
66.5702614236
85.2643537292
82.3141646308
113.2919190663
13.8302995216
11.2053705296
9.3466292766
8.1704643733
7.5171357215
7.2717107467
7.3389156121
7.8160796292
8.7248214254
10.1875965736
79.6160150361
88.9335013638
43.6966683641
47.5459681673
76.9951576706
79.2428075759
42.3098154082
94.8449624135
121.6701704840
12.8457848917
10.3297010076
8.6316953726
7.6652241507
7.6813029223
7.8221178835
8.7147389596
20.7691386870
69.1364351509
62.8348320738
86.4780140457
98.5367395083
73.7792252173
57.6712826383
9.8936153601
8.3231807191
8.6377072628
9.2512949029
51.1338519332
116.4956793327
92.0058604194
9.9072605307
10.4119747067
7.2609646761
657.3441245465