315.9343504649
315.2196507306
319.4620731563
328.1428780396
341.5924795119
360.6564946331
456.2322946256
405.9141801113
415.5625746528
420.6789038098
460.8160453600
406.9038561614
400.7163387693
395.3305687094
395.1768123449
403.0474565038
421.3251719946
453.0313642905
502.4625318442
794.6408188666
1380.5799548957
1439.4929441325
1060.5822378576
1393.5263500110
2216.1593414357
1165.3751734828
418.2716525794
368.3125561912
339.0158833054
323.0150634261
216.5397709191
217.2139191284
221.8235564830
230.5343388851
244.4389473833
265.7289598108
764.3652459590
834.7416390959
464.5671591331
690.8803264074
777.3889178555
1306.8661169100
340.9025574531
336.2226163163
335.8558209049
343.0854090593
360.1781682031
389.5023733759
699.7305878261
3405.3382058722
2374.0384511861
1716.6014819403
2218.4797459017
2663.6714341803
2241.6527114606
334.3295346115
280.9009655338
248.7613378403
230.2235613373
220.3956173902
186.8521674354
188.0985956398
196.2394513036
212.1329051285
237.7741599206
466.4422268089
2129.6192990150
923.2680069339
1239.6637390994
1336.1099473980
2032.4376525306
236.2323251853
1373.7350357732
2111.3539582937
3138.2821164248
2351.5609777075
1851.6352267798
2653.0589008602
1877.4567874943
2155.2204336425
297.6558013192
241.2140392326
209.4029446552
193.1010224032
175.4884100496
175.8895811359
182.6300806610
196.3082483667
219.0141550862
254.5591822982
2369.5679846404
2243.1389486918
861.1166536977
2043.1196968067
1779.9620527472
1524.5021559239
3075.4442622521
2236.6005067259
2161.6994812306
1891.2344416409
2417.7244588935
2370.6107121465
3213.2610403167
339.7437407998
271.1925687690
225.3300156186
197.4102334917
182.0168451519
176.3532586929
177.1888751128
188.4619637734
212.6802676256
255.2780875653
2359.0701623646
2611.3258953572
1270.8445967190
1379.4046616139
2271.8889737427
2344.3847699325
1217.5032663528
2822.8232615896
3604.6880008289
324.6813274436
255.1506611965
210.8379163749
186.4900602512
189.5418212396
193.2581847674
218.6274321044
584.2406834808
2080.1371947796
1875.0491658510
2610.4862584441
2984.4657258807
2214.1335954544
1718.9366840936
249.6680318622
206.6464301899
219.1335240640
237.9720761251
1532.2233398848
3570.8230964157
2807.3632822189
255.2301078709
273.3234105274
175.4884100496
3604.6880008289