0.7818388825
0.7660802287
0.7688058509
0.7867437710
0.8198663914
0.8705555606
1.3908177119
1.0460634048
1.0227640177
1.0962102662
1.2694519078
0.9640115713
0.9410222194
0.9239810260
0.9247777468
0.9510146560
1.0108187889
1.1167464180
1.2892581737
2.2426992378
5.3531745419
6.5345594541
4.7048010230
5.0033699840
14.4377299240
6.0864528701
1.2692589262
1.0391217692
0.9019387350
0.8230629838
0.4913934697
0.4923267951
0.5036545818
0.5255909797
0.5608494888
0.6148214365
1.9305349951
2.2359413952
1.2835251175
1.7667652950
2.1398475426
3.4150933592
0.7588763037
0.7408062639
0.7366688678
0.7535006605
0.7968714786
0.8743090693
1.6163259754
8.2789482683
5.9564992975
4.2308039148
5.6126799548
6.2238476530
6.1499166148
0.8205742343
0.6733860147
0.5830418261
0.5306766996
0.5027521877
0.4456881572
0.4527590549
0.4814781076
0.5325017588
0.6011492772
1.0944980225
4.7550268080
2.2083863630
2.7990169852
3.0393334695
4.5735335779
232.2743722452
2.9195410788
4.4703830458
6.7932638954
5.1119922439
4.0836127201
5.7832714424
4.0085749738
4.8454587875
0.7335999559
0.5892929755
0.5046364363
0.4610254884
0.4267136621
0.4309934161
0.4526578105
0.4907146819
0.5448637733
0.6189336837
4.8223531821
4.6605930418
1.8611227479
4.2008178251
3.6837031190
3.1558074915
6.2755237465
4.5699060936
4.3963460734
3.8681174118
4.9547954122
4.7788116000
6.5832630394
0.8116090979
0.6582539698
0.5492545792
0.4801078621
0.4416842302
0.4273022310
0.4314213529
0.4595619511
0.5126669551
0.5975339372
4.6131603505
5.1561898267
2.5354186492
2.7590891842
4.4623053423
4.5917350481
2.4566620334
5.4932330621
7.0494956133
0.7525891293
0.6061248710
0.5068977319
0.4502940733
0.4508886122
0.4591614816
0.5110765976
1.2082674019
4.0012649794
3.6389502692
5.0034170081
5.6997461002
4.2706441390
3.3401368119
0.5797972224
0.4883249270
0.5061094854
0.5415939214
2.9603245095
6.7320279369
5.3186958555
0.5798500821
0.6086510914
0.4267136621
232.2743722452