0.0023745139
0.0023102181
0.0023094268
0.0023598590
0.0024604397
0.0026187461
0.0045289474
0.0032366982
0.0031001800
0.0034031289
0.0040121273
0.0028786420
0.0027996285
0.0027431459
0.0027466289
0.0028341334
0.0030330502
0.0033875372
0.0039712757
0.0071384720
0.0185438286
0.0235554939
0.0167739248
0.0169953213
0.0559256077
0.0222130954
0.0041315179
0.0033066190
0.0028135565
0.0025276444
0.0014405279
0.0014424560
0.0014767843
0.0015439241
0.0016521359
0.0018177867
0.0059250962
0.0069991545
0.0040483159
0.0054401608
0.0067548026
0.0106270361
0.0022067333
0.0021437684
0.0021270338
0.0021768318
0.0023101453
0.0025519008
0.0047918219
0.0250849300
0.0182595624
0.0128845030
0.0172658419
0.0185620259
0.0194139620
0.0024875391
0.0020216165
0.0017337251
0.0015665918
0.0014772886
0.0013349692
0.0013612079
0.0014588036
0.0016280711
0.0018435021
0.0032601400
0.0138996608
0.0066478798
0.0082198901
0.0089534741
0.0134267890
9.4056970336
0.0083143042
0.0127145996
0.0195634356
0.0147508404
0.0118578045
0.0167027337
0.0114533725
0.0141964454
0.0022275408
0.0017828378
0.0015181382
0.0013815159
0.0012882117
0.0013051586
0.0013770503
0.0014979769
0.0016605907
0.0018699193
0.0134215679
0.0131341314
0.0053504441
0.0117691641
0.0103562481
0.0088685634
0.0175039497
0.0127484314
0.0122316877
0.0107925171
0.0138442030
0.0132101482
0.0183944977
0.0024329397
0.0019860854
0.0016599680
0.0014496017
0.0013323372
0.0012879573
0.0013029742
0.0013889165
0.0015423942
0.0017760181
0.0125285328
0.0140909076
0.0069592493
0.0075916989
0.0121439353
0.0124659351
0.0067853367
0.0148550590
0.0191434425
0.0022259340
0.0018119213
0.0015229604
0.0013553197
0.0013484135
0.0013724981
0.0015172104
0.0033844937
0.0107307120
0.0098191833
0.0133843883
0.0152143538
0.0114650463
0.0090047138
0.0017157467
0.0014561754
0.0014938954
0.0015881340
0.0079531598
0.0177910554
0.0140948655
0.0016986234
0.0017662406
0.0012879573
9.4056970336