19.2863637522
18.9202552148
19.0010082455
19.4510374190
20.2711943572
21.5201745186
33.9524616336
25.6991441685
25.2640392550
26.9225140489
31.1362398921
23.8584515792
23.2979462931
22.8789552695
22.8946078166
23.5315535277
24.9871657482
27.5645213728
31.7557946620
55.0775874254
129.2715326527
155.7129554296
112.6586092357
121.7266898444
334.7391154816
145.5936229344
30.9515446912
25.4365683616
22.1513962874
20.2661901863
12.1907911467
12.2155093309
12.4960092429
13.0379297353
13.9084484424
15.2412890821
47.7380739954
55.1585442458
31.5920503505
43.6617723314
52.7181066134
84.3578711192
18.8557664255
18.4151394529
18.3153933455
18.7316989163
19.8016355616
21.7092551745
40.1008764070
205.1038105310
147.3444764153
104.7031940771
138.7816751605
154.4045811589
151.5998663810
20.2644751503
16.6499558727
14.4348949225
13.1517877304
12.4680551388
11.0169819617
11.1847231543
11.8787191293
13.1172532287
14.8009382404
27.0872867723
118.1817368434
54.6927372517
69.5197705073
75.4811021477
113.6675603731
755.9532446787
72.7358097300
111.4022171727
169.1359938806
127.2263009798
101.5437298262
143.9007401405
99.8187165811
120.3940211855
18.1056646864
14.5487710762
12.4675394384
11.3959270671
10.5324991412
10.6322509117
11.1576637098
12.0879699633
13.4243653444
15.2696771627
120.3734886470
116.2213750611
46.2953297105
104.8161988217
91.8859775244
78.7131620545
156.6705970789
114.0736925555
109.7593817487
96.5345813109
123.6475112483
119.3465551961
164.3013825640
20.0630278974
16.2552301746
13.5585036478
11.8520044809
10.9041153262
10.5474025356
10.6448336692
11.3367305252
12.6541357580
14.7743456486
115.3988922486
128.9258467823
63.3425666067
68.9291866965
111.6091907789
114.8632822246
61.3394048041
137.4644783400
176.3670724585
18.6316574730
14.9830264694
12.5201838313
11.1182416119
11.1405669487
11.3445178846
12.6382630997
30.1087090113
100.1864415524
91.0647683154
125.3156954454
142.7851134083
106.9160473116
83.5774115664
14.3487547204
12.0715249301
12.5263413904
13.4152748498
74.0959263806
168.7784633392
133.3024650737
14.3669511020
15.0974226687
10.5324991412
755.9532446787