0.0000000001
0.0000000001
0.0000000001
0.0000000001
0.0000000001
0.0000000001
0.0000000001
0.0000000001
0.0000000001
0.0000000001
0.0000000001
0.0000000001
0.0000000001
0.0000000001
0.0000000001
0.0000000001
0.0000000001
0.0000000001
0.0000000001
0.0000000001
0.0000000001
0.0000000001
0.0000000001
0.0000000001
0.0000000001
0.0000000001
0.0000000001
0.0000000001
0.0000000001
0.0000000001
0.0000000000
0.0000000000
0.0000000000
0.0000000000
0.0000000000
0.0000000000
0.0000000000
0.0000000001
0.0000000001
0.0000000001
0.0000000001
0.0000000001
0.0000000001
0.0000000001
0.0000000001
0.0000000001
0.0000000001
0.0000000001
0.0000000001
0.0000000001
0.0000000001
0.0000000001
0.0000000001
0.0000000001
0.0000000001
0.0000000001
0.0000000000
0.0000000000
0.0000000000
0.0000000000
0.0000000000
0.0000000000
0.0000000000
0.0000000000
0.0000000000
0.0000000000
0.0000000001
0.0000000001
0.0000000001
0.0000000001
0.0000000001
0.0000000000
0.0000000001
0.0000000001
0.0000000001
0.0000000001
0.0000000001
0.0000000001
0.0000000001
0.0000000001
0.0000000000
0.0000000000
0.0000000000
0.0000000000
0.0000000000
0.0000000000
0.0000000000
0.0000000000
0.0000000000
0.0000000000
0.0000000001
0.0000000001
0.0000000001
0.0000000001
0.0000000001
0.0000000001
0.0000000001
0.0000000001
0.0000000001
0.0000000001
0.0000000001
0.0000000001
0.0000000001
0.0000000001
0.0000000001
0.0000000000
0.0000000000
0.0000000000
0.0000000000
0.0000000000
0.0000000000
0.0000000001
0.0000000001
0.0000000002
0.0000000001
0.0000000001
0.0000000001
0.0000000002
0.0000000002
0.0000000001
0.0000000004
0.0000000002
0.0000000001
0.0000000001
0.0000000001
0.0000000000
0.0000000001
0.0000000001
0.0000000001
0.0000000001
0.0000000010
0.0000000004
0.0000000012
0.0000000020
0.0000000012
0.0000000009
0.0000000001
0.0000000001
0.0000000001
0.0000000001
0.0000000011
0.0000000072
0.0000000056
0.0000000001
0.0000000001
0.0000000000
0.0000000072