0.0681556695
0.0665317092
0.0665922350
0.0680185828
0.0707860835
0.0750940805
0.1245560611
0.0914393702
0.0882008029
0.0960202241
0.1118551531
0.0827471462
0.0807767606
0.0793906595
0.0795748376
0.0819695844
0.0872917363
0.0966759597
0.1119996096
0.1945303835
0.4888097039
0.6155829546
0.4414045921
0.4485090036
1.4378591930
0.5796021537
0.1140211574
0.0924682274
0.0795830498
0.0721243105
0.0421040992
0.0421608588
0.0431124844
0.0449717844
0.0479630374
0.0525279950
0.1610776377
0.1888064177
0.1113738666
0.1487669060
0.1826697665
0.2850201523
0.0643362523
0.0628477458
0.0625603058
0.0640310693
0.0677186687
0.0742652368
0.1345885590
0.6773050705
0.4919937832
0.3495962942
0.4637584766
0.5073479233
0.5154578502
0.0705968706
0.0579414979
0.0501108579
0.0455524894
0.0431104498
0.0386102690
0.0392883448
0.0419098684
0.0465024144
0.0524670328
0.0923913946
0.3872363813
0.1825972915
0.2295517068
0.2489035753
0.3722438719
13.7290901885
0.2402537051
0.3665074654
0.5529265667
0.4188808918
0.3355426324
0.4732743732
0.3325664563
0.3951361976
0.0633695158
0.0510220750
0.0437044962
0.0399212411
0.0371899971
0.0376208520
0.0395883725
0.0429661941
0.0476329622
0.0538318594
0.4044120573
0.3857500168
0.1549340114
0.3496710707
0.3060972992
0.2627091169
0.5214445151
0.3818184760
0.3696830274
0.3267381009
0.4155820695
0.4081538994
0.5487886663
0.0701217315
0.0570734489
0.0477372876
0.0417764448
0.0384592345
0.0373551846
0.0377604238
0.0402496781
0.0448407786
0.0520752829
0.4031574035
0.4425497228
0.2199947445
0.2373821399
0.3868509481
0.4005674345
0.2130744576
0.4847313829
0.6123574368
0.0654272131
0.0527790862
0.0442149247
0.0393236645
0.0394994388
0.0402509607
0.0447854945
0.1059921735
0.3604652735
0.3232647143
0.4499969173
0.5155264237
0.3846148539
0.3009382214
0.0507206862
0.0427427235
0.0444432797
0.0475964586
0.2681848655
0.6212090636
0.4904184460
0.0509440339
0.0536350131
0.0371899971
13.7290901885