0.0038623558
0.0037680147
0.0037723138
0.0038567416
0.0040201575
0.0042746498
0.0071735219
0.0052320066
0.0050444195
0.0054931653
0.0064270196
0.0047118915
0.0045896023
0.0045012053
0.0045065696
0.0046441845
0.0049568928
0.0055126720
0.0064239946
0.0113927477
0.0287204630
0.0360930285
0.0257485065
0.0264585344
0.0841796599
0.0337545225
0.0065466697
0.0052839808
0.0045299380
0.0040939520
0.0023754810
0.0023791468
0.0024349634
0.0025437497
0.0027189169
0.0029870420
0.0095844634
0.0112297091
0.0064813569
0.0087917594
0.0108022451
0.0170747420
0.0036499903
0.0035532054
0.0035289689
0.0036109543
0.0038267487
0.0042154778
0.0078584805
0.0408012659
0.0295454776
0.0209052795
0.0279014043
0.0303856702
0.0310711269
0.0040479677
0.0033024977
0.0028429320
0.0025762619
0.0024338608
0.0021831777
0.0022228841
0.0023751778
0.0026416559
0.0029878772
0.0053477894
0.0229527194
0.0108399624
0.0135398128
0.0147314253
0.0221078255
43.5943870875
0.0138820201
0.0212512045
0.0324876473
0.0244854217
0.0196287322
0.0277143589
0.0190812047
0.0234039059
0.0036229612
0.0029040468
0.0024784334
0.0022588909
0.0021004596
0.0021255854
0.0022387736
0.0024322539
0.0026981295
0.0030487581
0.0226146744
0.0220196635
0.0088932115
0.0197728006
0.0173769462
0.0148687583
0.0294480887
0.0214771925
0.0206264802
0.0181743249
0.0232988818
0.0223186262
0.0309263705
0.0039771724
0.0032386093
0.0027052231
0.0023633749
0.0021730443
0.0021014469
0.0021243641
0.0022639819
0.0025187468
0.0029142367
0.0213186042
0.0239166360
0.0117936453
0.0128514915
0.0206573908
0.0212207728
0.0114667449
0.0253178209
0.0325842126
0.0036585404
0.0029656314
0.0024878454
0.0022125244
0.0022069343
0.0022468654
0.0024905988
0.0056809709
0.0183540929
0.0167490650
0.0229198176
0.0260605481
0.0196113225
0.0153764110
0.0028196487
0.0023859160
0.0024577179
0.0026196910
0.0135961873
0.0306209796
0.0242440587
0.0028028681
0.0029255387
0.0021004596
43.5943870875