0.0000000292
0.0000000284
0.0000000284
0.0000000290
0.0000000303
0.0000000322
0.0000000557
0.0000000398
0.0000000381
0.0000000419
0.0000000493
0.0000000354
0.0000000344
0.0000000337
0.0000000338
0.0000000348
0.0000000373
0.0000000417
0.0000000488
0.0000000879
0.0000002283
0.0000002899
0.0000002064
0.0000002091
0.0000006880
0.0000002733
0.0000000508
0.0000000407
0.0000000346
0.0000000311
0.0000000177
0.0000000177
0.0000000182
0.0000000190
0.0000000203
0.0000000224
0.0000000729
0.0000000861
0.0000000498
0.0000000669
0.0000000831
0.0000001304
0.0000000271
0.0000000263
0.0000000261
0.0000000268
0.0000000284
0.0000000314
0.0000000587
0.0000003082
0.0000002245
0.0000001583
0.0000002123
0.0000002279
0.0000002389
0.0000000306
0.0000000249
0.0000000213
0.0000000193
0.0000000182
0.0000000164
0.0000000167
0.0000000179
0.0000000200
0.0000000227
0.0000000401
0.0000001706
0.0000000817
0.0000001009
0.0000001100
0.0000001645
0.0003849057
0.0000001021
0.0000001560
0.0000002400
0.0000001807
0.0000001454
0.0000002048
0.0000001402
0.0000001743
0.0000000274
0.0000000219
0.0000000187
0.0000000170
0.0000000158
0.0000000161
0.0000000169
0.0000000184
0.0000000204
0.0000000230
0.0000001643
0.0000001608
0.0000000656
0.0000001440
0.0000001268
0.0000001086
0.0000002143
0.0000001561
0.0000001496
0.0000001321
0.0000001694
0.0000001617
0.0000002251
0.0000000299
0.0000000244
0.0000000204
0.0000000178
0.0000000164
0.0000000159
0.0000000160
0.0000000171
0.0000000190
0.0000000218
0.0000001537
0.0000001725
0.0000000855
0.0000000931
0.0000001489
0.0000001532
0.0000000833
0.0000001827
0.0000002349
0.0000000274
0.0000000223
0.0000000187
0.0000000167
0.0000000166
0.0000000169
0.0000000187
0.0000000416
0.0000001330
0.0000001210
0.0000001661
0.0000001892
0.0000001422
0.0000001116
0.0000000211
0.0000000179
0.0000000184
0.0000000196
0.0000000989
0.0000002237
0.0000001772
0.0000000209
0.0000000218
0.0000000158
0.0003849057