0.0001250499
0.0001217637
0.0001217586
0.0001244025
0.0001296412
0.0001378663
0.0002362205
0.0001695935
0.0001628738
0.0001782942
0.0002097715
0.0001515324
0.0001474763
0.0001445876
0.0001447991
0.0001493500
0.0001596493
0.0001779699
0.0002081074
0.0003719741
0.0009588390
0.0012114261
0.0008655619
0.0008798854
0.0028510975
0.0011446304
0.0002155188
0.0001730355
0.0001476412
0.0001329217
0.0000762123
0.0000763147
0.0000781055
0.0000816063
0.0000872451
0.0000958703
0.0003086543
0.0003643423
0.0002114759
0.0002838013
0.0003517105
0.0005515474
0.0001164620
0.0001132642
0.0001124569
0.0001150866
0.0001220268
0.0001345612
0.0002502708
0.0013008787
0.0009475263
0.0006689130
0.0008957171
0.0009625424
0.0010084031
0.0001305809
0.0001063993
0.0000914517
0.0000827676
0.0000781242
0.0000704630
0.0000718071
0.0000768562
0.0000856308
0.0000968387
0.0001704921
0.0007212010
0.0003458877
0.0004274881
0.0004656481
0.0006967716
0.0365607522
0.0004338053
0.0006620774
0.0010157550
0.0007666656
0.0006166994
0.0008676138
0.0005968736
0.0007372301
0.0001169925
0.0000938202
0.0000800281
0.0000729024
0.0000679973
0.0000688593
0.0000725917
0.0000788977
0.0000874193
0.0000984426
0.0007040943
0.0006850601
0.0002796084
0.0006156090
0.0005415804
0.0004641621
0.0009161136
0.0006689581
0.0006430835
0.0005687655
0.0007263895
0.0007011526
0.0009632642
0.0001281453
0.0001046206
0.0000875028
0.0000764746
0.0000703243
0.0000681165
0.0000688875
0.0000734115
0.0000815514
0.0000940352
0.0006781623
0.0007515226
0.0003743776
0.0004055008
0.0006537432
0.0006752936
0.0003643874
0.0008134588
0.0010314650
0.0001180613
0.0000959039
0.0000805604
0.0000716881
0.0000715877
0.0000728779
0.0000806935
0.0001825051
0.0006026686
0.0005417971
0.0007512223
0.0008603430
0.0006439951
0.0005052511
0.0000913659
0.0000773653
0.0000798048
0.0000850441
0.0004499896
0.0010377846
0.0008207297
0.0000910443
0.0000951899
0.0000679973
0.0365607522