16.1894191600
15.8889253287
15.9590842531
16.3358539614
17.0201197610
18.0604824261
28.3060215128
21.5617577009
21.1765242972
22.5761462544
26.0350668602
20.0321212590
19.5728828135
19.2296803792
19.2457306921
19.7764737894
20.9855059080
23.1226210499
26.5921218398
45.8398600018
107.0559725250
129.4332186384
93.4172343607
100.5991027727
280.9312903563
120.1388696387
25.8365703741
21.2746817768
18.5572810097
16.9984902262
10.2578382923
10.2784026387
10.5125830051
10.9651464632
11.6920660578
12.8046033897
39.7598843752
45.8340567548
26.3040318791
36.3737307489
43.7996429163
70.1009105610
15.8645329366
15.5058434517
15.4284847091
15.7793887558
16.6734596839
18.2627126444
33.6010338558
170.9217990076
122.6612197093
87.2854049168
115.4787695431
129.0077353026
125.6869297771
16.9880789184
13.9760309384
12.1297109526
11.0597341032
10.4892972381
9.2593873407
9.3981544492
9.9760007924
11.0090970255
12.4180797456
22.7341700438
99.0680541601
45.6992967031
58.2685866158
63.2127086200
95.1971749289
611.5036647257
61.2412180086
93.7896921140
142.0639515031
106.9013805337
85.2679971341
120.8882849923
84.0971449122
100.8854286933
15.1849059742
12.2110717193
10.4722435072
9.5767436031
8.8505245857
8.9329338088
9.3718461313
10.1513406342
11.2753928377
12.8338415718
101.8411724979
98.0749293440
38.9871501967
88.5524568575
77.5770622497
66.4672186437
132.3970008620
96.4355394512
92.8704356322
81.6784735783
104.5494024987
101.1693471323
138.8586440016
16.8559368476
13.6508274983
11.3870862155
9.9566973741
9.1624400154
8.8678957529
8.9494277297
9.5319174450
10.6451635898
12.4435435230
98.1923169881
109.4834649445
53.7991551944
58.4951728391
94.8751502564
97.7021611909
52.0552463063
117.0707650041
149.9873626340
15.6886022609
12.6026177566
10.5269982870
9.3478738167
9.3772075606
9.5508747883
10.6491507434
25.5418285063
85.5126258653
77.6095760846
106.9678542993
121.9540242072
91.2346099380
71.2881279084
12.0889764504
10.1625845760
10.5615050205
11.3210852257
63.2493115053
144.4670449065
114.0597865786
12.1231667694
12.7567580481
8.8505245857
611.5036647257