15.5165727128
15.2203867673
15.2844282114
15.6460456554
16.3058255621
17.3110295796
27.3502028721
20.6870439549
20.3248517665
21.6721388776
25.0721864551
19.1896251628
18.7378829419
18.4005103773
18.4133842365
18.9267419953
20.0996508786
22.1765581119
25.5546121864
44.3416806463
104.2435359745
125.7780721516
90.9199585113
98.1154788260
271.2383417091
117.5143306122
24.9288960259
20.4794728875
17.8289117534
16.3076347612
9.8029042013
9.8226540152
10.0482721033
10.4842649356
11.1846680018
12.2570323397
38.4037388361
44.3871361199
25.4308587715
35.1270353424
42.4311161804
67.8743873407
15.1598458073
14.8047474020
14.7242349661
15.0590924246
15.9199976445
17.4551951498
32.2454144024
164.9590305960
118.5285103511
84.2189666136
111.6448093174
124.1611496900
122.0040449092
16.3033672715
13.3935230318
11.6100238283
10.5768438579
10.0262494957
8.8624222160
8.9978631098
9.5573223760
10.5553455203
11.9108203045
21.7868389508
95.0113752563
43.9876143852
55.8941641538
60.6887167177
91.3817218033
702.4982732928
58.4584363264
89.5348017460
135.9480132417
102.2654928436
81.6295267711
115.6724375524
80.2319272647
96.7931070898
14.5675449283
11.7052625045
10.0299903617
9.1673381841
8.4740353401
8.5547163796
8.9781369138
9.7272991341
10.8025093112
12.2858184100
96.7265312950
93.3986539850
37.2155678933
84.2291102831
73.8405016032
63.2543088930
125.8895024605
91.6630170207
88.1961115436
77.5722795458
99.3593541821
95.8956432918
132.0271894132
16.1395244363
13.0778723775
10.9086926977
9.5356367773
8.7729039467
8.4860121935
8.5647008037
9.1215429324
10.1808825734
11.8845430706
92.7082272063
103.5782267158
50.8951589100
55.3840054926
89.6639217576
92.2784543487
49.2884309294
110.4342879611
141.6873009246
14.9855802250
12.0529750855
10.0726302609
8.9450545247
8.9623065053
9.1263699632
10.1661673948
24.1987646081
80.4808693802
73.1571634108
100.6642853104
114.6942072132
85.8877940577
67.1431107153
11.5412548660
9.7107605804
10.0752646146
10.7892940651
59.5257828379
135.5647943367
107.0736107624
11.5543813064
12.1403486080
8.4740353401
702.4982732928