502.3448576026
497.3724527893
502.2568816900
515.5987827601
537.7314047067
570.1816864519
811.2489207459
654.8198122927
665.7313937035
682.4206544235
778.1195831117
637.8050821250
624.2633409038
613.3626951352
612.8136898366
627.3499070983
661.5376076525
722.0252794484
819.2784715889
1395.0271442483
2837.3865276738
3089.4281834399
2284.1253190566
2835.7878310511
5341.4301334598
2831.8500955831
735.2323174281
623.5626740761
557.5537073473
520.4614173548
331.6392455109
332.6097530555
340.1632421437
354.5114291322
377.4588939667
412.6577183733
1279.0140977953
1452.3387691712
810.7704287047
1162.5084129025
1369.9810443439
2246.0298632772
518.8326242227
508.0765336824
505.7659175497
516.8289931772
544.9272650240
594.6112288631
1096.3533149941
5576.1446654101
3963.2143027082
2823.5643830679
3723.6862377775
4234.1598305108
3980.0835676590
534.7381093895
442.8878080278
387.3301446112
355.3114557736
338.3511720343
292.2078274956
295.2777966557
310.6442009227
339.2313531056
381.6884020395
727.2319499118
3276.8371626258
1482.9307166755
1918.6282147349
2082.1802750303
3151.6160761806
1513.1187716020
2041.1211452595
3133.2195067673
4736.2511950823
3551.4039281628
2818.2934438111
4011.7723992854
2788.3924407538
3330.1096036433
475.6326121651
382.8670686537
329.6185439132
302.2935514286
276.4004878458
277.8638224235
289.8756852477
312.6395262302
347.8987437723
399.9696224314
3409.7383039267
3278.3726882940
1286.1960442516
2964.8583016017
2594.9120768898
2221.4080674250
4447.0525636654
3232.4068055712
3110.8551724859
2728.2156338596
3496.0282677747
3383.5244478250
4651.2534585637
532.6484904636
428.4010532384
356.3143265540
311.4679343531
286.6093133636
276.7725467526
278.4994970228
296.1563824155
332.0542893090
392.5779619813
3296.8241886239
3679.9703298117
1797.4590037003
1956.8778892324
3188.2874935906
3282.2175474032
1733.6614771475
3931.9849112869
5044.8128208813
499.0812401666
397.2958691356
330.1425045368
292.4213024480
294.2357571534
299.5119656563
335.7085572505
839.9356130661
2870.5244161401
2604.5194822562
3597.6014669369
4102.6159414998
3061.0257100048
2385.3839116580
383.1672458236
319.9429796764
334.5550647632
360.1775281547
2117.8111217312
4864.4909666046
3834.4979140502
386.4409295554
408.9430473134
276.4004878458
5576.1446654101