312.4643606674
312.0630262020
316.3394279393
324.8325060945
337.8738260790
356.2612618845
441.7748012671
399.5519899798
409.1322542737
413.8951763901
449.6963552788
402.4184701463
396.9519069698
392.1362980658
392.1812850464
399.7798681414
417.1777013596
447.1120020664
493.3474654756
763.4271882103
1287.6764691918
1335.0775106821
988.0687150385
1295.1289857619
2019.3882842544
1060.2385644028
406.5964618146
360.5152998660
333.5102483010
318.8319901798
215.2472030778
215.9041979971
220.3873579864
228.8634363668
242.3898289430
263.0758249694
736.3382721378
797.2296708876
447.5306379629
666.2851481303
742.3549149151
1248.5990465896
338.7772121366
334.8010131105
334.8069911199
342.0330230659
358.6858327104
386.9609941824
687.5614088268
3290.2177185585
2284.7047474657
1659.7967686091
2130.6513649484
2596.1619192663
2121.5560177651
328.9143645966
277.4017673756
246.3970834830
228.4894329888
218.9817550160
185.1743961885
186.3073014875
194.1052503726
209.4532995070
234.5074899321
460.5247765151
2096.2942569735
898.9932776062
1219.3777811969
1311.0178236934
1995.3315375948
179.4810010354
1368.5123368345
2103.0267131017
3106.9304968636
2330.1644216668
1831.6777612094
2627.8563242957
1873.4233090941
2119.6877288865
293.1734775420
238.1034638510
207.1553036387
191.2920284801
173.8132284338
174.1473722644
180.6949066177
194.1219946070
216.6424186128
252.2126376908
2387.4877878655
2246.8439639804
857.9628232885
2051.7797353845
1784.8369172555
1529.2463308664
3090.5171623598
2249.5243293615
2178.4594350217
1905.8115478674
2432.9011510073
2398.3878825633
3229.9931750035
336.3290746288
268.1122884488
222.8121178640
195.3610717077
180.2477764533
174.9217240990
175.7395454617
186.9645635973
211.2735653911
254.3496390020
2404.2714875226
2651.2795477603
1290.6067844302
1398.6299900608
2311.0938400525
2387.6803160482
1234.4980218489
2881.3393441872
3670.1327426130
323.3408904515
253.3607959926
209.1357584301
184.9683579640
188.5627730871
192.3701003449
218.0926717793
591.8909679324
2131.5224367481
1916.2593260203
2675.2304242009
3061.6341343873
2267.8681333575
1759.4088446733
248.9722632101
205.6658366408
218.9320466340
238.2678554807
1570.2746404214
3676.0139768287
2888.2561503759
255.4893226055
274.4636204421
173.8132284338
3676.0139768287