1.0849124324
1.0635545621
1.0675068670
1.0923105801
1.1379391641
1.2076460238
1.9155377955
1.4504364801
1.4168259330
1.5190704664
1.7540311681
1.3379667774
1.3069411630
1.2839678027
1.2853149537
1.3214316289
1.4034336724
1.5483896501
1.7840146449
3.0816625077
7.3159373488
8.9692138020
6.4386245466
6.8245542582
20.0466188336
8.2936218179
1.7503215803
1.4360835493
1.2487673649
1.1411062353
0.6837261092
0.6850044559
0.7006207405
0.7308740940
0.7794962915
0.8538899752
2.6534699135
3.0655595169
1.7648119648
2.4295464519
2.9340399500
4.6816776026
1.0557218303
1.0315303074
1.0262961605
1.0497680934
1.1096266375
1.2161218883
2.2374080423
11.3847306768
8.1822211699
5.8208976714
7.7051788679
8.5848944155
8.4088899776
1.1368371099
0.9343260431
0.8099800125
0.7378678448
0.6993899971
0.6193173163
0.6289689265
0.6684507836
0.7387375551
0.8336552761
1.5181906758
6.5848444079
3.0466731566
3.8757844981
4.2041982919
6.3265115040
236.9078015616
4.0647078879
6.2229815500
9.4303094254
7.0993742478
5.6670074602
8.0298336304
5.5857148157
6.7070394262
1.0168765414
0.8175756078
0.7007456826
0.6405434761
0.5928378073
0.5986738053
0.6285706399
0.6812694879
0.7565859115
0.8601057262
6.7530916844
6.5063603158
2.5919490508
5.8724988138
5.1455311387
4.4089569982
8.7752920684
6.3934515457
6.1572495143
5.4174979302
6.9337817059
6.7080850697
9.2071995329
1.1273068153
0.9138441649
0.7625998994
0.6668155315
0.6136090912
0.5940428769
0.5997403706
0.6389233102
0.7131911670
0.8324074842
6.5046921498
7.2529251100
3.5671909453
3.8780570787
6.2845918581
6.4718400387
3.4531694146
7.7538142900
9.9339058654
1.0480992971
0.8430587668
0.7047307829
0.6260085414
0.6276644039
0.6393381997
0.7123355682
1.6975131378
5.6625860053
5.1404085595
7.0814774579
8.0724641626
6.0418420892
4.7230468974
0.8079967587
0.6799148434
0.7059312087
0.7562151193
4.1897860925
9.5587309178
7.5486841888
0.8095467148
0.8511032436
0.5928378073
236.9078015616