2.6686788939
2.6148557411
2.6240965675
2.6852309634
2.7981545371
2.9709819080
4.7461356478
3.5724068948
3.4898892708
3.7433515061
4.3330717719
3.2898451540
3.2115995967
3.1536470049
3.1564921534
3.2460584245
3.4500634273
3.8113153999
4.3995565702
7.6473342484
18.2665314856
22.3504054569
16.0670142487
17.0545746696
49.6438079020
20.7623765759
4.3320738294
3.5467312625
3.0785796369
2.8093913181
1.6773287859
1.6804861997
1.7191048941
1.7939113997
1.9141527363
2.0981950632
6.5800706805
7.6196144855
4.3762367010
6.0222643547
7.2926593533
11.6363068846
2.5899137595
2.5284866373
2.5145204750
2.5720122304
2.7199571003
2.9840029832
5.5131756918
28.2154695813
20.3003617363
14.4211379440
19.1270701149
21.2183864621
20.9512309031
2.8003611689
2.2983036079
1.9900812183
1.8114053212
1.7161083095
1.5215336525
1.5456898094
1.6437689493
1.8180115152
2.0523712530
3.7350897990
16.2168784837
7.5303278655
9.5466105371
10.3646832061
15.5957434320
974.0792242542
9.9625709584
15.2542981144
23.1733125851
17.4401292435
13.9304690331
19.7295875660
13.6833205250
16.5245083090
2.5039157943
2.0115705984
1.7227012862
1.5738730131
1.4569156484
1.4715552094
1.5455626463
1.6755508073
1.8604780525
2.1134120013
16.4669310025
15.9089543330
6.3522457488
14.3411925030
12.5754983765
10.7729242032
21.4239574083
15.6028454135
15.0127396419
13.2094967941
16.9180301875
16.3233379686
22.4765176643
2.7706108404
2.2471464979
1.8751342433
1.6391399773
1.5080005406
1.4590653433
1.4731687148
1.5693146109
1.7507336312
2.0406653742
15.7656912354
17.6157892028
8.6630482964
9.4256663108
15.2477922190
15.6918760125
8.3927729787
18.7761541213
24.0902482932
2.5697812297
2.0695682839
1.7307756162
1.5375389661
1.5397688449
1.5680812294
1.7454987076
4.1285962764
13.6807916782
12.4393424447
17.1075316563
19.4897311333
14.6015574476
11.4195280634
1.9800229430
1.6675913076
1.7285816070
1.8499268354
10.1220206594
23.0262551424
18.1915776435
1.9805176751
2.0791591126
1.4569156484
974.0792242542