159.6472205393
157.3597634278
158.4560315297
162.3979899461
169.2401071569
179.4590865421
268.1170324517
209.5963921779
209.8319004869
219.2663938640
251.0593769517
199.9172507415
195.5917782630
192.2460977272
192.2794636776
197.2038695882
208.5426697266
228.5600062679
260.8624815783
444.5576090851
973.8952248529
1112.6953959966
821.5657690484
938.2244187934
2157.1564422026
1043.8400853274
244.0836217390
203.9322163310
180.0848143704
166.5185839959
103.2289827322
103.4820258370
105.8244092246
110.3139319395
117.5102970039
128.5326048545
395.9956029041
452.1423641444
256.8469929251
361.1900249448
429.5732806724
695.3516738763
160.5705548912
157.1806151167
156.4796738229
159.9727012933
168.8026766080
184.4218651263
338.7684713575
1715.9783278968
1224.1997335297
872.6897542200
1150.8342682427
1302.1723790143
1237.0710162470
168.2790530485
139.0297814635
121.2082767395
110.9043442265
105.4262503144
92.0055950822
93.1832501320
98.4705966490
108.0918153030
121.7357431487
227.2706963265
1006.4835742510
458.2701180972
590.3161103221
640.1575127088
966.8479077902
1389.6591936549
626.6081663550
960.8007434053
1451.4748087536
1090.4358595058
867.0972700024
1232.3512071851
858.5182270849
1023.7406537820
150.0868993061
120.8152742384
103.8641322217
95.1522276094
87.4769199232
88.1230095335
92.1959994410
99.6492992006
110.7764968942
126.7141892091
1047.5101594820
1006.4035523806
396.7118452901
910.0130317514
796.5174016953
682.2533907836
1363.2413371186
992.0654449072
955.5112611228
839.0890052705
1074.3603964167
1041.0171119653
1427.8648858835
167.5321458250
135.1669625063
112.5933401731
98.4567812467
90.6201491392
87.6450928591
88.3304431275
94.0154550221
105.2232152336
123.7561948397
1014.2385255663
1130.5352630929
553.7366537083
602.3116450900
980.0240226765
1009.3064330266
534.6929734508
1209.8607533045
1550.4537882952
156.6672518078
125.1933764571
104.2791827716
92.4848760807
92.9808857009
94.6922248753
105.9053291996
260.5337091561
884.2123225411
801.9106048653
1107.2275687600
1262.8182130035
943.0317069624
735.6365034203
120.5326840740
100.9400209125
105.3186886476
113.1964709169
653.1167539649
1497.8167797816
1181.3665975162
121.3258483343
128.1260854122
87.4769199232
2157.1564422026