0.0062418130
0.0060834060
0.0060871507
0.0062222908
0.0064866509
0.0068999295
0.0117064636
0.0084762077
0.0081523192
0.0089028874
0.0104463885
0.0075981304
0.0073967384
0.0072517665
0.0072605606
0.0074856939
0.0079974096
0.0089078512
0.0104031289
0.0185422522
0.0472691178
0.0596543613
0.0425126672
0.0434557122
0.1400783719
0.0559347282
0.0106812058
0.0085944209
0.0073478276
0.0066262771
0.0038201501
0.0038257747
0.0039160324
0.0040921698
0.0043758995
0.0048102392
0.0155279343
0.0182540044
0.0105374652
0.0142449820
0.0175701256
0.0277195265
0.0058638916
0.0057040947
0.0056631242
0.0057950107
0.0061443423
0.0067752494
0.0126636831
0.0659831186
0.0478630436
0.0338292735
0.0452148255
0.0490303102
0.0505690702
0.0065418806
0.0053293894
0.0045813368
0.0041472110
0.0039153449
0.0035214216
0.0035873104
0.0038371961
0.0042730506
0.0048352386
0.0086234359
0.0369110034
0.0175133480
0.0217993111
0.0237304668
0.0355904167
55.1187593136
0.0222541204
0.0340329426
0.0521507625
0.0392787779
0.0315331190
0.0444926882
0.0305864453
0.0376894838
0.0058561356
0.0046912518
0.0040003041
0.0036438268
0.0033915750
0.0034335922
0.0036187079
0.0039333051
0.0043622992
0.0049232410
0.0360952167
0.0352102677
0.0142660355
0.0315881203
0.0277792724
0.0237957917
0.0470473617
0.0342696831
0.0328888258
0.0289905518
0.0371915715
0.0355802899
0.0494264115
0.0064165286
0.0052295964
0.0043691146
0.0038163393
0.0035084390
0.0033922139
0.0034301191
0.0036558441
0.0040645559
0.0046945550
0.0338705439
0.0380563764
0.0187775238
0.0204676126
0.0328333640
0.0337282747
0.0182793764
0.0402086586
0.0517726460
0.0058898904
0.0047818171
0.0040142686
0.0035708591
0.0035582578
0.0036223101
0.0040111524
0.0090695828
0.0290982447
0.0265942393
0.0363320861
0.0413020493
0.0310926926
0.0243981820
0.0045392218
0.0038452836
0.0039548152
0.0042112571
0.0215619055
0.0484343116
0.0383531025
0.0045051345
0.0046955224
0.0033915750
55.1187593136