3.8674634533
3.7949249896
3.8115083744
3.9017852586
4.0659610496
4.3157561269
6.7886389963
5.1607686980
5.0641681209
5.4036230136
6.2411665863
4.7857720704
4.6743543149
4.5910676672
4.5944341089
4.7217799210
5.0124989789
5.5269436457
6.3629919959
11.0094147198
25.7903528660
31.2682051798
22.5079204230
24.2585020086
68.2099354906
28.9026751161
6.1901160860
5.0918015630
4.4376235003
4.0623388602
2.4478894657
2.4528003702
2.5089315668
2.6174102035
2.7916657172
3.0584221974
9.5464925074
11.0195782335
6.3170222042
8.7319195474
10.5317028974
16.8538679069
3.7859291054
3.6985780300
3.6791597155
3.7628260149
3.9771350949
4.3587873410
8.0389259891
41.0298626425
29.4636449739
20.9487417619
27.7456220650
30.9229300426
30.2609071546
4.0638823719
3.3405466599
2.8972162168
2.6403536824
2.5034401718
2.2116574581
2.2450799134
2.3838805022
2.6318435549
2.9695454888
5.4356078536
23.7014183369
10.9555922377
13.9415949056
15.1318039258
22.7867756269
415.0414253500
14.6100782819
22.3760210923
33.9427369566
25.5354918508
20.3758730310
28.8803352873
20.0554582044
24.1399038549
3.6321156794
2.9194108764
2.5024474065
2.2876990210
2.1144729783
2.1343417571
2.2395937062
2.4262375902
2.6948463279
3.0664019718
24.2233662049
23.3659848024
9.3018929163
21.0814132965
18.4755615256
15.8279959831
31.5125749578
22.9473327196
22.0862386988
19.4251874985
24.8750651230
24.0307661773
33.0463739774
4.0273995609
3.2626405038
2.7215124919
2.3792264372
2.1890906327
2.1179829491
2.1375084405
2.2765584654
2.5417268174
2.9690391046
23.2664966081
25.9744173378
12.7638266618
13.8843950420
22.4942882000
23.1546528144
12.3551021474
27.7213884676
35.5523619846
3.7430739538
3.0090507828
2.5141677673
2.2326295184
2.2380158719
2.2791813233
2.5399294367
6.0644737103
20.2178973745
18.3675143540
25.2896175248
28.8215811505
21.5733834531
16.8619727405
2.8833236601
2.4251543126
2.5178487635
2.6973914634
14.9533477928
34.0910595982
26.9228401024
2.8885214014
3.0367949919
2.1144729783
415.0414253500