0.0057960820
0.0056446934
0.0056454251
0.0057691423
0.0060135123
0.0063967908
0.0109362661
0.0078799408
0.0075606170
0.0082799935
0.0097281503
0.0070384192
0.0068509161
0.0067168235
0.0067261842
0.0069370708
0.0074151163
0.0082654251
0.0096627344
0.0172390662
0.0443464779
0.0562100175
0.0400575400
0.0406366079
0.1330115020
0.0528052398
0.0099823939
0.0080159777
0.0068408009
0.0061598896
0.0035343788
0.0035392595
0.0036227266
0.0037858690
0.0040487553
0.0044510827
0.0143579674
0.0169071594
0.0097917222
0.0131863504
0.0162983446
0.0256376469
0.0054181039
0.0052697607
0.0052319232
0.0053542691
0.0056780236
0.0062628062
0.0116911996
0.0608727594
0.0442166278
0.0312497862
0.0417712625
0.0452236896
0.0468128612
0.0060655339
0.0049389549
0.0042431247
0.0038391045
0.0036231956
0.0032651336
0.0033274930
0.0035619081
0.0039697643
0.0044926002
0.0079775155
0.0340230275
0.0161771790
0.0201044269
0.0218818498
0.0327905965
33.2504821219
0.0205093640
0.0313460312
0.0480336097
0.0361970360
0.0290726729
0.0409875946
0.0282064085
0.0347497010
0.0054322216
0.0043517089
0.0037097933
0.0033785040
0.0031477355
0.0031878050
0.0033612012
0.0036545910
0.0040523757
0.0045693641
0.0332793806
0.0324454835
0.0131626616
0.0291050707
0.0256066109
0.0219298880
0.0433450358
0.0315854013
0.0303310212
0.0267372029
0.0342865416
0.0328244197
0.0455371237
0.0059482993
0.0048509934
0.0040539896
0.0035413072
0.0032556992
0.0031488096
0.0031847891
0.0033948076
0.0037730729
0.0043537523
0.0312528832
0.0351006248
0.0173312836
0.0188934315
0.0302986578
0.0311352719
0.0168779003
0.0371282619
0.0477547788
0.0054587166
0.0044349187
0.0037246510
0.0033139670
0.0033019607
0.0033616162
0.0037210093
0.0083891042
0.0268939839
0.0245559279
0.0335638192
0.0381581511
0.0287312100
0.0225521969
0.0042090284
0.0035673582
0.0036677902
0.0039044774
0.0199320840
0.0447766207
0.0354614618
0.0041763414
0.0043514406
0.0031477355
33.2504821219