2.0402190123
1.9992001865
2.0062626957
2.0528911511
2.1390010723
2.2707662648
3.6225965354
2.7319947841
2.6663557163
2.8619442824
3.3099764961
2.5146585376
2.4553003604
2.4113777408
2.4137237027
2.4821031291
2.6376332298
2.9128819596
3.3608643262
5.8305176223
13.9187951139
17.0873648292
12.2582070384
12.9803743484
38.1510683299
15.8167774753
3.3081438467
2.7095324958
2.3526763087
2.1474788867
1.2828951671
1.2852849232
1.3147389303
1.3718109545
1.4635485357
1.6039406835
5.0146810804
5.8032974516
3.3364209801
4.5905979526
5.5550562259
8.8616124097
1.9805254709
1.9340412281
1.9236449546
1.9676575169
2.0805680521
2.2818805518
4.2098478691
21.5019664101
15.4670984633
10.9925875474
14.5711206258
16.1837259035
15.9451178320
2.1396481490
1.7567227398
1.5215827142
1.3852429169
1.3125080072
1.1635815947
1.1820005407
1.2568675594
1.3899152745
1.5689410395
2.8543497401
12.3823867435
5.7444161880
7.2897079671
7.9118382506
11.9042834448
809.8556775538
7.6183263608
11.6638862990
17.7053592782
13.3259965652
10.6434042142
15.0758630520
10.4655326579
12.6161828086
1.9135656642
1.5377088717
1.3171913549
1.2035614798
1.1142310863
1.1254024742
1.1819472177
1.2813161348
1.4227824265
1.6164303042
12.6134692230
12.1746705420
4.8584452740
10.9797802438
9.6241144952
8.2467369628
16.4027025875
11.9476416451
11.4993272844
10.1193074382
12.9570643236
12.5131913973
17.2092565329
2.1184880205
1.7181132608
1.4337788345
1.2534638192
1.1532704455
1.1161114872
1.1269106326
1.2005070710
1.3394822678
1.5617843237
12.1024163780
13.5127017645
6.6456019314
7.2286943752
11.7000216778
12.0431309360
6.4374532014
14.4181337291
18.4881054211
1.9663949936
1.5831838844
1.3239124987
1.1761172239
1.1782638454
1.2000219024
1.3361271333
3.1663662223
10.5145918248
9.5535315718
13.1482849194
14.9828063361
11.2212780758
8.7747971626
1.5155027700
1.2761127484
1.3234250481
1.4167150369
7.7802035560
17.7160580997
13.9949370146
1.5166503221
1.5928730963
1.1142310863
809.8556775538