153.3549944310
151.1542479061
152.2045316467
155.9886135853
162.5584773350
172.3717897411
257.5715228259
201.3437451872
201.5405908771
210.6327115264
241.1657791812
192.0184022083
187.8662517380
184.6555744443
184.6898890465
189.4212884921
200.3130323048
219.5398672915
250.5658840428
426.9420938256
935.6635858241
1069.5114103119
789.5807987512
901.0699686659
2075.7154740887
1003.1803543366
234.5022267272
195.9167162424
172.9986543537
159.9602325817
99.1509702508
99.3935538087
101.6428131050
105.9542078900
112.8651666945
123.4501093168
380.2217791677
434.1269439838
246.6590649538
346.8189139175
412.4841090636
667.6155492345
154.2196769234
150.9666010894
150.2952753395
153.6508465603
162.1309256384
177.1299210694
325.3263133953
1647.5748276806
1175.3819539471
837.9147027959
1104.9638697441
1250.3457262607
1187.6990559193
161.6284742565
133.5374489166
116.4206008675
106.5237098951
101.2617912854
88.3760539658
89.5082614939
94.5889994415
103.8333339271
116.9395744988
218.2860009640
966.5122969590
440.0503827401
566.8706668253
614.7271496435
928.4106409331
1343.0605693876
601.7901143871
922.7314916663
1393.8841077265
1047.1958255737
832.7150445925
1183.4843715110
824.5607384620
983.0787577078
144.1599073753
116.0467398345
99.7656915228
91.3980300356
84.0289420222
84.6505783190
88.5644059070
95.7252561195
106.4140022728
121.7216362715
1006.1841959475
966.6048377719
381.0170713123
874.0672446668
765.0410199879
655.2871869976
1309.3946152281
952.8951290836
917.8169257970
805.9884956847
1031.9301802399
999.9979856515
1371.4620385419
160.9200306698
129.8338203128
108.1523839754
94.5744175312
87.0475147837
84.1921686287
84.8514828076
90.3134852781
101.0800890906
118.8825442118
974.3811524317
1086.0243972632
531.9586903265
578.6004074728
941.4784295889
969.6348150662
513.6613537993
1162.3389066646
1489.5032113602
150.4912930389
120.2580223775
100.1690465624
88.8404101167
89.3191557903
90.9640105874
101.7364086981
250.2884136192
849.5570344967
770.4354134088
1063.8187712431
1213.3091658381
906.0629769975
706.7874775539
115.7848359926
96.9640710099
101.1728490572
108.7418751248
627.5209708520
1439.1683029268
1135.0794974269
116.5499875879
123.0851570278
84.0289420222
2075.7154740887