0.0020811961
0.0020851287
0.0020969776
0.0021152092
0.0021387865
0.0021670128
0.0022127876
0.0022385517
0.0022620371
0.0022982267
0.0023249322
0.0023381528
0.0023637477
0.0023914032
0.0024212779
0.0024525341
0.0024834490
0.0025115760
0.0025340313
0.0025667306
0.0026672936
0.0027819111
0.0026070337
0.0024875910
0.0032713377
0.0023736722
0.0021886322
0.0021382125
0.0021052900
0.0020871471
0.0015014983
0.0015000320
0.0015100013
0.0015307914
0.0015623739
0.0016050240
0.0017008057
0.0017625089
0.0017889512
0.0018628621
0.0019201800
0.0020141240
0.0019740982
0.0020190835
0.0020632529
0.0021058365
0.0021451581
0.0021784941
0.0022350517
0.0025474141
0.0023969191
0.0022885437
0.0022549633
0.0022697713
0.0020190584
0.0017469871
0.0016567157
0.0015902458
0.0015443406
0.0015156371
0.0013088018
0.0013056773
0.0013256222
0.0013693549
0.0014395319
0.0015849772
0.0020194686
0.0018319868
0.0020254549
0.0021109502
0.0023193784
0.0002781874
0.0025937793
0.0029966560
0.0030803819
0.0030900115
0.0027779156
0.0029417308
0.0032784074
0.0021733260
0.0016382021
0.0014904882
0.0013944255
0.0013367841
0.0013002628
0.0012949103
0.0013194681
0.0013765410
0.0014733821
0.0016214130
0.0069486816
0.0040350593
0.0024148109
0.0048339143
0.0041156462
0.0039932414
0.0063685047
0.0056505670
0.0063845957
0.0061950016
0.0066168364
0.0085171258
0.0072506210
0.0020437903
0.0017390489
0.0015387421
0.0014123112
0.0013372168
0.0014409064
0.0014405843
0.0015137705
0.0016807864
0.0019865336
0.0185732183
0.0116878853
0.0088314152
0.0074427836
0.0151437472
0.0191658279
0.0084542829
0.0318392567
0.0233073164
0.0026004599
0.0020171813
0.0016890698
0.0015158677
0.0017812577
0.0018199320
0.0021030596
0.0056067114
0.0430920995
0.0260001243
0.0523596573
0.0702125663
0.0463717596
0.0364180487
0.0024794695
0.0019654862
0.0024747002
0.0028095955
0.0379122541
0.1370606564
0.1073781529
0.0031121452
0.0038135650
0.0002781874
0.1370606564