29.0381038138
28.5023496256
28.6313294022
29.3105171381
30.5419248159
32.4131816657
50.7817957575
38.6330926706
38.0172927868
40.4612405534
46.6967388721
35.9548817901
35.1254077329
34.5042244704
34.5295713503
35.4807962759
37.6517103948
41.4913269795
47.7268122390
82.4233052026
192.1531552875
230.8246982170
167.1884423552
180.9719919738
494.6608177462
215.2960672492
46.3163764281
38.1440329613
33.2767323097
30.4855862950
18.4059141731
18.4436194015
18.8650250503
19.6787939273
20.9857098256
22.9862659782
71.5820270883
82.5539407967
47.3143229773
65.4715452973
78.8709789700
126.2938654052
28.4774885205
27.8279017504
27.6854396674
28.3142329088
29.9208355910
32.7791125870
60.3910229803
307.7658616499
220.8905173072
157.1055557563
207.9674768407
232.1171184958
226.5437830008
30.4935955679
25.0813947063
21.7655134752
19.8445504213
18.8208392851
16.6076387496
16.8559551455
17.8911630489
19.7423015777
22.2690157887
40.8081869579
178.0846386879
82.1865626584
104.7293180658
113.6544971478
171.1882866752
787.7189437717
109.9569264881
168.4148924040
255.2748115326
192.0527437784
153.1951122494
217.1842390723
150.9399354740
181.3659711104
27.2481137897
21.9067924427
18.7847905544
17.1773764093
15.8697281625
16.0166353076
16.8024506501
18.1986904519
20.2130678527
23.0069636394
182.5944280390
175.9730954281
69.9690214472
158.8392840289
139.1805101927
119.2376610349
237.4957843113
172.9561920503
166.5136401740
146.4373556529
187.4854342803
181.2830575102
249.0560890723
30.2373056603
24.4858219069
20.4227039765
17.8554024540
16.4298731574
15.8974101251
16.0424470910
17.0852068628
19.0790302634
22.3002534534
175.7582899578
196.0957152030
96.3380082065
104.7792254432
169.8805805004
174.9084274096
93.2311051669
209.5045448808
268.5388369921
28.1283477024
22.5967597331
18.8742453914
16.7589684611
16.8068219711
17.1164959909
19.0821754150
45.7303686513
152.9182213821
138.8490744238
191.2983183966
218.0603078250
163.1647178227
127.4971860238
21.6677204290
18.2154212231
18.9245839073
20.2822782321
113.0961241500
258.1516432177
203.8257332620
21.7217874217
22.8509562473
15.8697281625
787.7189437717