5.0989255811
5.0038148128
5.0257482445
5.1444820247
5.3602849231
5.6885141214
8.9296230493
6.7993090899
6.6715831517
7.1186457237
8.2130503251
6.3089143496
6.1635655877
6.0549614465
6.0598742439
6.2273687751
6.6091415435
7.2842012443
8.3804902955
14.4615233163
33.8307480557
41.0269511992
29.5413636323
31.7810448776
89.6711993192
37.9356730246
8.1474357697
6.7059095775
5.8472526306
5.3546685520
3.2292933841
3.2357352027
3.3095513750
3.4522344839
3.6814361468
4.0322510852
12.5412972729
14.4616889250
8.2967388939
11.4716297502
13.8201117820
22.1179393517
4.9942314909
4.8805668948
4.8558039458
4.9662651359
5.2482067962
5.7496818259
10.5880298569
53.9175998976
38.6994622642
27.5319709237
36.4373207632
40.6820339821
39.6753365476
5.3533454693
4.4027720134
3.8200676853
3.4823873188
3.3023588706
2.9163884223
2.9602788341
3.1427828517
3.4689690864
3.9135641541
7.1642555032
31.2238241926
14.4117717966
18.3649481705
19.9252186366
30.0051222607
432.9886807784
19.2819879081
29.5312497326
44.7533050330
33.6738851425
26.8615673871
38.0822895928
26.4750670366
31.7969244486
4.7852531565
3.8474526500
3.2989555209
3.0164608669
2.7880386460
2.8141470871
2.9527059732
3.1986094032
3.5529074160
4.0436509420
32.0288733019
30.8653568179
12.2760034987
27.8575923392
24.4101221148
20.9125274473
41.6484138399
30.3339855171
29.2026457407
25.6849053008
32.8826226745
31.7970991486
43.6804048381
5.3096769214
4.3006623209
3.5874995953
3.1366784378
2.8863131245
2.7932308405
2.8190079569
3.0025410455
3.3529388848
3.9183547038
30.8274418728
34.3950432095
16.9000294581
18.3794151717
29.7947195812
30.6757882540
16.3540183185
36.7420729534
47.0947815160
4.9391213037
3.9688634224
3.3156486035
2.9443628931
2.9527834279
3.0073957436
3.3525705244
8.0257784673
26.8180254453
24.3528007126
33.5471621396
38.2380564868
28.6146770907
22.3607281868
3.8054561995
3.1998407803
3.3241119461
3.5624018166
19.8355648923
45.2625068946
35.7383382758
3.8146049211
4.0125062047
2.7880386460
432.9886807784