0.3648966888
0.3570178642
0.3578418132
0.3657804221
0.3807635395
0.4038568588
0.6523528312
0.4887201577
0.4735684795
0.5124982509
0.5922317555
0.4465210757
0.4363284159
0.4289775630
0.4297836550
0.4422163613
0.4700390335
0.5190639260
0.5987622135
1.0288538644
2.5117941646
3.1383972930
2.2499252442
2.3094485864
7.2451918570
2.9183187126
0.5977330096
0.4880768228
0.4225984342
0.3848186812
0.2279221750
0.2282800071
0.2334234939
0.2434404078
0.2595537563
0.2841711121
0.8696039395
1.0076736145
0.5885887769
0.7993032350
0.9694276941
1.5313514087
0.3504235476
0.3426341792
0.3411126272
0.3490244684
0.3688961419
0.4041137788
0.7366767053
3.7096421604
2.6727286547
1.9043690900
2.5160743964
2.8018786180
2.7514560237
0.3795255993
0.3120088722
0.2703751499
0.2461752231
0.2332301933
0.2075358157
0.2109627126
0.2245812838
0.2486484149
0.2805625437
0.5041803427
2.1549071798
0.9988128499
1.2706532255
1.3763045401
2.0670924236
77.4823801158
1.3386856094
2.0470582683
3.0895639486
2.3315214239
1.8624899242
2.6366344066
1.8458906365
2.1956051099
0.3402012091
0.2738276789
0.2347493336
0.2145847269
0.1992171781
0.2013544864
0.2116446587
0.2295647678
0.2548082814
0.2890467638
2.2431165241
2.1499416025
0.8571300587
1.9445134096
1.7022181785
1.4595241576
2.9041382650
2.1196763719
2.0461637557
1.8027222442
2.3021965727
2.2408079793
3.0510931180
0.3773243058
0.3062943976
0.2558692869
0.2238628508
0.2060841671
0.1998720280
0.2019364721
0.2152368993
0.2401531218
0.2798857706
2.1884839045
2.4272764921
1.1974258128
1.2984906817
2.1090218037
2.1757223578
1.1588109706
2.6153986674
3.3360320086
0.3516693254
0.2830679240
0.2368139033
0.2104945073
0.2113188967
0.2153493999
0.2399135234
0.5717862648
1.9210214337
1.7372546211
2.4011076427
2.7412073406
2.0491860866
1.6021755002
0.2717468310
0.2287782626
0.2377986143
0.2548173747
1.4234557847
3.2630379819
2.5762526760
0.2726539474
0.2869215177
0.1992171781
77.4823801158