253.5953827086
250.8213973706
253.0222655107
259.4669505568
270.2907876869
286.2264765922
409.0745717024
329.7522521720
333.2911995187
344.0420108527
390.2147198815
319.9919335766
313.6820371053
308.6794744712
308.7054274752
316.1042738039
333.1441064231
363.0816308431
410.9931320322
686.1767229210
1417.2672742048
1572.4958624464
1168.7892624835
1388.0102819922
2849.6065562649
1459.4844826645
372.9265752783
315.8996806750
282.1075940088
263.0302446842
166.7141386952
167.1582981027
170.8688500073
177.9493293378
189.2833176900
206.6397678957
622.6530545454
703.0957993226
398.5104361899
567.1361784584
665.3284097787
1085.3239700164
260.1772000901
255.2938581461
254.4416712623
260.0650981935
273.9720406403
298.3438234882
543.4206893270
2715.9537095784
1926.0097654252
1378.4938651433
1807.0585144844
2079.1744539190
1911.6706780570
267.2434301223
221.9344628730
194.4224969444
178.5254059355
170.0802808162
147.1216343011
148.7311586506
156.5591704407
171.0554109413
192.3400180859
363.9096668209
1624.1195716504
728.7653149996
950.6496073055
1028.9142973107
1556.9567414815
1475.4407954071
1023.8220977456
1570.7784779022
2359.0534690762
1771.6207040924
1404.4779030420
2000.8786224125
1402.4514095811
1649.5607778305
238.2242908682
192.1707902842
165.7057953266
152.1154667471
139.3739951913
140.1886127317
146.3297905689
157.8848711091
175.6745389688
201.8690116436
1731.6475370875
1654.0329527119
646.3433487169
1499.8412585337
1310.5778583590
1122.6701134257
2250.3732392048
1637.8451795106
1579.9914212377
1386.0852086452
1773.0826926192
1726.7075117615
2355.6589967718
267.7484364760
215.3349604298
179.2454700517
156.8355746237
144.4329023691
139.7879502003
140.7486221421
149.7683815223
168.0274877139
198.8396140766
1696.3808461075
1884.6538717773
921.5580221248
1001.2592566146
1636.6580722497
1687.2243575330
887.5394614677
2026.7151672569
2592.2288598856
252.1734924207
200.4597626582
166.5621886162
147.6026493400
148.9170742857
151.7102106025
170.2739027058
430.4176999821
1486.7687960581
1344.7073680341
1863.0733286017
2127.1733602137
1584.6329453969
1234.1203223027
194.0267056108
161.8826164378
169.7940830526
183.0960292415
1097.4059980205
2532.8322267221
1995.4044488534
196.3053558246
208.2645771460
139.3739951913
2849.6065562649