10.1658560295
9.9744048086
10.0143781205
10.2453867640
10.6674041064
11.3100854335
17.7203890854
13.5231792193
13.2386405717
14.1642082652
16.2851622157
12.5411590594
12.2645890207
12.0603478746
12.0770021460
12.4105783457
13.1623950045
14.4864638898
16.6314383840
28.3855641604
66.6740700804
81.3258640012
58.6893318941
62.1247495103
179.5523856598
75.4025997878
16.2141657609
13.3569536036
11.6536172195
10.6752371174
6.4361741510
6.4481754182
6.5929646612
6.8734247803
7.3239995828
8.0128041863
24.4426616452
28.1345547075
16.2954015889
22.4094475677
26.9455140154
42.9376408666
9.9353176277
9.7231391419
9.6825181411
9.9041889484
10.4591022828
11.4399619228
20.8574562212
104.8780242502
75.2506402655
53.6741812829
70.7856591593
79.4720582757
76.7647357080
10.6129404751
8.7471854533
7.6011358960
6.9359870384
6.5808056218
5.8127517019
5.9003792520
6.2632267520
6.9111694792
7.7912769605
14.1880579564
61.3562078422
28.2029400802
36.1086196607
39.1081550630
58.8544717157
369.2773716696
38.2545144567
58.5500162955
88.2646212536
66.5193419578
53.0302400870
75.1979170114
52.6505959508
62.4636682938
9.4994493297
7.6501313491
6.5679407550
6.0102010686
5.5607636703
5.6134564597
5.8898751949
6.3799921674
7.0857190790
8.0638135876
64.2434096392
61.5253326558
24.3983649415
55.6840842594
48.7234605408
41.7667908877
83.2697824622
60.7306009224
58.6113659426
51.5773207618
65.8969567326
64.1453770416
87.3942808843
10.5710835496
8.5607402914
7.1448111638
6.2510883476
5.7550938686
5.5784058858
5.6310373845
5.9992604436
6.7029016960
7.8421350478
62.7474897718
69.6233411268
34.2646116294
37.1757266389
60.4894625656
62.3892014965
33.1164528212
74.9781286980
95.7141360781
9.8782234352
7.9258158111
6.6191226220
5.8788675220
5.9090852616
6.0211899563
6.7205667210
16.2641179809
55.0525202150
49.7894557254
68.8591396228
78.6153286978
58.7157621686
45.8555536580
7.6244923508
6.4040829009
6.6717836053
7.1607273632
40.7505205466
93.5840199719
73.8448602014
7.6661548898
8.0841361940
5.5607636703
369.2773716696