14.9268614740
14.6418287814
14.7033651138
15.0511860319
15.6858467929
16.6528101591
26.3121943023
19.9018324360
19.5519391579
20.8498171475
24.1199875142
18.4598541489
18.0253069075
17.7008019475
17.7132356024
18.2071376435
19.3355413909
21.3336256920
24.5834825409
42.6559225060
100.2927467038
121.0442447183
87.4773860070
94.3881449800
261.1521824114
113.0649771204
23.9829422423
19.7019581233
17.1517277477
15.6880171245
9.4300580910
9.4490416515
9.6660679395
10.0854689573
10.7592216427
11.7907785989
36.9412151324
42.6973420850
24.4636483625
33.7898614677
40.8161208037
65.2891399074
14.5830350598
14.2414663638
14.1640368490
14.4861729351
15.3143403673
16.7911511850
31.0182543601
158.6766795774
114.0146994545
81.0131592558
107.3930425931
119.4333079197
117.3590552168
15.6835875850
12.8843226465
11.1685683817
10.1746237080
9.6449323762
8.5255882832
8.6559195973
9.1941982819
10.1544072161
11.4584305941
20.9580786450
91.3946416938
42.3138379551
53.7667723949
58.3782698313
87.9041887840
689.1826622325
56.2337078627
86.1270464188
130.7725620354
98.3716941975
78.5233558250
111.2681987024
77.1789305636
93.1057636314
14.0138717401
11.2604072826
9.6487899510
8.8189096116
8.1520729467
8.2297251427
8.6371136374
9.3578696188
10.3922452548
11.8191362513
93.0454347420
89.8441607163
35.7991808596
81.0227638740
71.0293145059
60.8477414923
121.0991840941
88.1739923338
84.8388963259
74.6214718906
95.5795994093
92.2488214339
127.0010382279
15.5260333217
12.5808597160
10.4941691229
9.1733074467
8.4395668618
8.1636222942
8.2393533585
8.7750693794
9.7941561352
11.4330115891
89.1820509934
99.6381613029
48.9586195126
53.2760676265
86.2539186721
88.7687380337
47.4125508564
106.2329083333
136.2966236702
14.4159740615
11.5949274522
9.6898975992
8.6051976629
8.6218018592
8.7796503139
9.7799191654
23.2797116240
77.4189036337
70.3742723231
96.8346748340
110.3325383792
82.6230963877
64.5902683172
11.1026544113
9.3417819640
9.6924171022
10.3792922372
57.2601136410
130.4083301721
103.0014242205
11.1152675624
11.6789353553
8.1520729467
689.1826622325