1.4022936722
1.3756784252
1.3810251531
1.4127383699
1.4707930032
1.5592615039
2.4444951341
1.8698198082
1.8246157090
1.9575782299
2.2478009360
1.7288499731
1.6909279600
1.6629695663
1.6654038305
1.7114792039
1.8151798350
1.9977355763
2.2933904197
3.9075997590
9.2041616018
11.3382637422
8.1326881614
8.5434996382
25.5403664877
10.4081604607
2.2389671850
1.8438130076
1.6082106625
1.4728388126
0.8873696235
0.8889755827
0.9088877713
0.9474975216
1.0095409946
1.1043746515
3.3618188546
3.8666856068
2.2407681079
3.0818692239
3.7028397713
5.9011650199
1.3693845274
1.3403356189
1.3348519382
1.3654540967
1.4419279624
1.5770266367
2.8734130795
14.4303101912
10.3507856111
7.3866636557
9.7361780046
10.9444331661
10.5459949528
1.4634867200
1.2062647893
1.0481780897
0.9563953529
0.9073629099
0.8019654905
0.8141203063
0.8643435531
0.9540020948
1.0756513721
1.9575581682
8.4567592680
3.8852816358
4.9768001632
5.3884248618
8.1085837537
194.9268884917
5.2751986558
8.0738721054
12.1673290961
9.1698595078
7.3100332031
10.3669225514
7.2615878767
8.6083840461
1.3104106381
1.0554340499
0.9061550091
0.8291974012
0.7674757230
0.7748227241
0.8130984216
0.8809080400
0.9784620782
1.1135546955
8.8642094042
8.4878207504
3.3659536052
7.6819036229
6.7212300614
5.7612497685
11.4863513134
8.3773766803
8.0854787362
7.1147783732
9.0905043770
8.8492136214
12.0559076441
1.4583652103
1.1811799005
0.9859322280
0.8626671528
0.7942537338
0.7700127555
0.7773601741
0.8282933998
0.9255159488
1.0827999840
8.6569134294
9.6061339277
4.7275620562
5.1290501714
8.3448049706
8.6066039032
4.5686253159
10.3425102530
13.2040839761
1.3629361709
1.0937005568
0.9135029039
0.8114177709
0.8156594395
0.8312140910
0.9277982949
2.2443048964
7.5934793943
6.8680891636
9.4974764793
10.8423874283
8.0982126866
6.3245939594
1.0521730541
0.8838841296
0.9208559607
0.9883754366
5.6205308018
12.9045109890
10.1826370341
1.0579376154
1.1156239861
0.7674757230
194.9268884917