4.0200262161
3.9448519357
3.9615270385
4.0541073976
4.2227070682
4.4792440639
7.0191748607
5.3606349068
5.2478024513
5.6115074660
6.4588831009
4.9676762530
4.8557285727
4.7724678669
4.7775917248
4.9094779360
5.2085498364
5.7363741419
6.5924471145
11.3117842147
26.5029589764
32.3608644115
23.2481510824
24.7764771797
71.6688740657
29.7951461805
6.4155028889
5.2832279851
4.6085454437
4.2213035045
2.5462865955
2.5511825276
2.6089161494
2.7206452308
2.9001441009
3.1747298891
9.7831731711
11.2658937867
6.4879079525
8.9561566197
10.7731627318
17.2185040992
3.9347713688
3.8479485480
3.8300816469
3.9174638566
4.1384598457
4.5303646957
8.3049902936
42.0415773447
30.1626666702
21.4875868397
28.3862332325
31.7939686371
30.8328350903
4.2104904548
3.4663944211
3.0098106902
2.7450187325
2.6037325561
2.2997027431
2.3343041258
2.4780191289
2.7348520044
3.0845373052
5.6349568444
24.4758458381
11.2719481839
14.3974805715
15.6075725945
23.4986753992
337.5256034660
15.1804697705
23.2441198343
35.1402737156
26.4570339792
21.0985405938
29.9165029772
20.8648036771
24.9201389049
3.7662650029
3.0304908073
2.6000473539
2.3782672625
2.1992635792
2.2199639782
2.3292897963
2.5232918045
2.8028449956
3.1902990882
25.3437149762
24.3556831547
9.6731491623
22.0089022566
19.2726653048
16.5143665662
32.9073751853
23.9786407803
23.1120254902
20.3307942571
26.0066162625
25.2188516660
34.5225204772
4.1847957640
3.3892563213
2.8279306362
2.4733473551
2.2764823006
2.2047299611
2.2253128993
2.3705665993
2.6480425068
3.0964959582
24.5486581178
27.3238638238
13.4336286791
14.5952876594
23.7000111313
24.4180546330
12.9925405049
29.2899915600
37.4752810006
3.9009174408
3.1324656408
2.6165432546
2.3237503451
2.3328683341
2.3765950028
2.6510014194
6.3778394830
21.4334364522
19.4291348386
26.8100665925
30.5805857507
22.8629650842
17.8628619677
3.0080312266
2.5281085530
2.6297626906
2.8202970744
15.8573049407
36.2850447127
28.6416013910
3.0194792306
3.1798164071
2.1992635792
337.5256034660