367.3333375963
366.5683304735
371.5209835712
381.5991905659
397.1886140763
419.2650940908
528.5103293931
471.5925420401
482.8236782782
488.7016542555
534.5659688051
473.1307723678
466.0646114866
459.9004556852
459.7571653413
468.8687509848
489.9835873117
526.5642412374
583.5084465577
919.5041172916
1589.4166839234
1655.5677734528
1220.4956410414
1603.5068843858
2541.0347627520
1335.5405127268
484.8483989805
427.4509828265
393.7970799612
375.4322715942
251.9993425060
252.7818224580
258.1273521424
268.2292650707
284.3537632575
309.0382498824
885.0629251072
965.1355130864
537.7860955442
800.0816503104
898.6956098199
1511.1986230468
396.7269722743
391.4112122112
391.0547625234
399.4749752706
419.3011394504
453.2582047490
812.8508217514
3945.3397964744
2748.5861780531
1988.9198651915
2567.5597865811
3090.3908994946
2588.1200163771
388.4018602695
326.5378867505
289.3218409470
267.8516638719
256.4666370531
217.3313784967
218.7598213661
228.1731761020
246.5771538495
276.3317190944
542.2687940643
2474.8485473267
1070.9681052642
1440.4248751089
1551.9153906281
2360.9130901084
262.8918430823
1599.5141710936
2458.3139485190
3650.4866745354
2735.6569369422
2153.4242755974
3086.1623257318
2186.5286734186
2504.2708951687
345.8575591226
280.3756463938
243.4886043762
224.5850780902
204.0895709791
204.5426264779
212.3549883068
228.2378891693
254.6523633031
296.0685406682
2764.0328201919
2614.1203601615
1002.5979051783
2381.9223845320
2074.7660828310
1777.0301452921
3585.8515370498
2608.3281677132
2521.6201235806
2206.2058014046
2819.5458486591
2766.9202727472
3746.7189430456
395.0932864817
315.3006255719
261.9846826840
229.5530459241
211.6764533375
205.1421462819
206.1112027294
219.2327045611
247.4623667809
297.1800148003
2756.8470786234
3049.7079565803
1484.2295322459
1610.6170677284
2654.1256432579
2739.3103850748
1421.5265732754
3299.4267017041
4211.7780394579
377.9445442850
296.8617096619
245.2597834795
216.9329085294
220.5915294424
224.9378976218
254.5584799177
682.0212472404
2432.8541029414
2192.0708818103
3053.2316685528
3491.1550805733
2589.4723090332
2009.9958700414
290.6848285234
240.5157212261
255.2110102952
277.2514434291
1792.0364801719
4179.4289178976
3285.4683471244
297.3466666347
318.5918815330
204.0895709791
4211.7780394579