0.2467362556
0.2412434087
0.2416540776
0.2468736451
0.2568342949
0.2722414652
0.4425869866
0.3296875138
0.3189903814
0.3459496615
0.4004195195
0.3006467058
0.2938962809
0.2891215341
0.2898239183
0.2983001984
0.3170734420
0.3500636913
0.4036870402
0.6910791516
1.7038513082
2.1373442624
1.5354902280
1.5632854885
4.9586380782
2.0030831995
0.4057746588
0.3309646414
0.2862559511
0.2604172241
0.1536634568
0.1538829639
0.1573119936
0.1640040513
0.1747678521
0.1911909835
0.5765060791
0.6705789051
0.3964308492
0.5321506868
0.6479673415
1.0141759196
0.2354456465
0.2303993157
0.2295317004
0.2349057849
0.2481871794
0.2716205606
0.4899403463
2.4408295105
1.7641058835
1.2579892758
1.6599582135
1.8439879050
1.8221295988
0.2552915129
0.2101253228
0.1822065260
0.1659537928
0.1572463823
0.1401782537
0.1425234956
0.1517673662
0.1680582537
0.1894996067
0.3369244761
1.4214281483
0.6605990675
0.8401766123
0.9090867930
1.3624683814
46.8365860282
0.8902564225
1.3595339244
2.0419554772
1.5453431819
1.2348641371
1.7462842425
1.2319532079
1.4486815231
0.2291661564
0.1847041344
0.1584641833
0.1449076644
0.1347580721
0.1362348351
0.1432248742
0.1553507526
0.1723453491
0.1952873210
1.5086537766
1.4357334533
0.5721495183
1.3026270644
1.1389320661
0.9773117650
1.9451081214
1.4229489419
1.3778617514
1.2156571535
1.5478685634
1.5195907165
2.0460928699
0.2545916536
0.2067949297
0.1728779415
0.1513363997
0.1393676405
0.1353909853
0.1368181674
0.1458494019
0.1627246097
0.1896369218
1.5004029606
1.6512700780
0.8175485176
0.8834177607
1.4410074128
1.4904331608
0.7905350888
1.8001197061
2.2819303142
0.2382507496
0.1916513453
0.1603439844
0.1425548951
0.1433951877
0.1461713634
0.1629450062
0.3911908685
1.3333181024
1.1989566503
1.6659048217
1.9062907512
1.4220241887
1.1113771855
0.1845361750
0.1552483491
0.1617581397
0.1735117825
0.9897357529
2.2871649009
1.8047450797
0.1856699106
0.1958109945
0.1347580721
46.8365860282