0.0006385697
0.0006214471
0.0006212931
0.0006348316
0.0006617787
0.0007041588
0.0012139631
0.0008693718
0.0008330071
0.0009139294
0.0010763079
0.0007740873
0.0007530841
0.0007381142
0.0007391521
0.0007626142
0.0008158071
0.0009105031
0.0010663415
0.0019115597
0.0049546962
0.0062910050
0.0044811534
0.0045389664
0.0149263149
0.0059248029
0.0011075124
0.0008873369
0.0007557284
0.0006794208
0.0003879564
0.0003884750
0.0003976777
0.0004156766
0.0004446831
0.0004890752
0.0015857221
0.0018724929
0.0010848922
0.0014568393
0.0018070491
0.0028382878
0.0005940359
0.0005773947
0.0005730826
0.0005865180
0.0006222366
0.0006868782
0.0012838308
0.0067052755
0.0048801903
0.0034449118
0.0046132781
0.0049658980
0.0051921947
0.0006682288
0.0005435305
0.0004664678
0.0004217188
0.0003978027
0.0003592212
0.0003662187
0.0003923243
0.0004376373
0.0004953961
0.0008762033
0.0037248606
0.0017798375
0.0022038806
0.0023996037
0.0035935500
3.7118960960
0.0022384064
0.0034204636
0.0052495235
0.0039586077
0.0031826536
0.0044832727
0.0030791858
0.0038064181
0.0005985244
0.0004792959
0.0004083455
0.0003717178
0.0003466009
0.0003511148
0.0003703733
0.0004028201
0.0004465453
0.0005029716
0.0036231247
0.0035355841
0.0014386696
0.0031716726
0.0027898765
0.0023901115
0.0047187410
0.0034379724
0.0033024597
0.0029141446
0.0037355805
0.0035755280
0.0049599363
0.0006544332
0.0005341293
0.0004464674
0.0003899635
0.0003584690
0.0003466887
0.0003507069
0.0003738378
0.0004152582
0.0004784975
0.0034032329
0.0038192169
0.0018884408
0.0020572059
0.0032978360
0.0033900603
0.0018399571
0.0040432529
0.0051976775
0.0005998560
0.0004879034
0.0004099799
0.0003648329
0.0003633034
0.0003698303
0.0004090627
0.0009166670
0.0029318753
0.0026762958
0.0036573208
0.0041600218
0.0031328954
0.0024599074
0.0004626624
0.0003924109
0.0004030983
0.0004288261
0.0021745384
0.0048853366
0.0038693236
0.0004586984
0.0004775505
0.0003466009
3.7118960960