0.0055604162
0.0054215752
0.0054261994
0.0055472169
0.0057828383
0.0061505817
0.0103873683
0.0075446201
0.0072641114
0.0079220486
0.0092870213
0.0067762836
0.0065978837
0.0064690907
0.0064765327
0.0066758576
0.0071292811
0.0079358882
0.0092599118
0.0164802901
0.0418032179
0.0526175683
0.0375288844
0.0384757832
0.1232707779
0.0493067934
0.0094775204
0.0076356545
0.0065355457
0.0058990854
0.0034104407
0.0034155809
0.0034960288
0.0036529324
0.0039056452
0.0042925117
0.0138352124
0.0162418618
0.0093703175
0.0126923506
0.0156325326
0.0246863013
0.0052380031
0.0050964578
0.0050603018
0.0051778819
0.0054889356
0.0060503490
0.0113034314
0.0588223527
0.0426337206
0.0301528516
0.0402583023
0.0437375732
0.0449671457
0.0058295495
0.0047515329
0.0040867319
0.0037009676
0.0034949594
0.0031398081
0.0031978919
0.0034192092
0.0038057640
0.0043058920
0.0076910505
0.0329765404
0.0156199236
0.0194701581
0.0211895022
0.0317946831
53.7879792274
0.0198935740
0.0304388862
0.0466279579
0.0351069473
0.0281793656
0.0397581638
0.0273399668
0.0336861712
0.0052178751
0.0041806631
0.0035659743
0.0032488831
0.0030226009
0.0030595103
0.0032236458
0.0035032668
0.0038857852
0.0043877124
0.0323278521
0.0315023984
0.0127497316
0.0282732754
0.0248581028
0.0212966536
0.0421294137
0.0306762264
0.0294337247
0.0259517001
0.0332842414
0.0318582168
0.0442556170
0.0057210220
0.0046610219
0.0038936714
0.0034011841
0.0031269118
0.0030233499
0.0030567796
0.0032578140
0.0036229665
0.0041873796
0.0303545913
0.0341002494
0.0168201543
0.0183390176
0.0294295120
0.0302392624
0.0163673610
0.0360496687
0.0463911810
0.0052549097
0.0042638647
0.0035784515
0.0031828445
0.0031726276
0.0032298022
0.0035778431
0.0081173025
0.0261017779
0.0238384386
0.0325894302
0.0370506330
0.0278813818
0.0218658851
0.0040496152
0.0034291034
0.0035286385
0.0037587573
0.0193347713
0.0434682859
0.0344179457
0.0040213028
0.0041933090
0.0030226009
53.7879792274