0.7338580708
0.7190746230
0.7216373316
0.7384761662
0.7695656854
0.8171414208
1.3053388009
0.9819139034
0.9599923192
1.0289694032
1.1915170126
0.9048706781
0.8832980350
0.8673064275
0.8680546230
0.8926776250
0.9488022208
1.0482107743
1.2101014532
2.1048664175
5.0239225714
6.1337191236
4.4149229296
4.6954756114
13.5604469220
5.7108393499
1.1912295760
0.9752771011
0.8465505650
0.7725383888
0.4612694133
0.4621451565
0.4727773432
0.4933669709
0.5264608085
0.5771186677
1.8119634725
2.0985362718
1.2046223760
1.6582265812
2.0083159361
3.2053093430
0.7123525665
0.6953977316
0.6915182975
0.7073193710
0.7480289534
0.8207121245
1.5171736915
7.7707593699
5.5905817315
3.9709506740
5.2680733069
5.8419622094
5.7723332982
0.7702415393
0.6320899643
0.5472922850
0.4981417055
0.4719311609
0.4183613423
0.4249982236
0.4519556246
0.4998505143
0.5642899117
1.0273933575
4.4633447398
2.0728551772
2.6274005566
2.8529514447
4.2930651773
231.0829308842
2.7407215012
4.1963754398
6.3770154102
4.7985830478
3.8333220827
5.4287579610
3.7634403577
4.5483087184
0.6886057256
0.5531538100
0.4736925366
0.4327577587
0.4005493086
0.4045664758
0.4249025299
0.4606270001
0.5114591745
0.5809943390
4.5270224290
4.3750749080
1.7470081758
3.9435003879
3.4580744790
2.9623788833
5.8911366083
4.2899396534
4.1270576539
3.6313250184
4.6514338191
4.4862699605
6.1799359538
0.7618438081
0.6178888290
0.5155737819
0.4506684177
0.4146017169
0.4011039719
0.4049709311
0.4313878402
0.4812415436
0.5609149577
4.3308539874
4.8405805862
2.3802128024
2.5901716795
4.1892322682
4.3106277937
2.3063221234
5.1572854310
6.6180202582
0.7064581765
0.5689651931
0.4758194772
0.4226860482
0.4232491905
0.4310165732
0.4797549446
1.1343229459
3.7565647242
3.4162267217
4.6972607226
5.3511492196
4.0094110801
3.1356991984
0.5442605164
0.4583912117
0.4750934078
0.5084088353
2.7792437345
6.3205403438
4.9934533723
0.5443189822
0.5713637788
0.4005493086
231.0829308842