0.0024758251
0.0024090814
0.0024083738
0.0024609501
0.0025657120
0.0027305513
0.0047157809
0.0033732844
0.0032316176
0.0035461422
0.0041783847
0.0030014329
0.0029194929
0.0028610499
0.0028649079
0.0029560618
0.0031629545
0.0035314546
0.0041380917
0.0074348238
0.0192765198
0.0244589214
0.0174290585
0.0176460956
0.0580335206
0.0230769377
0.0043018165
0.0034444927
0.0029320515
0.0026349246
0.0015028947
0.0015049093
0.0015406635
0.0016105977
0.0017233252
0.0018959011
0.0061700816
0.0072846880
0.0042159814
0.0056691033
0.0070288255
0.0110206604
0.0023020244
0.0022369478
0.0022198836
0.0022719542
0.0024107457
0.0026621501
0.0049933094
0.0261044818
0.0189925868
0.0134075368
0.0179508041
0.0193326125
0.0202659726
0.0025926498
0.0021076997
0.0018080642
0.0016341088
0.0015411570
0.0013920855
0.0014193323
0.0015208356
0.0016969654
0.0019213409
0.0033999067
0.0144868297
0.0069184967
0.0085669267
0.0093294316
0.0139908446
12.1028270758
0.0086908085
0.0132859355
0.0203814591
0.0153840538
0.0123656193
0.0174161817
0.0119503977
0.0147949949
0.0023216097
0.0018584676
0.0015828472
0.0014405856
0.0013431413
0.0013607246
0.0014355336
0.0015614730
0.0017310110
0.0019495169
0.0140139109
0.0137155454
0.0055821951
0.0122898909
0.0108106505
0.0092603045
0.0182961269
0.0133212203
0.0127813599
0.0112758087
0.0144576587
0.0138139572
0.0192064543
0.0025366072
0.0020705034
0.0017305531
0.0015113410
0.0013891524
0.0013430304
0.0013586389
0.0014482409
0.0016084514
0.0018526247
0.0130975535
0.0147440502
0.0072862733
0.0079416194
0.0127087031
0.0130564983
0.0071014721
0.0155468193
0.0200201003
0.0023222090
0.0018897075
0.0015881553
0.0014133014
0.0014065143
0.0014316827
0.0015829811
0.0035317557
0.0112504086
0.0102838053
0.0140289596
0.0159366109
0.0120243261
0.0094398490
0.0017902464
0.0015190321
0.0015590717
0.0016578494
0.0083404051
0.0186687251
0.0147969039
0.0017732223
0.0018445936
0.0013430304
12.1028270758