26.9336093402
26.4390681576
26.5594033204
27.1887809384
28.3291067806
30.0613750794
47.0267321294
35.8334844091
35.2481965710
37.5239914683
43.2736408424
33.3495477917
32.5849080336
32.0123609889
32.0371901980
32.9180249980
34.9265812400
38.4775003562
44.2416993698
76.2857217876
177.6633698762
213.7317067829
154.6693274281
167.2065487894
459.2666027175
198.9207931844
42.9063141740
35.3512200700
30.8515091080
28.2713328830
17.0807833690
17.1156340406
17.5059272694
18.2597076894
19.4702776932
21.3231728804
66.2586553468
76.3686079374
43.7916124060
60.6056235650
72.9587621359
116.8338540238
26.4264016828
25.8285502105
25.6990394785
26.2828324883
27.7712836105
30.4173851319
55.9856954346
284.9286428236
204.4440731680
145.4618297827
192.4631058696
215.0417720539
209.4533444544
28.2735473806
23.2625812022
20.1922423855
18.4133116035
17.4651625821
15.4082575062
15.6378444724
16.5963171888
18.3109131462
20.6528408469
37.8489609430
165.1189084726
76.1401750256
97.1010536078
105.3529365992
158.6877304653
741.2132120911
102.0599674111
156.3172751405
236.8053336372
178.1703411876
142.0997114395
201.4802373962
140.1215503467
168.1470558715
25.2673356057
20.3180839551
17.4256754415
15.9363812289
14.7232220715
14.8590410884
15.5871815644
16.8817886689
18.7511019250
21.3461431818
169.6753519976
163.4264829951
64.9477636650
147.5520589018
129.2692415464
110.7511509010
220.6298058895
160.6882034329
154.7364775000
136.0778725925
174.1965321638
168.5317835893
231.3773393658
28.0509304565
22.7130920229
18.9446125896
16.5642985432
15.2427037353
14.7508743195
14.8853821575
15.8533169908
17.7055756101
20.7006084724
163.5373252934
182.3767557791
89.6005173082
97.4339929175
158.0329772771
162.7331597529
86.6956469805
194.9730396357
249.8379370972
26.1083978607
20.9688058611
17.5130019474
15.5502286956
15.5988230449
15.8870948262
17.7151451818
42.5210529760
142.3834492616
129.2402463252
178.1221197486
203.0678545086
151.9143003838
118.6952276303
20.1145007181
16.9067594128
17.5712487927
18.8358117768
105.3064311110
240.5173875623
189.8854630273
20.1720524732
21.2273628866
14.7232220715
741.2132120911