147.3366718290
145.0626404115
145.9874321178
149.5910303429
155.9144367350
165.4022429955
250.6345576481
194.0037421984
193.6625722394
203.1244791902
233.3534555630
184.0425794684
179.9424764260
176.7942136865
176.8291887558
181.4534300690
192.1014180857
210.9271824193
241.3834520335
414.1222986079
922.7326709426
1063.7365145054
783.5606752315
885.6111979968
2096.6363529821
1001.3614860346
228.0694609077
189.7327921257
166.9482976228
153.9589965602
94.7470455831
94.9728511049
97.1366869455
101.2896977953
107.9495218259
118.1509933719
366.6976345200
420.2159888896
238.8998436971
334.6354440351
399.7798298193
645.4589796612
147.2165691802
143.9918302684
143.2947829624
146.5037590298
154.6748895029
169.1722928905
311.6266076454
1585.4814080618
1133.3441300402
806.8592502334
1066.1141510060
1199.6404172457
1151.9884436010
155.3053141778
128.0950131377
111.4986222816
101.9014121493
96.7979216656
84.7177233303
85.8516681281
90.8344674877
99.8557723111
112.5169300511
209.1614641001
923.9581896655
422.7607092149
542.2943112688
588.4834407633
888.2130716897
1405.8675801482
572.8261715028
878.1712411170
1329.2586461830
998.7814002447
795.0208356146
1128.9968669827
784.9136396026
940.2660737258
138.5350365419
111.4389118272
95.7093757682
87.6230743256
80.6416218361
81.2760082613
85.0938427504
92.0224467743
102.2677492923
116.8108542549
953.8464842012
918.1970996789
363.0082290849
829.4860666436
726.4617102082
622.2025528025
1241.9136425170
903.7648683529
870.0072211645
764.2632981026
978.8357345024
946.8468236335
1301.0601749092
154.2901929378
124.6124208661
103.8250664578
90.7711636409
83.5306188699
80.7690887146
81.4242490943
86.6707173388
96.9264728672
113.7706473692
919.8735231839
1026.4932781800
503.0844041080
547.4127784967
889.3097765694
915.5750634468
486.2173829082
1096.7132385434
1406.3868044562
143.9467321244
115.2262331863
96.0538498589
85.2120943125
85.5702811309
87.1344858984
97.3397556064
237.2945297389
800.5088236570
726.6586942926
1002.1529113742
1142.5408701155
853.9462925453
666.5141925458
110.7428190302
92.8548073805
96.7153753091
103.8362097083
591.4083225704
1353.3206017920
1067.8069216146
111.2832157656
117.3407498456
80.6416218361
2096.6363529821