96.8151321751
95.2229117460
95.7678770819
98.0951683140
102.2244779227
108.4468612572
166.1185517115
127.8918647828
127.0175855070
133.9237674876
154.0292363053
120.5461066064
117.8447719960
115.7901529945
115.8415013790
118.9232870418
125.9882925237
138.4744145421
158.6932616034
272.4467863941
616.6170731524
721.5927938873
528.5918920823
587.4059902522
1467.6993707898
677.2659798063
151.3247635206
125.4790495201
110.1054118483
101.3217261525
61.9632164087
62.1030826481
63.5165625291
66.2356408400
70.5982835512
77.2785662989
239.5378416286
274.9813873327
156.9194897711
218.8082610134
262.0293279219
421.7339579966
96.1271426757
94.0101654378
93.5568325155
95.6631552419
101.0199943223
110.5254752415
203.3823964659
1033.7497647571
739.8243358800
526.6936782275
696.0432547804
781.8329296580
753.5669638690
101.8562320401
83.9562513804
73.0196105904
66.6902876908
63.3214673472
55.5680364275
56.3405008867
59.6718240627
65.6773150736
74.0243945634
136.8977933956
601.8718638263
275.9680760645
353.4859270304
383.5096099076
578.4276894963
1145.0254185989
373.0777548061
571.7582956258
865.2990196649
650.5125708450
518.1040544009
735.4142332924
511.6400696571
612.6233439111
90.9233484432
73.1404662348
62.7937120508
57.4715790588
52.9651873276
53.4067965802
55.9523022816
60.5386917846
67.2652071111
76.7428280101
621.4505399652
598.0390392346
236.7746138831
540.2697616849
473.1633192268
405.3128603453
808.5898534284
588.6321456445
566.8029498671
498.0941394853
637.7673982867
617.2561709682
847.4379498278
101.1793391120
81.7854450985
68.1696397647
59.6038344941
54.8514854440
53.0594107709
53.5088693762
56.9686189699
63.6835701339
74.6581219649
599.8204540315
668.9508149976
328.1535044720
356.9256611245
579.7112314669
596.9151258699
317.2262451281
715.2428722155
916.7200861833
94.3549907874
75.6038703829
63.0625298252
55.9622690021
56.1872214216
57.2203534129
63.8887209124
155.0816472626
522.3489960658
474.0327101460
653.7828329375
745.4272965249
557.2569277112
435.0630650374
72.6341238688
60.9464709254
63.4478839701
68.0920261521
386.0689598737
883.2594758463
697.0062585743
72.9563558103
76.8905857072
52.9651873276
1467.6993707898