200.9268068696
198.5292123520
200.1607601153
205.2140593624
213.7842029590
226.4555354745
327.8019029696
262.0583043195
263.9420951933
273.6594557217
310.9705713999
252.9110403787
247.8131778312
243.8049915541
243.8468321573
249.8070908004
263.5150556664
287.6221177295
326.2857455050
547.2656525951
1152.7432056433
1291.5910721687
957.7417337003
1119.8012097217
2405.1542598482
1200.2783114246
298.7947020887
252.1017571044
224.4111030797
208.7389102826
131.4661901687
131.8062486944
134.7438803939
140.3582939706
149.3493992658
163.1163126448
493.6791715556
559.0052430071
317.2773450239
449.8844511635
529.6336321657
861.9000695974
204.9441488759
200.9903547884
200.2730076608
204.7153441396
215.7500483385
235.1283065678
428.9590084164
2149.5075626027
1526.6795287935
1091.7915250110
1433.0735871786
1642.3609162034
1521.9086923607
211.6680568793
175.5539129135
153.5974069008
140.9059077262
134.1608910906
116.3650876264
117.7080185362
124.0547331589
135.7387512126
152.6959912516
287.6318733516
1279.9311624704
576.3690289821
749.5906240464
811.5889167479
1227.4015453176
1441.6077424307
804.6475565599
1234.2771998969
1855.9442505174
1394.0707088247
1106.0457013833
1574.7473675433
1102.5045115008
1300.4526326190
188.7508546885
152.1909733610
131.1330129465
120.3168137720
110.3652551531
111.0669579682
116.0191454971
125.2520821511
139.3287554705
159.8834523531
1357.6308832266
1298.3224820032
508.4658477627
1176.5894547624
1028.4816503983
881.0289698192
1764.6107596822
1284.3556511349
1238.6277949038
1086.9489009187
1390.6233430897
1352.9033440452
1847.5463697823
211.7807910752
170.4786903336
141.9440058996
124.1845694925
114.3527625631
110.6717271739
111.4700807866
118.6308092378
133.0082059314
157.1291005053
1326.7596545632
1474.9316344886
721.5929241985
784.1436719510
1280.3966106782
1319.7108672510
695.4068597009
1584.6195982660
2027.4690162970
199.1259977537
158.5130594471
131.8010292149
116.8303871189
117.7740587887
119.9797436893
134.5382397328
337.7084877234
1161.6068448722
1051.1906724037
1455.3160751762
1661.2332822896
1238.2343137909
964.7410780452
153.2299857643
127.9747755486
134.0557236462
144.4390243898
857.5815354103
1976.4320704352
1557.4872232273
154.8364020001
164.0826559932
110.3652551531
2405.1542598482