4.9044745392
4.8133363737
4.8345430656
4.9486784883
5.1560079757
5.4712659222
8.5790767907
6.5391786504
6.4154730266
6.8461305139
7.8945899177
6.0684776437
5.9292804242
5.8252929191
5.8301938979
5.9911056067
6.3576415182
7.0055519941
8.0574344856
13.8886038743
32.4671330541
39.3937837606
28.3599478548
30.4904381489
86.1823362089
36.3781668898
7.8291604044
6.4461456505
5.6223375813
5.1497717534
3.1073960680
3.1135800819
3.1845084920
3.3216181575
3.5418630359
3.8789405886
12.0434454757
13.8828839636
7.9695994070
11.0183462364
13.2688560101
21.2342267237
4.8055836611
4.6968744866
4.6734116911
4.7797378452
5.0506935389
5.5323599597
10.1803456344
51.7845406131
37.1625836986
26.4465172230
34.9870600130
39.0934964778
38.0743116273
5.1478649796
4.2347602796
3.6749938760
3.3505788592
3.1776065097
2.8057577398
2.8478704648
3.0231736871
3.3365792046
3.7639573302
6.8905073381
30.0230360055
13.8491990895
17.6574648526
19.1542142013
28.8462473081
432.9164205661
18.5552437370
28.4190418438
43.0485964778
32.3911286141
25.8365758913
36.6341244313
25.4805263462
30.5716499457
4.6019937085
3.7006126386
3.1734772771
2.9019728175
2.6822007330
2.7072444947
2.8404078122
3.0768529347
3.4177341146
3.8902148963
30.8503713886
29.7164630192
11.8143912215
26.8268984127
23.5023243834
20.1363943827
40.1087426153
29.2123310261
28.1316995699
24.7395557440
31.6703794828
30.6382344865
42.0662853645
5.1079546354
4.1369525226
3.4509863676
3.0174687211
2.7767261246
2.6874625801
2.7122411524
2.8888605288
3.2262751736
3.7711023348
29.7241722645
33.1499414197
16.2899154049
17.7133648857
28.7234907670
29.5758213818
15.7617397302
35.4319143990
45.4057971363
4.7533975710
3.8188827996
3.1901306744
2.8328767859
2.8415470471
2.8942037451
3.2268651520
7.7339752618
25.8711328917
23.4877900217
32.3643956274
36.8910815951
27.6013800384
21.5688368532
3.6627197453
3.0793976408
3.1998514290
3.4297685714
19.1352344954
43.6885965444
34.4944218541
3.6725391240
3.8639953264
2.6822007330
432.9164205661