0.0033725370
0.0032816267
0.0032807293
0.0033524710
0.0034953660
0.0037201860
0.0064264389
0.0045963415
0.0044037897
0.0048319861
0.0056958094
0.0040895705
0.0039776684
0.0038977403
0.0039027992
0.0040269659
0.0043090720
0.0048116684
0.0056391015
0.0101295521
0.0262947076
0.0333640606
0.0237819186
0.0240829473
0.0792339537
0.0314227307
0.0058609893
0.0046925970
0.0039942379
0.0035893272
0.0020471207
0.0020498946
0.0020986694
0.0021940501
0.0023477882
0.0025831366
0.0084159928
0.0099374923
0.0057487607
0.0077257418
0.0095827197
0.0150635576
0.0031364730
0.0030474478
0.0030239066
0.0030947064
0.0032839626
0.0036269810
0.0068033242
0.0356226712
0.0259269179
0.0182918738
0.0245007290
0.0263724721
0.0275656485
0.0035326913
0.0028715658
0.0024630875
0.0022259550
0.0020992577
0.0018963880
0.0019335493
0.0020719440
0.0023120977
0.0026180570
0.0046418264
0.0197606505
0.0094428148
0.0116863232
0.0127291164
0.0190788806
15.9715226640
0.0118459776
0.0181082178
0.0278368728
0.0209663877
0.0168569857
0.0237586151
0.0162876163
0.0201888137
0.0031634825
0.0025321058
0.0021563947
0.0019624837
0.0018296980
0.0018536784
0.0019556510
0.0021273124
0.0023584027
0.0026562451
0.0191150189
0.0186850310
0.0076074045
0.0167433479
0.0147293131
0.0126209910
0.0249097471
0.0181455274
0.0173977906
0.0153528938
0.0196964877
0.0187996481
0.0262032250
0.0034560263
0.0028208962
0.0023576316
0.0020588981
0.0018923885
0.0018293486
0.0018506251
0.0019726861
0.0021908817
0.0025232982
0.0178027823
0.0200472316
0.0099075372
0.0108010213
0.0172832556
0.0177401437
0.0096563504
0.0211300338
0.0272197414
0.0031624615
0.0025738479
0.0021632149
0.0019250592
0.0019154118
0.0019496466
0.0021554442
0.0048115626
0.0152581682
0.0139650969
0.0190421405
0.0216402496
0.0163156075
0.0128139452
0.0024375451
0.0020685598
0.0021224388
0.0022565460
0.0113149123
0.0253094477
0.0200519017
0.0024135417
0.0025099477
0.0018293486
15.9715226640