3.0057244018
2.9492279557
2.9618969387
3.0317361508
3.1588722041
3.3523593745
5.2712651916
4.0102218720
3.9321928998
4.1986674571
4.8462037521
3.7173044146
3.6314474809
3.5673996125
3.5703948958
3.6693467468
3.8947789621
4.2934058827
4.9409412534
8.5312238351
20.0003675366
24.3039606863
17.4836504368
18.7814950172
53.3112685800
22.4477554402
4.8095614083
3.9567356610
3.4486997057
3.1571836706
1.9023264259
1.9060875497
1.9495746607
2.0336570469
2.1687291627
2.3754563864
7.3883083608
8.5251716958
4.8949151548
6.7604288151
8.1504610272
13.0338580512
2.9410790461
2.8739923401
2.8593857250
2.9244926876
3.0906630060
3.3862534313
6.2342688192
31.7442530657
22.7932257067
16.2144008321
21.4614932964
23.9439991776
23.3885188427
3.1552599168
2.5946413817
2.2509010339
2.0516805892
1.9454567207
1.7188622943
1.7448478091
1.8526887460
2.0453245944
2.3075410233
4.2197946820
18.3725166285
8.4864245962
10.8088333200
11.7266912179
17.6564739227
357.9787762015
11.3451117941
17.3735530889
26.3285819010
19.8128687000
15.8079624469
22.4072516194
15.5800271949
18.7111402374
2.8207855394
2.2679566531
1.9444832994
1.7778588483
1.6435951970
1.6590813287
1.7409181865
1.8860196872
2.0948305703
2.3837061412
18.8473700520
18.1602755418
7.2256763976
16.3922395971
14.3628732921
12.3056126531
24.5037838333
17.8481047367
17.1859761382
15.1166332045
19.3510499300
18.7165040355
25.7016454887
3.1293996063
2.5351170217
2.1148713515
1.8491131148
1.7015028086
1.6467347099
1.6619935219
1.7702237045
1.9766433800
2.3094625771
18.1505321065
20.2445708568
9.9499928461
10.8195146922
17.5400058422
18.0606480797
9.6295146581
21.6359093861
27.7259992938
2.9108515656
2.3394412228
1.9545963389
1.7357868555
1.7406993950
1.7728893798
1.9761778122
4.7273633331
15.7970323152
14.3415860231
19.7591283663
22.5244899161
16.8552743537
13.1723830303
2.2430197213
1.8862587918
1.9593654491
2.0996655476
11.6851009795
26.6701707670
21.0588496647
2.2482962424
2.3647792718
1.6435951970
357.9787762015