0.0135344068
0.0131714198
0.0131689543
0.0134575314
0.0140313015
0.0149334672
0.0257550033
0.0184443793
0.0176744232
0.0193877024
0.0228388576
0.0164189619
0.0159703674
0.0156495984
0.0156695379
0.0161670905
0.0172978884
0.0193125068
0.0226287388
0.0406367580
0.1052772600
0.1335756340
0.0951127359
0.0964703460
0.3166423147
0.1257493802
0.0234925473
0.0188163644
0.0160215736
0.0144014320
0.0082210800
0.0082323133
0.0084281286
0.0088109695
0.0094280102
0.0103726657
0.0337837137
0.0398803957
0.0230532427
0.0310144745
0.0384564738
0.0604835354
0.0125986680
0.0122416307
0.0121472907
0.0124315707
0.0131912702
0.0145680745
0.0273262499
0.1431241328
0.1041029638
0.0734612233
0.0984023735
0.1059753406
0.1106944892
0.0141812906
0.0115283314
0.0098895907
0.0089383516
0.0084301561
0.0076121845
0.0077607027
0.0083148128
0.0092767795
0.0105039467
0.0186238800
0.0794319790
0.0379314734
0.0469619566
0.0511544911
0.0766572127
61.9957396623
0.0476012631
0.0727757583
0.1118723003
0.0842815631
0.0677570521
0.0954842501
0.0654521584
0.0811654799
0.0126975977
0.0101632477
0.0086556382
0.0078775869
0.0073429893
0.0074387100
0.0078471770
0.0085353862
0.0094629502
0.0106599970
0.0767898594
0.0751103222
0.0305689629
0.0672992797
0.0592165474
0.0507294413
0.1001478514
0.0729379566
0.0699391952
0.0616944687
0.0791614767
0.0755452057
0.1052393836
0.0138732189
0.0113223137
0.0094622923
0.0082631808
0.0075948325
0.0073413508
0.0074263637
0.0079159957
0.0087922149
0.0101283036
0.0715815604
0.0805804645
0.0398030386
0.0434098181
0.0694549073
0.0713102987
0.0387915963
0.0849082192
0.1094278428
0.0126957424
0.0103310691
0.0086820096
0.0077257832
0.0076872546
0.0078245764
0.0086513200
0.0193122502
0.0613079398
0.0561167565
0.0765126688
0.0869237451
0.0655297900
0.0514618572
0.0097844687
0.0083023828
0.0085193090
0.0090582617
0.0454432824
0.1016856645
0.0805725794
0.0096887488
0.0100765840
0.0073413508
61.9957396623