283.6601810997
282.7466160342
286.4628138813
294.2985614353
306.5428502553
323.9817486881
417.2807531991
365.7357183496
374.3213646474
379.2391738767
418.4268881629
365.1063795599
359.0780220750
353.8884025663
353.6298257516
360.8548334696
377.7854003854
407.3260094094
453.7083455185
729.8657437516
1300.4484166274
1363.1964276670
1002.1120212439
1315.6892308532
2130.6047690829
1124.4943518538
381.3800531739
333.7991494031
305.8738857601
290.5551955137
193.4758337232
194.0844123515
198.2725402173
206.1858114537
218.8201123379
238.1806413023
699.0932710564
769.0312098092
425.9913360179
631.6979118423
716.7932893194
1202.8386307600
304.5430529131
299.8818054105
299.2977428398
305.7342689556
321.2468316502
348.0657375713
630.2241002451
3105.2118743660
2172.1076087155
1564.9493966056
2032.5737387623
2412.3894025057
2078.2839478119
301.2507070559
252.3454346827
222.9290413683
205.9766309267
196.9974887214
167.4272503787
168.6300409278
176.1436337151
190.7060539902
213.9409310610
418.7787199619
1914.0600137293
837.1820385758
1115.0691491674
1204.0486167327
1830.4195420093
261.8624179085
1223.6634517080
1880.7078497675
2808.0440901368
2103.1172642349
1658.3915248623
2373.3901761308
1670.6147797378
1938.4994220386
268.0023970246
216.8221516609
187.8992530794
173.0780024378
157.3543297399
157.7702039488
163.9214294627
176.2834502327
196.6086856560
228.1670065403
2092.9718733920
1989.7903352985
767.1515856468
1808.8758773901
1577.7786397117
1350.9654643812
2721.2780971470
1977.9543074922
1909.1415108347
1670.5861534685
2137.5489829987
2087.6908158816
2842.7841612802
304.6655005160
243.4811858979
202.2923875236
177.1200531410
163.2250989300
157.9642249059
158.7283686091
168.7986652460
190.2716959780
227.7935963017
2066.3771668167
2293.4351102399
1116.1863785731
1212.9066402067
1992.5586563998
2054.4441707601
1070.7357889778
2469.7720015666
3159.4091690367
289.8235457986
228.3070666279
188.8305629294
167.0429454817
169.3806746660
172.6252542985
194.9384630075
514.3388489524
1814.9232993976
1639.1080203343
2277.3404608105
2601.5908791604
1932.5656967634
1501.2530748439
222.6657492050
184.5966397280
195.1585428457
211.5638318691
1336.8528802910
3104.9257668731
2442.2525562824
226.9474676984
242.4258681711
157.3543297399
3159.4091690367