0.8945358825
0.8768547688
0.8798652422
0.8999002743
0.9369008791
0.9934749028
1.5716203136
1.1950365088
1.1634095333
1.2516573725
1.4396761064
1.1007001859
1.0762136784
1.0582527040
1.0598848242
1.0896036502
1.1564401298
1.2741669671
1.4650567816
2.5035167624
5.9613583050
7.3805600916
5.2895433870
5.5151694089
16.7787413251
6.7947201006
1.4397911510
1.1824858001
1.0290086716
0.9407143801
0.5638383016
0.5648219961
0.5775121151
0.6021497951
0.6417566218
0.7022957160
2.1446940471
2.4711977435
1.4338236080
1.9667254796
2.3688422812
3.7685518934
0.8694733754
0.8506828887
0.8470474151
0.8665201150
0.9153491593
1.0017395135
1.8278770533
9.1977572296
6.6037079291
4.7103122107
6.2133455316
6.9682226767
6.7460703964
0.9330835107
0.7683254240
0.6669812012
0.6081295766
0.5766811889
0.5107088580
0.5186654664
0.5511368006
0.6089289371
0.6868181063
1.2466424753
5.3759564177
2.4752283341
3.1646501274
3.4268476870
5.1553144603
180.7380583287
3.3461818218
5.1212229923
7.7250952734
5.8223649870
4.6442188322
6.5837985008
4.6067955682
5.4738160400
0.8356535441
0.6727950631
0.5773014839
0.5280649698
0.4891418494
0.4940002290
0.5186750884
0.5621604685
0.6243291698
0.7098962292
5.6101907887
5.3786615444
2.1363090310
4.8646057672
4.2575059374
3.6496047009
7.2715768953
5.3030784179
5.1161369053
4.5025596310
5.7548845969
5.5946954455
7.6334178669
0.9288016122
0.7527428499
0.6284161456
0.5497972268
0.5061542405
0.4906607997
0.4954623061
0.5279817835
0.5896937395
0.6890651278
5.4611835561
6.0665013253
2.9859269926
3.2408028804
5.2667275513
5.4298680888
2.8870128458
6.5203993788
8.3313670725
0.8667596573
0.6962906810
0.5818745045
0.5169539618
0.5192922379
0.5291838244
0.5902639185
1.4195855184
4.7809173611
4.3283535608
5.9789223247
6.8229061476
5.0993127390
3.9838583712
0.6691024294
0.5625430543
0.5854280084
0.6279331596
3.5387449806
8.1088998300
6.4001884413
0.6720197037
0.7079518504
0.4891418494
180.7380583287