35.8896391636
35.2157298428
35.3709441999
36.2118807588
37.7407143672
40.0668495931
63.0874457493
47.7709781818
47.0364257632
50.0549281978
57.8797256321
44.4292491408
43.3854442800
42.6035924444
42.6301336699
43.8124650380
46.5172573993
51.3072175043
59.0958530170
102.5227598124
240.0227643334
287.4762485758
208.6646237997
226.2545596027
611.9295121725
269.5347963895
57.4912555650
47.2758938539
41.1916731292
37.7015824911
22.7069905708
22.7538662538
23.2768160103
24.2864881810
25.9081392238
28.3911726842
88.9953751050
102.8062147494
58.8253816322
81.3773498835
98.2231865912
157.2800331586
35.1345108571
34.3130002401
34.1262775837
34.9010472814
36.8936078075
40.4466084525
74.7440425931
382.4939100135
274.7285662996
195.2006703965
258.7547420393
287.9178780611
282.6063700470
37.7261550291
30.9997908919
26.8794616682
24.4932288636
23.2220186281
20.5073839263
20.8181030868
22.1062561067
24.4062773179
27.5370204689
50.4469788523
220.3487495983
101.9377536310
129.5937695329
140.7280070140
211.9595855635
913.9550344897
135.5900515631
207.6960353210
315.3802411173
237.1996265788
189.2971943593
268.2830101748
186.0429221440
224.4672410936
33.7003960560
27.0786806397
23.2061444972
21.2126583639
19.5992627596
19.7833760946
20.7586780482
22.4872777228
24.9733518272
28.4102003173
224.3351458888
216.6286761178
86.2662721686
195.3656132092
171.2739252766
146.7082142852
292.0475950114
212.6166101695
204.5590248316
179.8938574544
230.4485183747
222.3835602133
306.2374600813
37.3479069708
30.2540771108
25.2323039679
22.0557098288
20.2914693423
19.6252591497
19.8051874076
21.0914022985
23.5432951437
27.4928635831
214.9841440789
240.2114409708
118.0088519703
128.4218367290
207.9473891045
214.0015357101
114.2671557885
256.0946399755
328.6391464746
34.6836251431
27.8860177812
23.2990794648
20.6886202164
20.7299159792
21.1086386304
23.5174223021
56.0654575772
186.6189127390
169.6427922279
233.4210952481
265.9546347640
199.1562878716
155.6687243227
26.7059742581
22.4641790067
23.3116956919
24.9671389600
137.9979509681
314.3411928718
248.2526770005
26.7407421312
28.1017855701
19.5992627596
913.9550344897