0.9189691921
0.9004007249
0.9035803416
0.9246555259
0.9635913282
1.0231889549
1.6357489324
1.2296791345
1.2021584899
1.2887286808
1.4926035095
1.1329637296
1.1059105617
1.0858635971
1.0868027909
1.1176667477
1.1880163860
1.3126295435
1.5155925418
2.6372612669
6.2997989402
7.6909317562
5.5372582847
5.8868796402
16.9931139950
7.1649301488
1.4926791557
1.2218118868
1.0603467585
0.9675033010
0.5774336851
0.5785287584
0.5918445009
0.6176320643
0.6590812862
0.7225292759
2.2695629558
2.6289576085
1.5092138846
2.0770938644
2.5161828552
4.0151732381
0.8916993856
0.8704326644
0.8655562962
0.8853374467
0.9363231696
1.0273689907
1.8995226809
9.7313865309
7.0023685551
4.9732957047
6.5982205739
7.3149109132
7.2317040952
0.9645068805
0.7914383517
0.6852037031
0.6236277886
0.5907913051
0.5238095619
0.5321381573
0.5659317696
0.6259560329
0.7066673578
1.2863308815
5.5876762734
2.5956118114
3.2891855951
3.5718170890
5.3745701964
254.4615583566
3.4301682924
5.2519946985
7.9820002589
6.0063860233
4.7983663068
6.7953209019
4.7098583657
5.6938874573
0.8622837044
0.6926402548
0.5931093926
0.5418358871
0.5015362823
0.5065804078
0.5320657270
0.5768157748
0.6404547907
0.7274606374
5.6644764387
5.4749234846
2.1866398372
4.9347038110
4.3273625467
3.7071561313
7.3714084425
5.3678601408
5.1640461919
4.5438199062
5.8201994845
5.6129723227
7.7332946223
0.9538773869
0.7736769504
0.6455709508
0.5642931796
0.5191279322
0.5022185334
0.5070682756
0.5401459434
0.6025386408
0.7022105943
5.4176172869
6.0556107767
2.9777738106
3.2405699607
5.2406174008
5.3924748689
2.8855761325
6.4511447172
8.2789687023
0.8844115723
0.7123503623
0.5957551662
0.5292355429
0.5299044706
0.5396241533
0.6006020014
1.4192566431
4.6984983323
4.2732074215
5.8751270915
6.6926289429
5.0149802469
3.9223917880
0.6813501067
0.5738893366
0.5947389610
0.6364021956
3.4761597635
7.9042409642
6.2449880744
0.6813541949
0.7151405562
0.5015362823
254.4615583566