325.5041575167
321.9930891973
324.8892032999
333.2569399425
347.2800569074
367.9154140396
526.6455430691
423.4688670790
428.8611578953
441.7588974086
502.5589205759
411.3157344671
402.9969159453
396.3833814055
396.3144609061
405.8180494827
427.8273237162
466.5772052548
528.6937183981
888.1541642633
1830.7728036825
2020.5802443229
1500.0491857014
1805.3701426450
3603.2064514002
1878.4935834992
478.8208971676
405.5005393718
362.0790441154
337.5884178702
214.0827631088
214.6673264290
219.4671992578
228.6162206515
243.2590535550
265.6943126045
807.5177527138
913.6883546884
516.2364592565
735.2038666298
864.3574436723
1410.8303494430
334.2877690260
327.7999034827
326.5806656618
333.7794357380
351.7307699085
383.2807667180
700.7052460378
3520.9710868872
2498.9545460835
1786.0445655583
2345.7174402080
2688.4920849884
2490.1595830857
343.9473055979
285.3666588655
249.8290825648
229.3091481059
218.4167066037
188.9087277696
190.9627725162
201.0038780116
219.6101544327
246.9882641945
468.0058331164
2093.7851332590
942.2032525165
1225.7313282518
1327.7583585417
2009.1787479583
1550.8428480777
1314.9270619168
2017.6840719463
3036.3135945176
2279.3147494951
1807.6614378793
2574.4856511958
1799.8932842202
2127.1003788112
306.4158407521
247.0137637722
212.8791645978
195.3533090927
178.9100310542
179.9368358571
187.8024302913
202.6169825026
225.4403760012
259.0449286668
2215.4228064690
2120.4206443723
829.7729268038
1921.1162343999
1679.5563823380
1438.5010427839
2882.0538151126
2096.9025711255
2021.4092834373
1773.2203901730
2269.3554601218
2205.7999155550
3016.3257067656
343.9571021291
276.6620693217
230.2490268178
201.4048955927
185.4334404598
179.3539747558
180.5599765810
192.0954568514
215.4543501303
254.8365149448
2161.5054928616
2404.9026392447
1175.5797797716
1278.1965202927
2086.9351327174
2150.3213274628
1132.8177744975
2581.0667994674
3304.3120295264
323.3989310254
257.2306150371
213.7585263876
189.4076384624
190.9268215247
194.4603975500
218.1422315907
549.2970220232
1890.6715146985
1711.6579511561
2369.1436553854
2704.0320200655
2015.4102843073
1570.0126165979
248.6782506244
207.5554731180
217.4709362341
234.3716589072
1395.3203853752
3215.4797677320
2533.6217993820
251.3290575367
266.4055533695
178.9100310542
3603.2064514002