3.7364738584
3.6653246187
3.6807590043
3.7677201437
3.9263444710
4.1679815390
6.5797849380
4.9878356164
4.8924299107
5.2240256165
6.0392281261
4.6204712225
4.5122101492
4.4314395933
4.4347755772
4.5583329722
4.8403445499
5.3395134761
6.1511669971
10.6587114285
25.0671935881
30.4076960247
21.9025945655
23.5619951613
66.3227891886
28.1787970147
5.9984112109
4.9291315824
4.2921498423
3.9265641179
2.3615145990
2.3662127482
2.4204467319
2.5252929418
2.6937304715
2.9515819815
9.2270717565
10.6607204125
6.1142656162
8.4414594825
10.1931145819
16.2988341262
3.6512232277
3.5663082039
3.5472846130
3.6280265967
3.8351585659
4.2042674893
7.7586748836
39.6333101456
28.4742156794
20.2398573781
26.8182732636
29.8504054350
29.2858360401
3.9255666689
3.2256048535
2.7964874859
2.5478483146
2.4153113222
2.1353137556
2.1679092256
2.3026470352
2.5430631833
2.8696476399
5.2466910054
22.8606618062
10.5789401373
13.4497131483
14.5994093311
21.9798788006
418.1509905097
14.0790823856
21.5630872465
32.7202793556
24.6167734043
19.6492804437
27.8447770894
19.3281499607
23.2869048602
3.5086353485
2.8197300870
2.4164609285
2.2087576722
2.0420683593
2.0615111196
2.1635576733
2.3441569481
2.6034382716
2.9612433558
23.3221934716
22.5076604636
8.9657561896
20.3027379585
17.7953871651
15.2446748157
30.3431167150
22.0959170857
21.2645699394
18.7053223533
23.9541887435
23.1320471237
31.8241111941
3.8884903547
3.1508842329
2.6284427816
2.2977650656
2.1140601276
2.0453058214
2.0643161707
2.1986402326
2.4542415148
2.8654230314
22.3815293140
24.9960374591
12.2826436485
13.3632501307
21.6409544167
22.2762640667
11.8934236394
26.6654361671
34.2018412834
3.6120780050
2.9049075535
2.4276078019
2.1559022924
2.1605443380
2.2002247766
2.4512549820
5.8401696149
19.4428543746
17.6661245235
24.3181447867
27.7106870326
20.7491832631
16.2192889363
2.7824329816
2.3409610253
2.4294683797
2.6020339062
14.3807335183
32.7681451385
25.8781509763
2.7863606526
2.9283332601
2.0420683593
418.1509905097