23.7003777187
23.2682742528
23.3746006564
23.9267904413
24.9265114101
26.4444986175
41.2643492030
31.5140307368
30.9890252997
32.9977699889
38.0041953427
29.3425442301
28.6784677382
28.1815930991
28.2062529150
28.9791916319
30.7381548795
33.8448363672
38.8833961031
66.8245395112
155.3732172642
187.1749020395
135.4207830287
146.0308865785
403.8615987134
173.9594035073
37.6762722063
31.0657521879
27.1283330163
24.8706335761
15.0420625370
15.0724780148
15.4148068491
16.0761493485
17.1382808596
18.7636479322
58.0333648641
66.8094667039
38.3655138550
53.0929213387
63.8317768106
102.2046655511
23.2706541072
22.7532651454
22.6441828933
23.1588694543
24.4652753736
26.7840948758
49.1998831718
249.6639853037
179.0386901993
127.4823457031
168.4992941893
188.7081491358
183.0069093704
24.8556406565
20.4632358172
17.7712818353
16.2111759606
15.3794166491
13.5628202254
13.7637536013
14.6043649405
16.1091053003
18.1666667280
33.2961969344
145.1629909344
66.8114217342
85.3527348029
92.5619550234
139.4320080078
698.1030311052
89.9285326875
137.7347417339
208.4068268704
156.8270713756
125.0358482325
177.3323665660
123.5072999812
147.7986549447
22.2179546384
17.8726533312
15.3339800086
14.0267227406
12.9591076748
13.0780386786
13.7176159815
14.8560091634
16.5022114249
18.7913948002
149.8595338478
144.1644217897
57.2317392951
130.2285062805
114.0572802795
97.7242658179
194.7578866624
141.8661434251
136.6642753588
120.1802345869
153.8039320444
148.9670195774
204.2534006881
24.6865139530
19.9847314403
16.6696925831
14.5773048981
13.4158391390
12.9867742067
13.1052580021
13.9582577642
15.5929534795
18.2404889930
144.7791924201
161.3333563711
79.2616747845
86.1629102623
139.8526435981
144.0437018215
76.6617316164
172.6613125516
221.1360980058
23.0010539909
18.4638779981
15.4182936534
13.6902605631
13.7403065255
13.9958466535
15.6124855224
37.5904646365
126.1933833859
114.4796508315
157.8726673095
180.0212533710
134.6241567683
105.1647460529
17.7249620382
14.8932863717
15.4893719679
16.6109637877
93.3292218002
213.3810348180
168.4353756597
17.7881193114
18.7300356236
12.9591076748
698.1030311052