86.5804891593
85.1128631795
85.5766135702
87.6480968155
91.3423731703
96.9208878758
149.4084946095
114.5200247128
113.5871595847
119.9472730574
138.1824237172
107.6747644798
105.2310127309
103.3786358499
103.4266221054
106.2041753999
112.5707804435
123.8293964321
142.0804093638
244.6358425277
557.7606993451
654.9944648634
479.3295218441
530.5936115068
1340.9077887600
615.8977323643
136.0751748350
112.6208596155
98.6658522877
90.6856778762
55.2729532136
55.3959178534
56.6602962903
59.0940709721
62.9996582740
68.9801935349
214.4740344078
246.6355464292
140.8304600656
195.9733527225
235.1812353303
378.0166695216
85.7000087119
83.7826317280
83.3649781204
85.2449709228
90.0404964295
98.5608241835
181.5545423366
924.5289165515
662.2887503484
471.2351478541
623.2716156508
698.2820377714
676.4450437461
91.0819683978
75.0198308937
65.2013523055
59.5186243407
56.4936184232
49.6420790325
50.3453396643
53.3516667492
58.7595091410
66.2415589672
122.2458783861
536.7195159833
246.6541363366
315.3278368236
342.2072670928
515.9737946422
1084.2443638468
332.0921194818
508.8771622693
770.7808493843
579.5352317693
461.8017810699
655.2298559696
455.4857501418
546.4134670580
81.3126130686
65.3904011090
56.1158898481
51.3446040524
47.3428477190
47.7478735287
50.0398376295
54.1544706710
60.1631511343
68.5941321914
552.2882467598
531.9197463683
210.8766763969
480.3562330287
420.7750072444
360.4538933319
718.7270165892
523.2253598304
503.7474368871
442.7503418117
566.9479219061
548.3812102919
753.3322017996
90.3956527477
73.1037172880
60.9402167471
53.2784427682
49.0265235495
47.4210200834
47.8289933983
50.9230817726
56.9052020743
66.6515504438
532.2869780578
593.8471719061
291.4091804631
317.0064887192
514.5190614348
529.7630060547
281.8361520522
634.6102533939
813.5356801301
84.2155494800
67.5311602110
56.3492483134
50.0108196899
50.1874413168
51.1075613375
57.0342616311
137.8837602710
463.2552001586
420.5511228031
579.7295643626
660.9177739927
494.2245405575
385.9802031191
64.8306349017
54.4279855074
56.6199100842
60.7351913390
342.4431590395
782.7505600778
617.8203839254
65.0715034582
68.5353333911
47.3428477190
1340.9077887600