120.0816644638
118.1018197848
118.7837426825
121.6857779968
126.8334390596
134.5910493977
206.5366335111
158.6112431154
157.7437951602
166.1354180484
191.3576328796
149.5949867043
146.1936823277
143.6018427596
143.6443618517
147.4731519467
156.2767259248
171.8540094537
197.1022139585
339.6695175588
768.9137714771
895.8045789515
657.5200994322
734.3618435306
1804.0389536712
844.0134110201
187.9652673504
155.7733862632
136.6279947456
125.6912384760
76.8229892165
76.9993655722
78.7605138867
82.1462740168
87.5781956391
95.8982863151
298.9276520039
343.5454627248
195.6446797503
272.9640821553
327.2912341436
527.0363179125
119.2197258932
116.5416768852
115.9490630914
118.5558168079
125.2221799183
137.0733114171
252.8767182534
1289.9008104380
923.6064331268
656.9529661118
869.1953881669
974.0088898347
942.9074385532
126.4987866452
104.1987024540
90.5803327086
82.7023067033
78.5111393472
68.9034865064
69.8637765854
74.0029136658
81.4625871580
91.8300620461
169.9475147730
748.3239936692
343.7205210518
439.5025658833
477.1099709067
719.6502092811
1320.6897177128
462.6466521680
709.0588056761
1074.6595759581
807.6868584719
643.4499152721
913.1511033075
634.1110618681
761.8269082038
112.8766378914
90.7582967912
77.8885233418
71.2699265688
65.6673493733
66.2147014302
69.3726497973
75.0600567977
83.3956498401
95.1294250703
768.3988742373
740.6106155283
293.5111849229
668.6221914622
585.7996046174
501.7412220464
1000.5860803727
728.2043621672
700.8242068095
615.8530647192
788.8418396024
762.3239936666
1048.5259100434
125.4952769834
101.4526451341
84.5524408657
73.9141352818
68.0107645734
65.7608406368
66.3145967414
70.5956236125
78.8981470031
92.4508217412
739.2345648608
825.3936434162
404.8041136206
440.5229774937
714.8517087437
735.8233505750
391.4931061729
881.0601933758
1130.1925579812
116.8852878179
93.7003735435
78.1662862060
69.3626689475
69.5973762359
70.8664083691
79.0926778769
191.3797791251
642.6388881379
583.6936039250
804.3299552850
916.8022596541
685.6583698162
535.4324939731
89.9395449289
75.4908041955
78.5267448265
84.2366961050
474.9375730500
1085.0462430053
856.4051446589
90.2644060708
95.0663102172
65.6673493733
1804.0389536712