2.4786236050
2.4327873965
2.4434477218
2.5008382253
2.6050751411
2.7635316613
4.3226996113
3.3048948765
3.2380858890
3.4590265990
3.9822043943
3.0655128771
2.9962528056
2.9446148706
2.9475154034
3.0286432462
3.2129077681
3.5382344100
4.0659024189
6.9818340486
16.3085332046
19.8762838487
14.2772251962
15.2785009556
43.8939514132
18.2727919750
3.9490632179
3.2537955522
2.8395987559
2.6019774965
1.5714797396
1.5745492732
1.6102288256
1.6792400598
1.7900986154
1.9597084885
6.0487330415
6.9647550405
4.0062959776
5.5358817824
6.6578959286
10.6486848581
2.4293979224
2.3755882550
2.3643946242
2.4182649321
2.5547290906
2.7968349600
5.1317758828
26.0049662227
18.6543712500
13.2866094261
17.5565462734
19.6623822669
19.0692300223
2.5983750176
2.1390575663
1.8573458256
1.6940089302
1.6068792841
1.4185915773
1.4397884038
1.5281552269
1.6862131343
1.9018602003
3.4788960562
15.1316361581
6.9683873883
8.9003617389
9.6490552661
14.5295880198
305.6029422848
9.3794638713
14.3628155914
21.7222802439
16.3512695876
13.0387244383
18.4896847892
12.8874084904
15.4056065375
2.3237857740
1.8695714304
1.6039568906
1.4671165729
1.3562704014
1.3689000454
1.4361385421
1.5556230255
1.7280717937
1.9674106516
15.6451278957
15.0429650918
5.9744765857
13.5909742723
11.9018843860
10.1984182422
20.3213063945
14.8060640106
14.2669568185
12.5484184197
16.0549739735
15.5602519700
21.3164379672
2.5818474528
2.0907610319
1.7442989411
1.5254807178
1.4039852400
1.3594704584
1.3720458714
1.4615182422
1.6326540372
1.9094221749
15.1343078714
16.8549318432
8.2845593102
9.0028229063
14.6145012339
15.0552424056
8.0121377947
18.0522780181
23.1097830599
2.4060367870
1.9319641242
1.6136380750
1.4329675796
1.4383743338
1.4652494406
1.6344245606
3.9318057350
13.2023322775
11.9724219194
16.5148935339
18.8342011048
14.0837320583
11.0025547718
1.8548535311
1.5588543097
1.6213037605
1.7386858435
9.7660321008
22.3358719041
17.6311271713
1.8615910331
1.9602055208
1.3562704014
305.6029422848