2.3358222609
2.2895689472
2.2969098391
2.3482956108
2.4434897343
2.5891402068
4.0891611183
3.1091778655
3.0277295296
3.2582263305
3.7427306682
2.8681468727
2.8064854247
2.7617516637
2.7672293008
2.8447210752
3.0174523100
3.3207292322
3.8115611159
6.4600840560
15.4046855184
19.0600817188
13.7257313628
14.2083296570
43.2199658182
17.6860317994
3.7505998831
3.0834013432
2.6851963774
2.4559273723
1.4725177062
1.4749737697
1.5077094554
1.5713407084
1.6736242058
1.8298103051
5.4993838691
6.3325400133
3.7074283295
5.0552358368
6.0850403129
9.6340948989
2.2672569663
2.2207920484
2.2129121504
2.2640315570
2.3901948651
2.6122581315
4.7255209683
23.5275157354
16.8946983397
12.0734368290
15.8823093914
17.8810760276
17.2014749902
2.4253850246
2.0007743928
1.7392154519
1.5871551996
1.5058066432
1.3332847472
1.3539729568
1.4383134918
1.5883704137
1.7902578012
3.2352566770
13.8596572777
6.3619010453
8.1635710586
8.8284062827
13.2722989566
171.6309054067
8.6981639776
13.3035389052
19.9785306970
15.0802582537
12.0223236436
17.0449428285
11.9999626139
14.1092377253
2.1742910453
1.7528850716
1.5057308625
1.3782337193
1.2775093167
1.2902058316
1.3544817178
1.4677682214
1.6297925868
1.8530831647
14.7207017948
14.0363131920
5.5612449283
12.7259540036
11.1251413089
9.5409240785
19.0275582515
13.8939366930
13.4332949778
11.8282889127
15.0901666873
14.7570697233
19.9867255622
2.4226154748
1.9629971873
1.6394064476
1.4350586013
1.3216790256
1.2828693840
1.2955351496
1.3807565087
1.5427682188
1.8045613351
14.5172691536
16.0480001771
7.9107531855
8.5678128565
13.9695446438
14.4255127091
7.6407153704
17.3747584850
22.1173532465
2.2696688691
1.8207993964
1.5210475916
1.3514402502
1.3601691572
1.3865318374
1.5481779813
3.7592784823
12.8070741656
11.5531686953
16.0153404831
18.3027043583
13.6559311960
10.6633243026
1.7546854751
1.4737016087
1.5374357962
1.6511454285
9.4868357803
21.8628231981
17.2461696784
1.7670160783
1.8655533978
1.2775093167
171.6309054067