5.2979562002
5.1982302528
5.2204871148
5.3435657330
5.5676837698
5.9088024704
9.2931579427
7.0666940451
6.9309006166
7.3989569377
8.5400994123
6.5520220464
6.4006554281
6.2876993395
6.2929397576
6.4673770716
6.8648438384
7.5677169150
8.7094945959
15.0397731267
35.2610328725
42.8077750980
30.8147645847
33.1064724378
93.7043685185
39.6258074723
8.4799042203
6.9755777374
6.0794192285
5.5651711095
3.3525069150
3.3591458851
3.4358108242
3.5840383972
3.8221601073
4.1866183676
13.0268000411
15.0296270140
8.6260673149
11.9184409126
14.3667477224
22.9829936865
5.1835312688
5.0651635937
5.0393144569
5.1540190138
5.4469259663
5.9680383215
10.9903714062
55.9802898953
40.1932321133
28.5903113074
37.8432716359
42.2254679020
41.2399405077
5.5611073054
4.5728542079
3.9669226740
3.6157565160
3.4285233104
3.0290874011
3.0749241568
3.2650390482
3.6046035429
4.0667536127
7.4383914984
32.3964046600
14.9628595196
19.0565969452
20.6774826103
31.1336991784
433.2179520884
19.9999141610
30.6268834835
46.4196575544
34.9305847790
27.8704193096
39.5038328233
27.4625060450
32.9910878329
4.9712485908
3.9968263876
3.4266960212
3.1330387094
2.8963380653
2.9236628544
3.0679172570
3.3236462366
3.6916054842
4.2006008114
33.2153031410
32.0104239018
12.7366498199
28.8919772319
25.3155116356
21.6893309560
43.1884553909
31.4561587676
30.2860265095
26.6389932027
34.1041279126
32.9773377829
45.2992215718
5.5147934734
4.4674653847
3.7268361657
3.2584827924
2.9983622218
2.9017340116
2.9286456410
3.1193652178
3.4830533861
4.0693808194
31.9711995550
35.6669437861
17.5278435124
19.0619127454
30.8980312904
31.8126319524
16.9634215829
38.1067137453
48.8416438353
5.1290644649
4.1223014981
3.4441862076
3.0586323106
3.0671248690
3.1238388930
3.4819401328
8.3272461045
27.8172367284
25.2561042119
34.7914074243
39.6609785166
29.6807605083
23.1948203709
3.9520647260
3.3235634145
3.4521390752
3.6992126544
20.5743247123
46.9488363220
37.0714750568
3.9610468174
4.1660002367
2.8963380653
433.2179520884