38.8800034679
38.1493080863
38.3176043263
39.2294076814
40.8871227436
43.4094891509
68.3858050358
51.7471046300
50.9678357210
54.2278413498
62.7254032857
48.1342566893
47.0002185022
46.1506425442
46.1782929471
47.4597546947
50.3926811614
55.5877345443
64.0366615960
111.1781703695
260.3433315499
311.4819336258
226.2284198242
245.5324793617
661.0184676061
292.3535669089
62.3030033368
51.2261274564
44.6289386731
40.8446552460
24.5958426112
24.6467961525
25.2137890154
26.3083621526
28.0663433313
30.7582592337
96.5112929522
111.5223739112
63.7979867726
88.2495809922
106.5534746577
170.6111402608
38.0584199865
37.1653290165
36.9612866487
37.8002179924
39.9599343009
43.8123512855
80.9966836240
414.7491157025
297.9406734390
211.6562732123
280.6306097067
312.0999095901
306.6423409759
40.8779296426
33.5853842519
29.1185795094
26.5318782438
25.1539901376
22.2142375997
22.5510323338
23.9470217292
26.4393125553
29.8312663544
54.6509491118
238.7642476248
110.4960739181
140.4194771540
152.4980967886
229.7019761612
911.3336975821
146.8617892519
224.9411084589
341.6626138601
256.9663225858
205.0810006407
290.6414320964
201.4940335986
243.2387910991
36.5134118178
29.3365432635
25.1392047835
22.9785794047
21.2301962293
21.4296476657
22.4862395028
24.3586312114
27.0508785607
30.7717415453
242.8510496097
234.5720303402
93.4302660899
211.5313231839
185.4469308966
158.8549931959
316.1966314479
230.1875603551
221.4488862170
194.7504993090
249.4720521005
240.7046960627
331.5319326089
40.4583118160
32.7747306735
27.3340662900
23.8920391074
21.9802876057
21.2570383729
21.4517018148
22.8443281964
25.4985471871
29.7729699799
232.6194954462
259.9908247532
127.7006622546
138.9931771837
225.0277842517
231.5576704150
123.6631247368
277.0775842935
355.5739038651
37.5637991901
30.2045005256
25.2368159101
22.4090775152
22.4512215663
22.8606601321
25.4672422115
60.6843885874
201.8524137826
183.5197499491
252.5105221715
287.6901284320
215.4287314695
168.3952451012
28.9217939984
24.3294399866
25.2436905842
27.0339673218
149.2795208991
339.9643766174
268.5074023762
28.9552829537
30.4252394914
21.2301962293
911.3336975821