0.0062994573
0.0061401363
0.0061424345
0.0062755041
0.0065368626
0.0069457554
0.0117424259
0.0085207501
0.0081884251
0.0089523951
0.0104815080
0.0076466391
0.0074518295
0.0073135136
0.0073267422
0.0075530473
0.0080617740
0.0089634475
0.0104414561
0.0184243839
0.0470235453
0.0595313938
0.0424984198
0.0430884485
0.1404019670
0.0559686600
0.0107320708
0.0086498753
0.0074052394
0.0066842310
0.0038597767
0.0038649929
0.0039545112
0.0041295086
0.0044113405
0.0048421486
0.0152983056
0.0179730563
0.0104980395
0.0140875401
0.0173618094
0.0272188190
0.0059086468
0.0057572337
0.0057221469
0.0058563344
0.0062036499
0.0068266381
0.0125920975
0.0646383817
0.0469585751
0.0332615694
0.0443248802
0.0481768043
0.0495096058
0.0065630808
0.0053610646
0.0046179672
0.0041860222
0.0039549375
0.0035560277
0.0036219426
0.0038721035
0.0043084050
0.0048700804
0.0086161774
0.0364775565
0.0172772429
0.0215820255
0.0234502627
0.0351139537
12.9439109307
0.0222384192
0.0339818483
0.0517375584
0.0390749121
0.0313571105
0.0442165981
0.0306882282
0.0372279696
0.0058838515
0.0047231810
0.0040341926
0.0036783465
0.0034273660
0.0034695920
0.0036556584
0.0039721315
0.0044041578
0.0049702586
0.0366494546
0.0354243638
0.0143066840
0.0319053628
0.0280022738
0.0240086616
0.0475395901
0.0347065177
0.0334376600
0.0295125215
0.0377164568
0.0364779639
0.0499970601
0.0064702648
0.0052726151
0.0044079612
0.0038533930
0.0035445921
0.0034342643
0.0034728548
0.0037019901
0.0041184391
0.0047644215
0.0352788763
0.0392489389
0.0194336308
0.0210905866
0.0340508656
0.0350974388
0.0188805616
0.0421003653
0.0538079115
0.0059777141
0.0048427293
0.0040631334
0.0036146225
0.0036133232
0.0036801062
0.0040820827
0.0093877799
0.0308418088
0.0279612181
0.0385035310
0.0439256138
0.0329406891
0.0258150992
0.0046192788
0.0039061448
0.0040343925
0.0043052380
0.0228985890
0.0521219582
0.0412198665
0.0046060458
0.0048195001
0.0034273660
12.9439109307