346.0643827993
345.8870990561
350.6688587720
359.9463971844
374.0869558491
393.9320886584
480.2009754096
440.3533640430
450.9683389170
456.0246084217
491.9951972030
445.3658898652
440.0027396882
435.2335380107
435.5228003509
443.7708511852
462.3479508096
494.0305045566
542.5032261590
821.7263003821
1349.1710020143
1392.2672208643
1036.2339386364
1351.9845339546
2070.4987803113
1089.0578312890
443.5809227978
395.7341619841
367.7022673816
352.5285293486
239.3734372104
240.0860812822
244.9633986669
254.1916793332
268.9142636194
291.3990353696
792.8254781035
851.8140407700
483.4432230174
718.7492352784
793.7748728548
1333.2016015031
376.4704702451
372.7809535274
373.2013999686
381.2882929507
399.4403630716
429.9303435172
754.9392578184
3548.2684744006
2455.5886657485
1792.3899181278
2285.3892686151
2824.1041046992
2243.8902450683
362.1973649596
306.6031751271
273.1093051058
253.7329952913
243.4282615718
205.4216269213
206.5818586004
214.9698923731
231.5964182925
259.0017745740
508.2852217142
2303.0866620753
977.6394958936
1339.0253614985
1436.1545186229
2186.1238517721
156.8386605331
1522.2034001262
2338.3983843888
3433.0146625313
2577.8727819953
2023.1953034686
2905.7419765389
2088.0766896075
2326.7805789129
323.2632359176
263.1285413916
229.4140006132
212.1253331313
192.7640506148
193.0780228426
200.2164482335
214.9865306612
239.9742566948
279.7385622971
2686.9620706198
2513.1588221270
954.9086911215
2301.1728477009
1998.7866541555
1713.3453842414
3468.2311771561
2527.2012422609
2452.5607648680
2145.9579124857
2734.9424668979
2711.9886788354
3626.6179214545
372.6842510936
296.7613434711
246.6904576511
216.4744645083
199.8603403745
194.2909653483
195.1949967996
207.7115478900
234.9997866003
283.6726553288
2739.3280257917
3008.2417021707
1465.2958276399
1585.0267652726
2627.9637074844
2718.5416492685
1399.5497228144
3288.7695858519
4177.2146872688
360.4562159306
281.6773923454
232.2869538600
205.4349318533
210.0608179172
214.4218516152
243.5845646332
670.7721152458
2443.2289830164
2190.2529032897
3066.6681997450
3513.3642362424
2598.4465065884
2014.4462702533
277.9807521249
229.2014511672
244.9093826620
267.0895472783
1800.4836548374
4234.3443785964
3325.0949188890
286.3379431965
308.5498472188
156.8386605331
4234.3443785964