66.3953648227
65.2024645825
65.5214962922
67.0946227996
69.9294489587
74.2280862418
115.8324472581
88.1433337196
87.0915417914
92.3440670413
106.6446136900
82.3776925447
80.4637922080
79.0217698026
79.0618122733
81.2244539780
86.1805543987
94.9549301832
109.2069279972
189.0260888328
437.3996274259
519.1367032597
378.1251530216
414.2575823221
1083.4641668582
487.3831082220
105.4998364158
86.9897537089
75.9707421980
69.6588643580
42.1732265922
42.2638103849
43.2335507384
45.1029647354
48.1042597127
52.7003439683
164.8723464305
190.1253906779
108.6164594856
150.6898718132
181.4813010934
291.1346481038
65.3224270990
63.8161077649
63.4768589245
64.9129367513
68.5989664456
75.1647759214
138.8115224214
709.5416077040
509.1050546256
361.8491761140
479.3441428356
534.6695218977
522.3561169206
69.8460977712
57.4423805816
49.8525196971
45.4587102771
43.1191387742
37.9946012077
38.5537449111
40.9030467112
45.1112850251
50.8811997048
93.5428386838
409.7358500938
189.0858691976
240.8695160311
261.5335762634
394.1068596294
1106.6371358127
252.5706431839
386.9489592327
587.1701158913
441.5115836873
352.1261611198
499.2796195755
346.4286927631
417.3204504804
62.3686436225
50.1258667102
42.9787125606
39.3007506344
36.2760294073
36.6030310809
38.3864328416
41.5650059642
46.1669203224
52.5698741060
418.4696417659
403.8021485506
160.5280733039
364.3121803858
319.3127237331
273.5163037935
544.8192366155
396.5913376600
381.6183760949
335.5103328112
429.7667298179
414.9527221188
571.1349720456
69.1968983252
56.0138270446
46.7046283137
40.8260440377
37.5620655401
36.3254968662
36.6487259748
39.0234828732
43.5782837492
50.9504295215
401.6323914459
448.6478130661
220.2576025970
239.6948685877
388.4412410454
399.7883983391
213.1901860528
478.5193752044
613.9120870048
64.3278998931
51.6665264359
43.1443341291
38.3014142316
38.3967366529
39.0975367027
43.5861457335
104.4670798502
348.8221400919
317.0072917476
436.4392669081
497.3406841115
372.2371565962
290.8530087334
49.5204861887
41.6230012039
43.2302667051
46.3262370605
257.9023924655
588.1379108550
464.3848544843
49.6260603782
52.1928539532
36.2760294073
1106.6371358127