219.5637474121
220.0989416774
223.2909697954
228.9564394061
237.3359330058
248.8781050886
284.4455349474
275.0941762014
281.9217779596
284.4945241546
299.1953203475
282.3288937734
280.3545235481
278.4677291056
279.1077149117
283.9508766319
294.2538916251
311.2324941059
336.1823391875
472.0932370521
688.3378003510
693.4615352563
526.7664743588
680.6026957298
943.1717301105
493.8547341252
266.1611587288
242.9946612538
229.4596462321
222.3023032289
154.1952995330
154.6229753432
157.5450517127
163.0845619795
171.9125667344
185.3344458306
458.2668038382
477.6174014012
281.2582938800
417.8458349220
445.6662611366
746.9322694432
242.1203400109
241.2351421902
242.3376051440
247.6416730737
258.5833121211
276.2785922047
467.4464926291
2067.3951800678
1411.7525072997
1048.4103447860
1303.9224685608
1696.7754397268
1210.4860292830
225.8277240012
193.5249905321
174.0127331116
162.6643595259
156.5952301385
131.1577023535
131.6756716810
136.4426160735
146.1733799240
162.8607602288
319.8315675476
1431.0709326069
586.1828775533
830.5428166666
883.5524469027
1346.3210328693
73.9345443129
983.5702558051
1509.9600069016
2173.6652473862
1637.8693152063
1278.7325492422
1843.5693563584
1357.1087335670
1441.8831254244
202.3682694813
165.9179531371
145.6695962649
135.2732642460
122.9018117422
122.9644470979
127.2336047585
136.3793382687
152.3529049716
178.4436949462
1798.3261046416
1651.7667573970
617.8844664214
1524.7427853256
1318.3316551778
1131.5536721095
2302.3386051951
1682.4869030912
1642.8105644927
1437.6514430932
1823.8844739034
1839.0273697941
2410.2935167317
237.1275623553
188.0805763397
156.4627142456
137.6534095831
127.3559784967
124.4656530626
125.0202415057
133.1294887237
151.2239691269
184.1784337525
1897.5662165422
2060.2005421228
1004.9586051862
1081.7503770178
1810.6777806564
1879.7125761254
955.8238174779
2289.3206368161
2885.3360636852
233.7415968940
181.0523162556
148.8239987711
131.5871927007
135.8366310328
138.8957190970
158.8113586248
457.3298953929
1720.2023356069
1530.2760130698
2159.6048258467
2481.5988289590
1827.4878366822
1414.0977480379
181.0754467634
148.4083885594
160.4619822547
176.1227443640
1268.6014411504
3021.1253309350
2368.6399802097
188.7080934213
205.2664180676
73.9345443129
3021.1253309350