0.0029571661
0.0028863429
0.0028904034
0.0029553816
0.0030804940
0.0032749689
0.0054645991
0.0040021282
0.0038627422
0.0042003651
0.0049094488
0.0036121158
0.0035192984
0.0034519956
0.0034559533
0.0035606015
0.0037985288
0.0042212639
0.0049139031
0.0086995958
0.0217974744
0.0273471007
0.0194972894
0.0200941975
0.0636361541
0.0255046199
0.0049884243
0.0040325769
0.0034618742
0.0031320772
0.0018232473
0.0018261218
0.0018688572
0.0019521030
0.0020861278
0.0022912806
0.0073360298
0.0085835049
0.0049480580
0.0067216698
0.0082509759
0.0130561231
0.0028033495
0.0027298698
0.0027115508
0.0027743494
0.0029393933
0.0032364573
0.0060319834
0.0312455533
0.0226171123
0.0160070675
0.0213273576
0.0232615243
0.0237319854
0.0030998211
0.0025306546
0.0021799243
0.0019764235
0.0018677642
0.0016733170
0.0017033470
0.0018191485
0.0020220978
0.0022867523
0.0041003271
0.0176103901
0.0083134621
0.0104001818
0.0113070424
0.0169834536
38.1626358398
0.0106765174
0.0163506053
0.0249852176
0.0188057460
0.0150832669
0.0213011588
0.0146819407
0.0179492408
0.0027742414
0.0022243022
0.0018990408
0.0017312856
0.0016091142
0.0016280507
0.0017142612
0.0018620419
0.0020658811
0.0023357870
0.0174256812
0.0169303119
0.0068415973
0.0152349058
0.0133736889
0.0114664156
0.0226832067
0.0165355968
0.0158725336
0.0139915499
0.0179349658
0.0171937805
0.0238418900
0.0030483605
0.0024811088
0.0020722290
0.0018104861
0.0016647940
0.0016100485
0.0016274185
0.0017343405
0.0019301469
0.0022350868
0.0164523924
0.0184491855
0.0090883785
0.0099103735
0.0159266153
0.0163803681
0.0088384779
0.0195427728
0.0251542789
0.0028066186
0.0022733973
0.0019064769
0.0016952962
0.0016917346
0.0017224309
0.0019101881
0.0043730047
0.0141691058
0.0129319269
0.0177057621
0.0201390395
0.0151409016
0.0118635811
0.0021628829
0.0018292603
0.0018855580
0.0020107253
0.0104979970
0.0236591662
0.0187157285
0.0021513857
0.0022469173
0.0016091142
38.1626358398