0.7352648245
0.7206755098
0.7233631014
0.7402834361
0.7714236609
0.8190175226
1.3034861124
0.9832978019
0.9618354735
1.0301036883
1.1918339646
0.9072380958
0.8857642322
0.8698185556
0.8705591708
0.8951208111
0.9511068894
1.0502371138
1.2115826853
2.1039501824
5.0008928964
6.1022931250
4.3898620273
4.6778014976
13.4943805501
5.6688005349
1.1897159661
0.9750799687
0.8471561680
0.7736377927
0.4628744629
0.4637612749
0.4744110527
0.4950278177
0.5281616375
0.5788796870
1.8139568599
2.0988167337
1.2044613758
1.6598801506
2.0078278614
3.2066787603
0.7150419679
0.6981793697
0.6943573798
0.7102082596
0.7509687296
0.8236869624
1.5215270166
7.7839733594
5.5973120524
3.9769640585
5.2733368798
5.8561577593
5.7698815351
0.7717818985
0.6336365415
0.5488639318
0.4997292833
0.4735281364
0.4194566161
0.4260402909
0.4529093998
0.5007077338
0.5651941756
1.0302535476
4.4787335772
2.0773731224
2.6360476650
2.8616428084
4.3069926720
223.6483695449
2.7532554392
4.2158253801
6.4028653985
4.8178401255
3.8476558799
5.4501793994
3.7804273581
4.5631945824
0.6899673568
0.5543513395
0.4748417019
0.4338832525
0.4014794733
0.4054518080
0.4257489533
0.4614808617
0.5124579182
0.5823750553
4.5529611988
4.3975792053
1.7546652081
3.9649354014
3.4760782265
2.9780074681
5.9238811510
4.3137710646
4.1506202228
3.6515970902
4.6769838402
4.5131930176
6.2139376882
0.7638043312
0.6193134187
0.5167344979
0.4517080299
0.4155780368
0.4020764549
0.4059207219
0.4323932854
0.4824716540
0.5626622151
4.3608892548
4.8724294280
2.3953198131
2.6064449960
4.2173980913
4.3401122323
2.3204042222
5.1936601005
6.6633357756
0.7087252255
0.5705320436
0.4770312411
0.4237340764
0.4244316330
0.4322364490
0.4812673295
1.1407102614
3.7846560304
3.4405790710
4.7327847191
5.3920441741
4.0389405552
3.1583881567
0.5460191556
0.4597239381
0.4766999847
0.5102830476
2.7997473201
6.3713875261
5.0332013172
0.5463325006
0.5737223416
0.4014794733
223.6483695449