24.2108340418
23.7638735253
23.8703649018
24.4348608451
25.4588730594
27.0151278614
42.3003136096
32.2236850606
31.6757098689
33.7430293078
38.9116775884
29.9672236582
29.2804585420
28.7667751702
28.7901007007
29.5828673322
31.3894852936
34.5830145098
39.7671640413
68.5555247597
159.8864614900
192.7414601041
139.3549813252
150.3482044232
415.5662893475
179.2366126270
38.6018906408
31.7959059005
27.7420015562
25.4169695248
15.3469908024
15.3780537130
15.7285539089
16.4056779164
17.4932063107
19.1576922893
59.4985430808
68.5832456733
39.3466282681
54.4283910634
65.5314451391
104.9048936198
23.7396792403
23.2030761618
23.0872030062
23.6119958907
24.9493469372
27.3265532139
50.2828513877
255.8163118740
183.5730653013
130.6183791549
172.8094370812
193.0823983001
188.0766152164
25.4079951862
20.9044951967
18.1445222158
16.5452416649
15.6927360016
13.8482579335
14.0552161546
14.9179940574
16.4608783513
18.5664831749
34.0063620821
148.2731920093
68.3780605477
87.1997080193
94.6039503179
142.4866989848
704.9633464822
91.6627801552
140.3863897575
212.6463152333
160.0066250444
127.6178152563
180.9394982940
125.8609249576
150.9931340426
22.7087844091
18.2612997603
15.6615355014
14.3228132432
13.2345006887
13.3571614416
14.0125310905
15.1770574978
16.8573716617
19.1885401306
152.4249024296
146.7906443365
58.3416372583
132.5390410218
116.1135353383
99.4822832124
198.1742062545
144.3423950848
139.0014320961
122.2478817014
156.4831239283
151.4178458082
207.8393997589
25.2099913627
20.4143052569
17.0280680465
14.8888839931
13.7011418463
13.2599633861
13.3813652256
14.2518680989
15.9166533040
18.6074680095
146.9537671172
163.8609069195
80.5121999297
87.5441249044
141.9952692494
146.2254478883
77.9016968783
175.2082527173
224.4888087733
23.4651347816
18.8471825211
15.7418846596
13.9780916165
14.0221105072
14.2815300538
15.9244576543
38.2143476880
127.9666758982
116.1458656309
160.0823802262
182.5071665591
136.5342752076
106.6783035123
18.0796965813
15.1972703606
15.7945921112
16.9311217924
94.6482037466
216.1874910214
170.6794234696
18.1316060610
19.0801073537
13.2345006887
704.9633464822