56.6369026472
55.6209038374
55.8929792400
57.2334867496
59.6488403917
63.3110366814
98.7250070321
75.2165963496
74.2679507300
78.7857663053
90.9388416596
70.2647039474
68.6384782463
67.4135191428
67.4498997631
69.2934930705
73.5157279274
80.9887397005
93.1238600479
161.0278839149
372.4866331651
443.1820311572
322.2749077378
352.5096198858
930.0000551822
414.9324806943
89.9477638357
74.1802046433
64.7936488081
59.4168563042
35.9823979796
36.0592446052
36.8854949147
38.4786197866
41.0364175407
44.9530829297
140.4427547431
161.8890738444
92.5148084025
128.3635336223
154.5130065580
247.9011692600
55.7295664271
54.4509677614
54.1651956575
55.3910644390
58.5331939718
64.1275623314
118.3681959266
604.4896064741
433.6623337840
308.3018155277
408.2969155509
455.7097900389
444.6370979016
59.5679560037
48.9975774824
42.5287699154
38.7835307502
36.7890376908
32.4162195515
32.8926869427
34.8957094894
38.4843590632
43.4060050765
79.7963519523
349.4136602659
161.1731821633
205.3991271236
222.9892423783
336.0162497969
1049.7822885922
215.5213063421
330.1698648746
500.8415984951
376.6230353965
300.3623062984
425.8959126560
295.6227703411
355.8414457002
53.1966275959
42.7591500202
36.6659411682
33.5300963268
30.9511169840
31.2299662051
32.7512587560
35.4633651386
39.3912917746
44.8585133629
357.3092039272
344.6631029211
136.9913275468
311.0101463467
272.5645401124
233.4863859644
465.1019767386
338.5865140482
325.8578495304
286.4825601378
366.9331795431
354.3996599307
487.5882308195
59.0340919064
47.7857275574
39.8451940279
34.8316088650
32.0479725558
30.9961081719
31.2722777998
33.2996549195
37.1892852288
43.4868373680
343.1714939911
383.2568655243
188.1543716021
204.7450334166
331.8517947621
341.5802632594
182.1092656341
408.8996079827
524.5489098963
54.8965127603
44.0865385412
36.8136669477
32.6817093634
32.7680383029
33.3674892684
37.2023881631
89.2349014019
298.1562490595
270.9065705112
373.0358149435
425.1325955646
318.1677924074
248.5801512011
42.2642060196
35.5214427636
36.9000930857
39.5472358070
220.4441643581
502.8452951491
397.0365410509
42.3624412083
44.5608597640
30.9511169840
1049.7822885922