253.5386697965
252.7306098319
256.0553245077
263.0581529153
273.9976934405
289.5758087072
372.7368159606
326.8628177412
334.5398193515
338.9247013924
373.8555247065
326.3453757872
320.9706391480
316.3421524874
316.1144045217
322.5676626212
337.6854901281
364.0582448388
405.4572352478
651.9044798506
1160.5993210322
1216.3043175605
894.1863576540
1174.0523130816
1900.0600891090
1002.6894213710
340.7046917620
298.2588157715
273.3480604521
259.6850258167
172.9601803974
173.5040914932
177.2461447264
184.3165809841
195.6051553478
212.9031787359
624.5523695910
686.8112497922
380.4985007944
564.3389305530
640.1507488339
1074.2250915960
272.2519153352
268.0986868060
267.5839693546
273.3389479227
287.2001518932
311.1579150090
563.2612946973
2774.1464857097
1940.3731134693
1398.1404172163
1815.7592912264
2155.6635808474
1855.6739743260
269.2332429454
225.5475426038
199.2707743501
184.1273301740
176.1061305498
149.6590338091
150.7314747663
157.4409403452
170.4481152065
191.2096386650
374.3103075364
1710.8197513687
748.0979820567
996.6259942245
1076.0757733120
1635.9713617523
232.4729405399
1094.0075687135
1681.5620179317
2510.2259272340
1880.1193346490
1482.4390786083
2121.8438566722
1493.6644456647
1732.5419103141
239.5241426306
193.7923866904
167.9509032905
154.7087001617
140.6514851382
141.0213931409
146.5163039747
157.5630622329
175.7318297635
203.9498105258
1871.6549180051
1779.3166572129
685.8706738488
1617.5548945640
1410.8485572147
1208.0182454811
2433.4280742588
1768.9927275826
1707.3312066721
1494.0141500248
1911.5683531183
1867.2196557206
2542.2330966318
272.3268276649
217.6280673587
180.8127907232
158.3162103121
145.8987237573
141.2012436489
141.8836806608
150.8859661633
170.0866588412
203.6452936780
1848.4181362657
2051.3801237603
998.3656903010
1084.8230875518
1782.3644873940
1837.7492829819
957.7172665532
2209.3635903977
2826.1207856500
259.0977058784
204.0868578149
168.7930333846
149.3167079004
151.4176167896
154.3202298893
174.2774611777
460.0357738158
1623.7056666263
1466.3327239753
2037.3603066819
2327.5997427933
1728.9110539400
1343.0804467463
199.0648678927
165.0220207993
174.4809980837
189.1589635616
1195.9965875567
2778.0232973072
2185.1111600373
202.9121937480
216.7689948108
140.6514851382
2826.1207856500