660.1939031245
654.6600827176
661.6783314529
679.5489383185
708.7776830711
751.3646622355
1048.5427020846
859.5458022667
876.1547418252
894.5991317061
1015.0885380305
841.8296947081
824.3793975429
810.1102450325
809.1784858716
827.7984395781
871.8473637092
949.7597856491
1074.6826943808
1819.3590873794
3604.3812456096
3884.6588693455
2865.2189299532
3626.8501796165
6540.6366058701
3494.4015363597
950.4429233392
810.8237368817
728.4363926073
682.3627522347
439.0093336975
440.3427886802
450.3086478213
469.2005063836
499.4019905453
545.7446249192
1688.7760839363
1907.0950872087
1058.0739134356
1531.2868999029
1792.9885240124
2959.3488033440
688.2054643878
674.2745339656
671.2999544273
685.8779572640
722.8494855736
788.1299682629
1454.0377105297
7391.5981149268
5238.7943731175
3736.0517513884
4921.5510051517
5624.7640893370
5227.7426265944
704.3454299135
584.1643668451
511.6196209502
469.8417677129
447.7296784006
385.3022502858
389.0660312159
408.7087009808
445.5561830000
501.1626683359
962.0983396613
4361.7254415989
1965.7321712804
2551.1752077856
2768.4477943354
4194.4511218055
1471.6087197775
2719.8242910397
4177.0372970352
6312.0821561015
4729.3427297327
3749.2881571929
5341.6581588720
3711.3309793781
4430.1247471451
626.1038367122
504.1577513668
434.3875087676
398.6030817077
363.8480094860
365.5422473217
381.0019762308
410.6654409337
457.2040773156
526.6624754012
4546.1214482281
4370.9828038553
1711.0825274008
3953.4148627430
3459.4770475456
2961.2142324173
5932.8783672017
4310.2982459086
4147.1550933003
3635.1310895941
4659.6767310223
4508.0153415035
6201.8073535167
702.3977038479
564.2471744983
469.0972097788
410.0743158630
377.3719882170
364.3291176470
366.4481557744
389.6213855210
437.2210442947
518.0175350042
4395.3817590565
4907.9414651023
2394.5911468427
2607.8953937246
4251.4262715600
4375.7479070713
2308.0557045940
5241.2677845338
6727.6585393604
659.0014476094
523.7743346039
434.8747965070
385.0499496911
387.6997785609
394.6587158495
442.8163022724
1115.9354064110
3825.8248129512
3471.3970981169
4795.8314938953
5469.2480307166
4078.8738262945
3177.1017098089
505.6815614430
421.7756073949
441.5665675086
475.7961634799
2821.1035019225
6484.9920669251
5110.6373595775
510.5536127056
540.8594309930
363.8480094860
7391.5981149268