795.1767069877
791.1706742881
800.9785676915
822.9447154148
857.8208194907
907.9124704515
1205.9926187595
1030.0100688993
1053.2525780473
1069.2959534262
1193.6998002259
1020.9975569013
1002.1957964090
986.3210533946
985.2515634385
1006.3066798916
1056.0713554846
1143.5285115331
1282.1936515235
2112.6559004164
3923.8248822773
4152.6717284269
3050.8850799070
3973.7384742731
6662.3818437959
3543.6855368615
1097.5703922038
951.0120188446
864.8383069057
817.2097609636
537.4855431340
539.1783170334
551.0814865922
573.5846322154
609.5278884605
664.6555002689
2003.1107474348
2228.2676025672
1230.8646751061
1811.2521196382
2082.5295773973
3476.4099965501
845.1748772392
830.3300058812
827.7346775658
845.5602185678
889.6246864153
966.5895604209
1767.5144492167
8847.5406804369
6222.6963392294
4461.5610994356
5834.1314044489
6807.7513436847
6067.7328254009
847.6403047663
706.9141307122
622.2087544730
573.4323382436
547.6189492493
467.5220923190
471.3134553735
493.3531431255
535.5398327257
601.5063114068
1170.4555709082
5344.2059167659
2368.4533241994
3118.0980255905
3375.1880229616
5125.0426070815
1052.8669252180
3375.7522317131
5187.5486623551
7791.6484985042
5834.3005462449
4610.7044829091
6586.4473064999
4604.9467946501
5419.0409178015
753.5274428107
608.2496231876
525.7662771694
483.4905179523
440.0721638493
441.5369111739
459.2769737685
494.3226730140
550.9637111521
637.6401580658
5709.0771846687
5458.4278918700
2118.2723023916
4949.8799349034
4323.9279612799
3701.6251870690
7438.9902087684
5404.7670198552
5207.4579055790
4559.1662602113
5840.0174991338
5675.8860440843
7771.6756265263
851.5930383784
681.9403482738
566.6304946782
495.7251734878
456.5181495394
441.1920423781
443.4451081688
471.4919730361
530.4945122210
632.4584387539
5576.9002496821
6210.0211621031
3024.2162344500
3290.5212710006
5386.5320001645
5548.6339137091
2907.0143251800
6657.1171135418
8532.7474398969
804.9332994824
636.4486634872
527.1977370691
466.4954591145
471.4814853047
480.2240276239
540.8187174755
1399.4239051592
4874.9004762344
4413.2253372739
6114.8966420682
6979.3335185797
5193.7811817489
4038.9972824462
617.8458007508
513.5015719537
540.5093929862
584.4061161842
3591.6986629663
8302.0373574649
6535.3975234756
627.0427984963
667.3505059180
440.0721638493
8847.5406804369