95.0691199641
93.4127452283
93.9025197958
96.1762216777
100.2485720431
106.4095630240
165.1251598119
125.9477405666
124.8281587617
131.9508188636
152.3262205365
118.1558919103
115.4193604468
113.3476608730
113.3905527392
116.4645149288
123.5244801544
136.0257838301
156.3217585961
270.4889789232
620.7929374008
730.1225730449
533.9706630609
590.4100729693
1496.8975743643
687.9529653568
150.2870946411
124.1306933830
108.5661323586
99.6599814274
60.5411160666
60.6754409378
62.0683628311
64.7501421105
69.0543993556
75.6470195213
236.7887580726
272.8338939453
155.5817719888
216.3264758022
260.2204908402
418.0857846903
93.8505878136
91.6934495509
91.2059291191
93.2635553738
98.5472420706
107.9575928704
199.4591671965
1019.9679454674
731.3842351412
519.8376757309
688.5705665291
768.7407973411
749.6285029004
100.1038390675
82.3575577462
71.5085831381
65.2306959383
61.8895628031
54.4519802876
55.2379308976
58.5706908883
64.5533983171
72.7972988252
134.1944800918
589.2808743092
271.6204894091
346.2867549562
376.0364064014
566.8916404016
1257.9311223231
363.3247068519
556.7464805957
844.8292632012
635.0788930357
506.3510925714
718.1287144479
498.1278283469
600.1214315946
89.3502918015
71.8115977828
61.5854769463
56.3247502883
51.9504532091
52.4053047447
54.9385733428
59.4705049765
66.0603150225
75.2665325731
601.9633429116
580.8874503383
230.7287836965
524.1196246533
459.3551009952
393.4597117799
783.9922489415
570.5887088809
548.9753943855
482.5758845229
618.2173938082
596.8380452637
821.7013550338
99.1803765937
80.2479630343
66.8965455579
58.4738802997
53.7980623571
52.0161717460
52.4685782238
55.8615121287
62.3948016208
72.9992338267
577.6687347577
645.3996931342
316.7248410567
344.7372807736
558.7658158766
575.0711707708
306.5094132398
688.2709293099
883.1873108517
92.2299062916
74.0342043715
61.8011293159
54.8542210986
54.9976852973
55.9980000585
62.4450336863
150.0559362351
501.6404469482
455.8910896819
627.7150094779
715.3031179199
535.2880307732
418.1952959121
70.9775621751
59.6323540712
61.9549152126
66.4074459649
370.8156990953
845.8543622069
667.8230673546
71.1495278673
74.8522606108
51.9504532091
1496.8975743643