0.0046394230
0.0045140984
0.0045127041
0.0046112964
0.0048078048
0.0051170393
0.0088452393
0.0063238252
0.0060568689
0.0066480180
0.0078364405
0.0056244819
0.0054704612
0.0053605408
0.0053676009
0.0055385835
0.0059269614
0.0066189008
0.0077581493
0.0139400503
0.0362021752
0.0459723006
0.0327349877
0.0331627272
0.1090588904
0.0432829821
0.0080669757
0.0064577087
0.0054958223
0.0049380868
0.0028153421
0.0028191298
0.0028862031
0.0030173826
0.0032288214
0.0035524949
0.0115729073
0.0136688906
0.0079068853
0.0106284054
0.0131885251
0.0207038647
0.0043126281
0.0041901554
0.0041577872
0.0042551938
0.0045155646
0.0049875322
0.0093575312
0.0490012117
0.0356612673
0.0251583435
0.0337116937
0.0362599497
0.0379621621
0.0048599130
0.0039500171
0.0033878386
0.0030614825
0.0028871103
0.0026084331
0.0026596060
0.0028501007
0.0031805884
0.0036014300
0.0063759142
0.0271629161
0.0129862464
0.0160674157
0.0174977901
0.0262288499
18.4516643146
0.0162748006
0.0248759156
0.0382553162
0.0288301053
0.0231715911
0.0326512041
0.0223797712
0.0277508025
0.0043518724
0.0034831919
0.0029662025
0.0026993701
0.0025168516
0.0025498807
0.0026902199
0.0029263877
0.0032441529
0.0036534621
0.0262558939
0.0256789948
0.0104540393
0.0230087259
0.0202453947
0.0173445592
0.0342333056
0.0249342112
0.0239139283
0.0210997562
0.0270700376
0.0258393465
0.0359882370
0.0047537343
0.0038803787
0.0032431568
0.0028321753
0.0026030881
0.0025163879
0.0025456702
0.0027135602
0.0030135553
0.0034704259
0.0244887561
0.0275597978
0.0136207352
0.0148493130
0.0237572653
0.0243932697
0.0132747815
0.0290545933
0.0374327276
0.0043498600
0.0035404284
0.0029756488
0.0026480460
0.0026347251
0.0026817868
0.0029647396
0.0066089217
0.0209912728
0.0192074558
0.0261901482
0.0297574734
0.0224379038
0.0176264446
0.0033528774
0.0028453844
0.0029194170
0.0031037911
0.0155617199
0.0348215590
0.0275933664
0.0033198097
0.0034523451
0.0025163879
18.4516643146