2.1482872724
2.1055162269
2.1132295127
2.1625168255
2.2533217886
2.3921522447
3.8085659162
2.8739914355
2.8088232476
3.0107264398
3.4822658617
2.6496416316
2.5871327100
2.5407850852
2.5431081836
2.6149183068
2.7784128080
3.0677975035
3.5387295742
6.1392897279
14.6119518590
17.8728428619
12.8428683258
13.6499974513
39.7524349310
16.5753046662
3.4772614340
2.8496734744
2.4755958652
2.2605724669
1.3521027849
1.3546604469
1.3857192837
1.4458699651
1.5425453319
1.6905075366
5.2878261138
6.1177786881
3.5144225850
4.8399847239
5.8543051487
9.3446302006
2.0881291968
2.0391297200
2.0281301140
2.0744734860
2.1934345991
2.4055509636
4.4396126258
22.6844805832
16.3130247093
11.5942850692
15.3679726578
17.0740724909
16.8111923294
2.2539433290
1.8507430486
1.6032454012
1.4597661534
1.3832383041
1.2255838960
1.2448589412
1.3234400273
1.4631974204
1.6516154114
3.0082867174
13.0641237582
6.0582842480
7.6899553630
8.3467382065
12.5611139666
855.1844682863
8.0369242590
12.3065454110
18.6817199407
14.0598799716
11.2279543999
15.9049426282
11.0383203729
13.3103347416
2.0154060905
1.6194947000
1.3873235427
1.2677063550
1.1732627555
1.1849173357
1.2442943024
1.3487799544
1.4977757246
1.7020515057
13.3042852406
12.8438585358
5.1239632993
11.5822748752
10.1539680150
8.6988410598
17.3041622815
12.6045323578
12.1290496759
10.6716374417
13.6657239340
13.1944384464
18.1530841988
2.2315048844
1.8094593717
1.5098677669
1.3199461192
1.2144218430
1.1751662189
1.1864538448
1.2638886898
1.4103189121
1.6447766013
12.7587044051
14.2474627125
7.0062398320
7.6219541802
12.3364585602
12.6976707733
6.7858055212
15.1984413215
19.4914235649
2.0713103388
1.6673548983
1.3941331670
1.2384179126
1.2406798202
1.2635609973
1.4070024396
3.3368043652
11.0809130476
10.0706449579
13.8572373159
15.7894648939
11.8254756976
9.2468316075
1.5961095804
1.3438119488
1.3937164540
1.4920541609
8.1981242691
18.6673527623
14.7453032066
1.5973800419
1.6777601563
1.1732627555
855.1844682863