152.8470725383
153.4143661586
155.6762832872
159.5389087950
165.1708106720
172.8560623764
191.5918463242
190.0286496424
194.7996028318
196.3732796572
204.0003334105
196.3529763257
195.4406710673
194.4971685015
195.0933557521
198.3407776539
205.0334425861
215.8439453617
231.3455487667
312.6613642060
425.6044817545
422.1055337010
325.4070649082
416.3170232673
539.3615258235
283.2586890312
180.5320686058
166.6485423520
158.5499115555
154.3339194603
108.0513595532
108.3400559351
110.3153661514
114.0642140761
120.0354326108
129.0932258463
304.5671271702
312.1481287710
187.2579894071
278.3960847791
291.2630242230
488.1295287148
169.4546457329
169.3083228881
170.3471378494
174.0919578554
181.5106800990
193.2747225459
321.2107910748
1377.6024077630
934.5910416229
700.2670173368
860.0113509288
1147.7409847584
774.3744478119
155.8271117378
134.3282800076
121.3216906052
113.7349230761
109.6652148385
91.5539430492
91.8461264728
94.9863851765
101.4942590884
112.8702923398
221.4047082801
983.5881601841
396.5117811768
570.5999715382
604.7409731216
921.6500922982
52.3956463452
688.7900343478
1056.7950847641
1507.2300353024
1137.7806161003
886.2346739180
1279.6832162969
952.9676427055
989.6522617824
139.9034020180
115.1209748826
101.4135611856
94.3702423481
85.7540386762
85.7553857144
88.6429319339
94.9315486404
106.0732807957
124.4772413702
1279.5158810309
1165.6020469693
433.0836893517
1079.9108991658
931.9204320327
800.4260268850
1631.9474574959
1194.2391259427
1169.4755427865
1023.3579667261
1295.7064356789
1315.8195276536
1709.6249010949
165.1684644234
130.8031296796
108.8757571455
95.9161137299
88.8349617324
87.0598160104
87.4401919433
93.1355479812
105.9694804727
129.5454951168
1368.9838842139
1480.0308541227
722.4933384906
776.2114404437
1303.8355684691
1355.2042165625
686.0827370098
1654.0323822966
2079.5694155671
164.3000954363
126.7874161720
104.0850274847
92.0303381274
95.4615834948
97.6844561673
112.0037628107
328.1445816092
1252.5158240491
1107.4608607975
1572.9110436057
1814.3849615082
1330.0899579173
1029.3474511431
127.6662393051
104.3562903297
113.5138750331
124.9520617359
928.2759718862
2245.7554555040
1759.9564344874
133.8818698540
146.3501192539
52.3956463452
2245.7554555040