14.3686806211
14.1031609841
14.1647503720
14.4968884151
15.1002124416
16.0173519023
25.0457408041
19.1196721911
18.7653347410
20.0192100217
23.0511657601
17.7674626635
17.3674516120
17.0694504964
17.0869436889
17.5569077945
18.6233733594
20.5056044975
23.5578929327
40.4249340729
94.3611906937
114.3354391596
82.5281349024
88.4637792731
249.4096049945
106.0104627147
22.8820253538
18.8569937647
16.4589042502
15.0830151233
9.1099377211
9.1278479966
9.3345217669
9.7341650925
10.3760809273
11.3581037849
35.0039176982
40.3102330643
23.2074607437
32.0465840133
38.5438119397
61.6138614747
14.0821799861
13.7719139577
13.7080712540
14.0204303515
14.8103389651
16.2109588050
29.7145193156
150.4221122043
107.9131075703
76.8683813667
101.5486229606
113.7479508778
110.3066527477
15.0504156699
12.3933095420
10.7636150670
9.8186965432
9.3146585366
8.2204495648
8.3430937450
8.8543052463
9.7685697845
11.0156884646
20.1414712663
87.5663297965
40.3110399256
51.5089965308
55.8395197396
84.0811774308
525.7554884305
54.3363930501
83.1986397627
125.7645475145
94.6863572341
75.4980872655
107.0580444186
74.6735942325
89.1559926004
13.4592258913
10.8301359352
9.2930107797
8.5012036003
7.8583732603
7.9313715509
8.3203928758
9.0117647588
10.0097601443
11.3953603180
90.7410228132
87.1814688687
34.6089361965
78.7953609916
68.9928338533
59.1224753679
117.8261158885
85.8648393651
82.7625881190
72.7991148502
93.1162981490
90.3262323522
123.6044128652
14.9590261670
12.1124548712
10.1053252779
8.8381157993
8.1346537697
7.8776450135
7.9503594056
8.4685865044
9.4603634295
11.0656681601
87.9543568695
97.8808184516
48.1190107838
52.2756171516
84.9066721575
87.4908660850
46.5328954802
104.9609080867
134.2832765369
13.9481730659
11.1966919804
9.3507355167
8.3035751552
8.3371075037
8.4930137061
9.4749542301
22.8333219725
76.8242053702
69.6256425781
96.1019933801
109.6264625142
81.9519281041
64.0167862743
10.7543304325
9.0360705528
9.4016136500
10.0841587301
56.8354418558
130.1181193739
102.7010772626
10.7978223313
11.3737068977
7.8583732603
525.7554884305