343.0893675512
342.4825397108
347.1386082308
356.5227029088
370.9969932984
391.4599501329
490.3609578575
439.8330481321
450.3377535796
455.7192387963
497.2034284814
441.9192765957
435.5404127679
429.9547313972
429.8857070031
438.3309985178
457.8199242146
491.5006861725
543.7815610213
851.1847228096
1457.7577133692
1515.7127592533
1118.8464538249
1469.0863691898
2313.6549730680
1215.1677841543
450.3934995169
397.9368759994
367.1868387122
350.4323022756
235.7477969796
236.4757062461
241.4433246736
250.8323186321
265.8176408399
288.7499508926
820.1485093645
891.9170947070
498.2154764777
741.5839786676
830.4510019239
1396.7579784168
371.1215166786
366.3765543116
366.1674790619
374.0575162821
392.4911886506
423.9642269782
757.7934548958
3659.4297644464
2546.2278948753
1845.1064722800
2377.1896180103
2874.1970722871
2385.2924744813
362.1932422392
304.8595407282
270.3637847479
250.4549254626
239.8932922887
203.1192562620
204.4188488719
213.1236840432
230.1859585097
257.8746331397
506.2577228424
2308.6597026623
995.6974490547
1343.3791513225
1446.2313090028
2200.5306135361
226.0179976253
1497.4940513621
2301.4879139402
3411.2707865724
2557.1599207637
2011.8018621156
2884.4272106028
2048.0814588695
2335.4447037183
322.6300170145
261.7210040593
227.4415425676
209.8733377474
190.7063140964
191.1075732175
198.3631897029
213.1633240457
237.8577356469
276.6862699228
2596.7866859116
2451.5128231782
938.7398468143
2235.5548906609
1946.3047318491
1667.2117974046
3366.2400176341
2449.0529924283
2369.0636878486
2072.6228687309
2647.8960905029
2602.7087301899
3517.5016569664
369.1344944637
294.4616592063
244.6820517059
214.4449035437
197.7853784221
191.7734114054
192.6751525623
204.9561914659
231.4447931032
278.2049390090
2598.9281093437
2871.8156326672
1397.6746937356
1516.0262017620
2500.7276098516
2581.8277400923
1338.0067319527
3111.8734131384
3969.3641755791
353.7569400729
277.6131872498
229.2807643019
202.7935237395
206.4042429170
210.5083048001
238.3884674060
641.7522481721
2297.2700696058
2068.2454479237
2883.1704990681
3297.7260433025
2444.7689833217
1897.2346690073
272.1907773200
225.0766098540
239.1106360980
259.9346055821
1692.2017602663
3952.0167934944
3106.1007036062
278.7543460064
298.9611579333
190.7063140964
3969.3641755791