17.3694128320
17.0380145955
17.1098121878
17.5146918296
18.2533207157
19.3786031696
30.6122297915
23.1529684797
22.7523090285
24.2562081498
28.0611210810
21.4818501353
20.9761297737
20.5983761605
20.6126759166
21.1872147573
22.5000368525
24.8247426528
28.6058345170
49.6373519266
116.6667447023
140.6768768243
101.7319155159
109.8226989683
302.9710938045
131.5191318890
27.9034882788
22.9237403581
19.9572689000
18.2547022882
10.9738126826
10.9959613653
11.2485565592
11.7366486214
12.5207348866
13.7212352625
42.9957257426
49.6941960382
28.4687233358
39.3268692450
47.5026865735
75.9903696153
16.9712238898
16.5736394282
16.4834436563
16.8582627100
17.8219996169
19.5406178352
36.1005029859
184.6884459577
132.7039446220
94.2905457354
124.9941879539
139.0096829391
136.5955870151
18.2500802928
14.9928479591
12.9965019363
11.8400470209
11.2237762990
9.9203380599
10.0718924753
10.6979931153
11.8149302167
13.3320368870
24.3883535349
106.3696693651
49.2456960487
62.5759024705
67.9444874444
102.3105072195
731.3225032685
65.4473647584
100.2377439415
152.2024136559
114.4922014437
91.3882844914
129.5017234365
89.8194870243
108.3637873568
16.3064745842
13.1024341567
11.2272233586
10.2616428877
9.4852599186
9.5755080288
10.0493534959
10.8877925011
12.0912347153
13.7515968143
108.2831988316
104.5615761482
41.6609083513
94.2946720257
82.6647859332
70.8138252378
140.9353698221
102.6162963552
98.7324035553
86.8408148295
111.2328524616
107.3512928444
147.8039131175
18.0661401601
14.6387652880
12.2105561501
10.6735912593
9.8198203899
9.4985493306
9.5865651528
10.2097830839
11.3955106011
13.3025856474
103.7813228640
115.9527768680
56.9734937570
61.9988294016
100.3742034721
103.3010226473
55.1739539971
123.6227559712
158.6083183994
16.7743315926
13.4914504636
11.2746198712
10.0124173460
10.0316802808
10.2152728958
11.3791663946
27.0874438499
90.0893357413
81.8918956211
112.6816417365
128.3887800288
96.1437204464
75.1597316582
12.9186217150
10.8695280050
11.2775363357
12.0767872276
66.6309816939
151.7489815265
119.8553299703
12.9333108413
13.5892302832
9.4852599186
731.3225032685