5.2009045861
5.1031944448
5.1253518745
5.2466126986
5.4672368266
5.8029706115
9.1303560479
6.9387971556
6.8088732461
7.2658366972
8.3911587861
6.4347981387
6.2851860353
6.1733970342
6.1780608023
6.3493530238
6.7402387044
7.4318464693
8.5557285751
14.7982177302
34.6813061396
42.0382484076
30.2754013722
32.6056740905
91.6512408165
38.9015438966
8.3258442031
6.8482504676
5.9681228381
5.4631712924
3.2913858401
3.2979740027
3.3734154359
3.5192255996
3.7534536911
4.1120062161
12.8273072762
14.8063935900
8.4896700688
11.7340932077
14.1515997934
22.6440611025
5.0902100112
4.9729651549
4.9469795021
5.0594962088
5.3475597424
5.8604802480
10.8066774271
55.1324334105
39.5885927571
28.1496756454
37.2781405910
41.5575696360
40.6512809051
5.4635593525
4.4913414606
3.8954194485
3.5501291798
3.3660726597
2.9738447164
3.0188342801
3.2055358349
3.5390202770
3.9930363508
7.3075967813
31.8573198083
14.7237238176
18.7405084921
20.3380716468
30.6248406175
460.8279517471
19.6436757552
30.0844388390
45.6298060610
34.3272674858
27.3923956104
38.8266827511
26.9663573049
32.4461279047
4.8832499186
3.9252168100
3.3647129901
3.0760401364
2.8432464553
2.8700134693
3.0115928331
3.2625989142
3.6237546353
4.1232547255
32.5768990491
31.4198319094
12.5061993328
28.3486976331
24.8433480616
21.2852910177
42.3760816736
30.8587977968
29.7039771390
26.1242687654
33.4525071481
32.3219052473
44.4417065037
5.4150864967
4.3868082896
3.6592906105
3.1991277836
2.9435284294
2.8480473683
2.8743524167
3.0613763168
3.4179759137
3.9926295666
31.2985254069
34.9418800014
17.1685953476
18.6764496760
30.2590027687
31.1480611412
16.6193219073
37.2934828910
47.8249545997
5.0333289229
4.0461556869
3.3806979316
3.0021619519
3.0095733846
3.0649859269
3.4157176653
8.1574653202
27.2026057660
24.7130554434
34.0275225206
38.7793915702
29.0261997440
22.6875659234
3.8773880230
3.2612021058
3.3860711781
3.6276490285
20.1202443355
45.8757399877
36.2277975268
3.8846409268
4.0842716731
2.8432464553
460.8279517471