240.9681963464
238.2618737497
240.3138746756
246.4195878409
256.7033528774
271.8627716052
389.9957523352
313.5621205087
316.6577988454
327.2283614433
371.3977644912
303.8428008657
297.8102520263
293.0389450716
293.0697119992
300.1341340386
316.3987736688
344.9835054565
390.7603145484
653.3373738299
1357.0475234467
1509.3736706586
1121.4352683397
1326.2305028356
2754.4857081726
1402.4540699766
355.5339250525
300.8116402054
268.3772502906
250.0524536391
158.1908210541
158.6091160354
162.1345567015
168.8645816093
179.6388505816
196.1377464935
591.8586874296
668.8855110007
379.2568845051
539.1647522760
633.1964129615
1032.1748756079
246.8010834300
242.1287664075
241.3027670977
246.6410739457
259.8616986608
283.0457700734
515.8206944282
2580.2571560428
1830.6096232083
1309.8826098859
1717.8348855568
1974.0803895617
1819.4253100672
253.9081846802
210.7783283111
184.5806651511
169.4417758762
161.3986614986
139.7180237768
141.2702671484
148.7568951143
162.5974130656
182.8524540354
345.5336359260
1540.8881295763
692.1640009375
902.0747171754
976.4713433461
1477.3401654075
1464.1314028276
970.5380216835
1488.9547456714
2237.0283434627
1680.0478738426
1332.1973354164
1897.5622059136
1329.5445246011
1565.2175560800
226.3547582022
182.5693262329
157.3914043061
144.4613977130
132.4029932634
133.1959726340
139.0599517181
150.0645775483
166.9599793242
191.7789278530
1640.2792940913
1567.3418783377
612.8588390224
1420.9694924683
1241.7931391215
1063.7546945954
2131.7863169962
1551.5164312620
1496.5909884590
1313.0264493698
1679.7161579618
1635.2744914106
2231.6468519716
254.2774053086
204.5543175814
170.2836260737
148.9890800151
137.2027495365
132.7875813416
133.7126835916
142.2866545390
159.6030380731
188.7759983462
1605.6544093893
1784.2133283619
872.5741655720
948.0975110869
1549.2564019613
1597.0337049209
840.5334862712
1918.1432450625
2453.6223975557
239.3638184154
190.3548388340
158.1979554799
140.2014138523
141.4147273047
144.0653160433
161.6498384945
407.7799210096
1406.8144565694
1272.5850377962
1762.7497480855
2012.5139757254
1499.4606562548
1167.9351507697
184.1752257421
153.7087700617
161.1585990845
173.7414877246
1038.4429387675
2395.7079854584
1887.5146588875
186.2688084411
197.5497896461
132.4029932634
2754.4857081726