87.7937884137
88.1400066486
89.2485211631
91.0807221233
93.6978284689
97.1923261301
103.0097414811
105.0998436783
107.5516459183
108.8277359562
110.8357796144
110.1738182344
110.5875534226
110.9674463975
111.8380753259
113.6461603448
116.6757627786
121.0300809050
126.5777723060
147.8318512719
173.2847188657
170.9997215491
146.7519211889
162.1975722008
191.6384045719
121.9460899049
98.9921088893
93.3985720950
90.0766287108
88.3522015366
62.3940636240
62.5077710402
63.4657659803
65.3076212602
68.2268616496
72.5747453994
130.6827994291
129.2237639809
93.5324437589
125.7033573201
126.4123889304
191.6499177105
95.9672507673
97.0182373868
98.3501712574
100.6398889064
104.3063320539
109.4893789241
161.7286198200
561.5951737852
378.3896312991
298.0390022071
339.4899808708
504.7008163480
269.6572910391
84.9761961061
75.0542147955
68.9044409296
65.2340959667
63.2203972127
52.7400731185
52.8437582859
54.4195585985
57.7486866887
63.6235907672
117.0302094823
471.7816743703
180.1867410081
277.1199049027
287.4620536727
433.0517315724
23.4726189404
370.9446322620
564.6127459042
758.8106055428
585.8398319089
452.6772530008
653.8909934974
527.1581665299
472.7962359387
77.3517584259
64.7883533425
57.8375253373
54.2237138937
49.7010043888
49.6839272990
51.2599760534
54.7556006107
61.0429470803
71.5956316541
763.0371207523
656.9494391930
238.0821822384
624.8097800442
532.9166916885
460.0875646631
945.7982886295
701.8755872590
702.1083757468
618.7857758715
768.6598690959
825.8178515909
997.9000606874
94.2407316987
74.5097419256
62.3272441138
55.2458857789
51.3911555643
51.1414029258
51.3998332929
54.8205830616
62.6343502642
77.3208311505
914.0816872179
949.3864564314
470.9606709697
496.5673493854
855.2283263167
900.7070576910
444.3860360075
1125.6038023664
1373.2597093645
98.0555269901
74.6355137414
61.0393470982
54.0022681852
57.2053513000
58.7222964899
68.0032377317
214.8699600720
881.3271300884
762.6845999896
1104.9653379564
1283.1271065392
934.5693209798
721.4907449053
77.4352270054
62.6528777408
69.7929929864
77.6743348627
654.5567924031
1616.5547898170
1263.8957635750
83.2164377585
92.6048427672
23.4726189404
1616.5547898170