527.1526327780
521.9366582323
527.0716182702
541.0885856375
564.3386599617
598.4269535727
851.5898542209
687.2638682713
698.7796609195
716.2149703820
816.7946746391
669.3920669517
655.1388118194
643.6600898286
643.0623687128
658.3177031435
694.2227961701
757.7660728172
859.9525161429
1465.1618976258
2979.9058082607
3243.8582377196
2398.1422945061
2979.1322990681
5605.1274997083
2973.1122989176
771.6875657616
654.4267289588
585.1162125960
546.1712829361
348.0116717092
349.0324293847
356.9659131055
372.0345464454
396.1342787279
433.1031323916
1344.0385994461
1526.3321054971
851.4575019299
1221.3354208792
1439.4935059615
2360.9915021092
544.4823871882
533.1479593458
530.6955849458
542.2993772789
571.8043749319
623.9949412573
1151.1080002765
5859.2694686839
4164.7143813524
2966.6414166350
3913.1254206296
4447.4647799492
4184.9511264864
561.3166247066
464.8420290969
406.4928311157
372.8680080215
355.0584755717
306.6382277234
309.8605707915
325.9910035947
355.9996387443
400.5717776250
763.3332776585
3440.6053661669
1557.6757686074
2014.4769869254
2186.5006241136
3309.4961482854
1558.3210977090
2141.8847795815
3287.9655195720
4971.5336000641
3727.6890231649
2958.3270585141
4210.8382722627
2925.7057863733
3496.6530675100
499.2323247131
401.8294143110
345.9182679738
317.2277377679
290.0422563625
291.5768196861
304.1824430771
328.0712793265
365.0711213377
419.7057987898
3576.1665858347
3439.3293153932
1349.6930666644
3110.0358657955
2722.2332348063
2330.4390964549
4664.7648112748
3390.6220213460
3262.6692092617
2861.4372173948
3667.0186422836
3547.7626386433
4879.1122127399
558.9788548381
449.5891637743
373.9292199197
326.8544834761
300.7594286065
290.4137583618
292.2227612167
310.7447101192
348.3982048812
411.8691184721
3455.9440030885
3858.2550439481
1884.3500162381
2051.9680056059
3342.4107866763
3440.5394711678
1817.7936176171
4121.2573078029
5288.5396050093
523.6331170408
416.8762495628
346.4209424255
306.8374840102
308.7058243499
314.2330630658
352.1840366071
880.6716765661
3008.3205175554
2729.7776324248
3770.1576816121
4299.2060688123
3208.1147840135
2500.0047077090
401.9871336841
335.6761284153
350.9572457736
377.8062847424
2219.3754454022
5096.6727079362
4017.6382338749
405.3630490378
428.9153425665
290.0422563625
5859.2694686839