0.0072675256
0.0070786134
0.0070806688
0.0072372304
0.0075455266
0.0080286533
0.0137218683
0.0098851384
0.0094940145
0.0103861828
0.0122121216
0.0088352151
0.0085973057
0.0084264378
0.0084365739
0.0087009168
0.0093021041
0.0103726033
0.0121327396
0.0217102718
0.0557261860
0.0704494263
0.0502020959
0.0511776010
0.1660556044
0.0661565326
0.0125153158
0.0100495188
0.0085762570
0.0077229870
0.0044334733
0.0044398293
0.0045450468
0.0047505210
0.0050815880
0.0055884418
0.0181346093
0.0213516357
0.0123277643
0.0166371029
0.0205726102
0.0324216377
0.0068012056
0.0066120419
0.0065626744
0.0067157693
0.0071233319
0.0078607984
0.0147213323
0.0769470074
0.0558783948
0.0394822150
0.0528158378
0.0570738328
0.0592535127
0.0076189145
0.0062002134
0.0053245814
0.0048164109
0.0045449893
0.0040946735
0.0041727228
0.0044666347
0.0049782429
0.0056349997
0.0100252254
0.0428702517
0.0204015164
0.0253354269
0.0275804152
0.0413538369
62.9745254953
0.0257581746
0.0393969097
0.0604800986
0.0455564859
0.0365954590
0.0516029053
0.0354117699
0.0437960358
0.0068201817
0.0054609780
0.0046537737
0.0042372790
0.0039461768
0.0039961555
0.0042133474
0.0045810643
0.0050799146
0.0057284070
0.0416614768
0.0407064773
0.0165257967
0.0364910974
0.0320975209
0.0274943084
0.0543391866
0.0395609189
0.0379460679
0.0334612369
0.0429356727
0.0410186894
0.0570695654
0.0074621083
0.0060854661
0.0050846999
0.0044407504
0.0040819484
0.0039458785
0.0039906127
0.0042533529
0.0047266083
0.0054524879
0.0389340956
0.0438080572
0.0216281774
0.0235776061
0.0377754930
0.0387930972
0.0210678928
0.0462098914
0.0595366914
0.0068386623
0.0055581898
0.0046682790
0.0041532330
0.0041353485
0.0042093982
0.0046577656
0.0104695176
0.0333979080
0.0305494565
0.0416964865
0.0473746992
0.0356956116
0.0280228092
0.0052698947
0.0044677533
0.0045896031
0.0048835489
0.0247482652
0.0554782413
0.0439427441
0.0052241156
0.0054389162
0.0039458785
62.9745254953