0.1965899157
0.1921512413
0.1924855109
0.1967091967
0.2047720120
0.2172514764
0.3550782535
0.2638710138
0.2550162165
0.2768367150
0.3209105119
0.2399126117
0.2343135534
0.2303062762
0.2307624148
0.2375553822
0.2527404983
0.2795195141
0.3231369555
0.5581638022
1.3801466794
1.7335014483
1.2409344755
1.2667080107
4.0370929180
1.6164034998
0.3252464237
0.2647077330
0.2285432404
0.2076494986
0.1221856034
0.1223672952
0.1251350816
0.1305328379
0.1392181488
0.1524854541
0.4686019560
0.5451348402
0.3191125098
0.4312065038
0.5253321730
0.8269326076
0.1875461740
0.1832674654
0.1824123892
0.1866626869
0.1973744656
0.2163934615
0.3946893340
1.9919930762
1.4387048888
1.0239197057
1.3550825564
1.5002348112
1.4899976098
0.2043417728
0.1677833809
0.1452148312
0.1320923158
0.1250702115
0.1116000489
0.1134994141
0.1209511819
0.1340720012
0.1513253716
0.2704149707
1.1503166580
0.5360396069
0.6791222313
0.7359241942
1.1041231275
138.2738092010
0.7128695496
1.0896252616
1.6460966046
1.2429880466
0.9939842250
1.4057012130
0.9836962660
1.1726281271
0.1832320862
0.1474322912
0.1263041203
0.1153966699
0.1072598654
0.1084551980
0.1140660978
0.1237758982
0.1373420231
0.1555836824
1.1927434893
1.1436697727
0.4572104182
1.0341013577
0.9055197673
0.7765453681
1.5435945066
1.1272415603
1.0882896898
0.9593676685
1.2247742840
1.1924751079
1.6224729175
0.2028966409
0.1648681998
0.1377709740
0.1205283045
0.1109445949
0.1076112877
0.1087507378
0.1159212546
0.1292551760
0.1503882647
1.1645505798
1.2905374096
0.6375816859
0.6909853399
1.1219095841
1.1576974980
0.6173926877
1.3922155445
1.7742726601
0.1888728627
0.1522341130
0.1274453932
0.1133090871
0.1136857200
0.1158466932
0.1289504737
0.3053240551
1.0234824622
0.9250958278
1.2788393960
1.4603363350
1.0919680741
0.8541266912
0.1460154000
0.1230366673
0.1277618565
0.1368053761
0.7588916563
1.7394264751
1.3737014052
0.1463745617
0.1538998800
0.1072598654
138.2738092010