0.0048578890
0.0047352489
0.0047365340
0.0048379478
0.0050374174
0.0053495805
0.0090387006
0.0065488462
0.0062997887
0.0068805442
0.0080625471
0.0058825402
0.0057330737
0.0056276134
0.0056386045
0.0058125277
0.0062021274
0.0068922552
0.0080245127
0.0141629466
0.0361494925
0.0456331540
0.0326454987
0.0331808194
0.1070826796
0.0430779268
0.0082605154
0.0066625533
0.0057071490
0.0051535120
0.0029786363
0.0029825232
0.0030509463
0.0031847058
0.0033999631
0.0037287016
0.0117080346
0.0137994421
0.0080812080
0.0107960516
0.0133429075
0.0208380669
0.0045412622
0.0044260947
0.0044004616
0.0045037286
0.0047687368
0.0052432651
0.0095949738
0.0490361884
0.0357481079
0.0253030043
0.0337749799
0.0363905153
0.0379348964
0.0050453659
0.0041273646
0.0035592048
0.0032286314
0.0030516195
0.0027451017
0.0027954879
0.0029871042
0.0033210385
0.0037497720
0.0065548030
0.0274144748
0.0131395790
0.0162931216
0.0177221898
0.0264620807
1.0186790393
0.0167361908
0.0255036248
0.0387982106
0.0293840210
0.0236115333
0.0332010644
0.0231125669
0.0280123646
0.0045261438
0.0036394196
0.0031119230
0.0028390670
0.0026487114
0.0026808949
0.0028235559
0.0030661300
0.0033966415
0.0038283315
0.0277549865
0.0266415233
0.0108265733
0.0240929807
0.0211437370
0.0181416221
0.0358642515
0.0262767128
0.0254037069
0.0225000678
0.0285941761
0.0280360933
0.0377282605
0.0049838116
0.0040657586
0.0034024570
0.0029765262
0.0027390599
0.0026593192
0.0026887526
0.0028653793
0.0031867880
0.0036862299
0.0277128140
0.0303032139
0.0151550809
0.0163192239
0.0265602763
0.0275525740
0.0147126055
0.0334570779
0.0419999697
0.0046328599
0.0037497582
0.0031459793
0.0027990093
0.0028069955
0.0028590514
0.0031741265
0.0073728012
0.0250972970
0.0223722101
0.0312883466
0.0359475674
0.0267965078
0.0209985378
0.0035959410
0.0030359697
0.0031500065
0.0033673267
0.0187535970
0.0437773252
0.0345783014
0.0036059492
0.0037902641
0.0026487114
1.0186790393