697.3394887512
691.6825554037
699.1916393398
718.0991446063
748.9494861055
793.8481928514
1103.5454306455
907.5033357535
925.3119370927
944.3169947478
1070.1736159164
889.6913701003
871.4140355708
856.4338615943
855.4533377251
875.0240811955
921.3184860905
1003.1621616563
1134.2780414705
1916.2723435414
3777.6340936183
4065.5637708840
2997.8644152154
3803.3113682003
6819.1990782845
3644.2707578821
1000.5779811238
854.6328757014
768.5344494923
720.4252245356
464.3277872393
465.7424780820
476.2619884272
496.1989836920
528.0690359696
576.9703240990
1781.6062178399
2009.6808177748
1114.6755239071
1615.1102958066
1888.4654458804
3119.7273115109
728.0717722267
713.4933502724
710.4219026977
725.8399414492
764.8590216339
833.6943245697
1536.9919137846
7803.0731101399
5527.2529716265
3943.4563064385
5191.5471092531
5943.0708909920
5505.6800794232
743.9209613885
617.2650163831
540.8288912686
496.8103090998
473.5124389918
407.2250684230
411.1473266694
431.7790383345
470.5419765094
529.2032094334
1017.0293141835
4613.2858950667
2076.3542351932
2697.7870165362
2926.8625378084
4435.4123305110
1517.4561256113
2879.7502654745
4422.7794111221
6680.2643010275
5005.0459037835
3966.8265096888
5652.6855182290
3929.4424774932
4684.8952449990
661.2879892669
532.5956144299
459.0102185369
421.2708831694
384.4503591155
386.1983617215
402.4643777620
433.7468740031
482.9436134913
556.5210826301
4818.3284288423
4630.2864394743
1811.3151697752
4189.0817619566
3665.2180326291
3137.2414061758
6287.3184114177
4567.8568220007
4395.5350935924
3852.2508470912
4937.8218180920
4779.1254956395
6571.9680912366
742.3152148925
596.1610802017
495.6075285716
433.2766543191
398.7468698152
384.9980884228
387.2142854721
411.6999130030
462.0949159988
547.7655067348
4662.8546056552
5205.1515316139
2539.3039547050
2765.2152922411
4509.3533885665
4641.8202918154
2446.9794984385
5560.7123014714
7137.1507208837
696.8830169113
553.6456991581
459.5882954109
406.9101094140
409.8374588292
417.2126815463
468.2634129109
1182.6772716261
4060.2024797568
3683.1630272429
5090.1004033781
5805.1415142840
4328.6403771844
3371.1414557142
534.7642368226
445.9013806934
467.0326440129
503.3779427206
2993.7842109517
6885.4676947724
5425.4821336291
540.1490385869
572.4324212463
384.4503591155
7803.0731101399