540.5148953951
537.1401095775
543.4967151642
558.3610682061
582.2123944691
616.6511098367
834.6591036599
701.7166770077
716.9287679266
729.1119530248
819.3680162696
692.5118432235
679.0677023355
667.8507734182
667.0578539564
681.7167158073
716.4393802460
777.6553676078
875.1893550555
1459.4973483827
2778.3774411053
2958.8747267120
2175.7803640021
2810.3276540663
4827.7922911029
2577.3590347685
758.1164655611
652.9518485090
591.0384733642
556.6647044934
363.1888641738
364.3243148281
372.4586711530
387.8480460939
412.4358848040
450.1592394820
1373.6868385874
1537.5343379943
849.6788977855
1243.1917189064
1439.8649574331
2394.2865268771
570.5575102901
559.8693950060
557.7926518159
569.8323971519
599.9544271424
652.8277859338
1199.0752348877
6046.5414267492
4265.8891132120
3051.2133345515
4002.9672915215
4630.0429062983
4200.6495359775
576.8201573256
479.9295914818
421.5623669253
387.9582378961
370.1776118114
316.9561422892
319.7174448260
335.1107566728
364.3515127396
409.4849996818
793.2046562453
3614.9171523530
1613.4239308738
2111.1838609450
2287.8984816828
3471.3109699934
863.0394312993
2270.0749574438
3487.7264092211
5253.5074386162
3934.0756828750
3112.9488651146
4442.1648930358
3096.1780553378
3668.1956072081
512.6724992219
413.3695417679
356.8264606093
327.8402512217
298.6766997581
299.8106366311
312.0871941541
336.0785734312
374.4313435482
432.5820289757
3818.1080083307
3660.2038128108
1425.5884694755
3315.2060803770
2898.3198822883
2480.7841289174
4979.6154101057
3617.5012229015
3482.6044603488
3050.3993041572
3909.0553193258
3790.4668552381
5202.9607599245
577.5871257643
463.0819651726
384.8351862667
336.5518092078
309.8299771401
299.2554336827
300.8510131592
319.8629592298
359.5104878593
427.5611912688
3711.0406998857
4138.2836860498
2016.4675604772
2195.2747425929
3587.0027566177
3693.1971800293
1940.5378862870
4427.1930499130
5679.3172727019
544.1556142746
431.1603999401
357.4704573596
316.3776277238
319.2267928173
325.0539576783
365.5142044520
935.6057814981
3236.9382948666
2933.6235328813
4059.2550163548
4631.0556314013
3449.4572032843
2684.3329621722
417.5552470754
347.5327936218
364.9658207052
394.0413320094
2385.3865091538
5500.1462387837
4331.5875483723
422.8228925952
449.1179163953
298.6766997581
6046.5414267492