0.0066399483
0.0064728296
0.0064748219
0.0066134793
0.0068859924
0.0073123367
0.0123433225
0.0089491852
0.0086102841
0.0094022638
0.0110144358
0.0080420709
0.0078385351
0.0076950225
0.0077103384
0.0079479254
0.0084797445
0.0094214645
0.0109660422
0.0193372802
0.0493202270
0.0622461728
0.0445350913
0.0452637220
0.1460348486
0.0587544454
0.0112810773
0.0091014119
0.0077982164
0.0070430849
0.0040728697
0.0040782041
0.0041717048
0.0043544756
0.0046485961
0.0050977463
0.0159809701
0.0188339925
0.0110366514
0.0147404824
0.0182123879
0.0284351992
0.0062111231
0.0060545854
0.0060201145
0.0061615099
0.0065236473
0.0071716583
0.0131127630
0.0669402331
0.0487938070
0.0345468028
0.0460921162
0.0497036629
0.0517475355
0.0068953695
0.0056416727
0.0048657498
0.0044142836
0.0041725357
0.0037524429
0.0038211863
0.0040827939
0.0045388298
0.0051247282
0.0089633038
0.0374853458
0.0179444859
0.0222745000
0.0242218960
0.0361714511
1.3413718950
0.0229238811
0.0349372692
0.0530999958
0.0402214724
0.0323121104
0.0454480324
0.0316772335
0.0382934041
0.0061860846
0.0049742766
0.0042535931
0.0038808396
0.0036201715
0.0036640835
0.0038589567
0.0041904879
0.0046426103
0.0052338505
0.0380937515
0.0365341896
0.0148255313
0.0330466974
0.0289907175
0.0248756262
0.0492070125
0.0360456638
0.0348588480
0.0308644772
0.0392333791
0.0384679688
0.0517748987
0.0068139902
0.0055575076
0.0046504112
0.0040681975
0.0037436646
0.0036344578
0.0036746953
0.0039162534
0.0043561811
0.0050404878
0.0379857197
0.0415849092
0.0207736889
0.0223827626
0.0364193138
0.0377606896
0.0201625842
0.0458091508
0.0576022037
0.0063342788
0.0051256234
0.0042997751
0.0038254034
0.0038361026
0.0039074073
0.0043385970
0.0100921149
0.0342718891
0.0306064637
0.0427349811
0.0490562381
0.0365885675
0.0286659097
0.0049146464
0.0041490614
0.0043044025
0.0046015980
0.0255832949
0.0595428466
0.0470301343
0.0049271284
0.0051780700
0.0036201715
1.3413718950