377.7156559817
376.2117984840
381.0469072516
391.4960120764
407.9335220688
431.4292557072
563.1583076893
488.0883250745
499.3927685322
506.3482814924
561.5897926002
485.7593083404
477.3109421659
470.0982780078
469.6653228424
479.4487133963
502.4836859226
542.8174542195
606.4371255711
986.5837239602
1790.2439888346
1884.1333490826
1384.0541347474
1812.8045610200
2977.8122482542
1576.8922906590
513.6723828807
447.6046749113
408.8008951069
387.4452064205
256.6490716960
257.4587892944
263.0746777544
273.6870142748
290.6335758971
316.6141394019
941.2197216945
1040.6006516479
575.2875795286
850.6502230643
970.9279064094
1626.0551181378
403.8493940888
397.2431530424
396.2480583783
404.7710228021
425.5635444799
461.6867711425
840.0280327110
4170.7421472967
2924.6940390320
2102.2777329226
2739.3114756008
3225.7441664104
2822.7350717528
401.9439243038
336.0080047609
296.3408712802
273.4912855382
261.3943847284
222.5829774027
224.2693383876
234.4754009580
254.1498143688
285.2740556515
557.1588853453
2546.5371613212
1120.5534021554
1484.4890198278
1604.8347487718
2438.5176724668
402.0321348652
1618.6968076553
2487.7767102877
3725.0184082706
2789.4445426888
2201.7661691303
3148.4739959753
2208.9268083173
2580.4374098970
357.4360398357
288.8656978417
250.0372613777
230.1390726535
209.3202418144
209.9328805813
218.2241150762
234.7650955397
261.7629729703
303.4216870740
2753.6641724437
2625.1832092564
1015.1159644336
2383.6044625348
2080.4966096447
1781.1966091545
3584.3254145453
2604.6819291868
2511.6596813701
2198.3329252600
2814.4068617248
2742.1335504302
3744.2939482809
405.2320626153
324.1353786215
269.3046468441
235.7027547029
217.1398539048
209.9950315131
211.0316949921
224.3981612380
252.7364773935
302.0156605055
2704.5574878848
3006.6658245153
1463.6120718603
1591.5138662293
2610.0456533558
2689.9095081242
1405.2744310166
3230.4528063657
4136.7382506297
384.3298564542
303.2637647891
250.9940521400
222.0570900331
224.8191251340
229.0596333216
258.3471301982
675.6451393251
2369.7822704072
2142.7512099107
2973.1421024083
3395.0183918017
2524.0395903419
1961.6967279981
295.1267117686
244.9466423268
258.4353055491
279.8221648954
1745.6832437728
4045.2077557423
3183.0711034938
300.2033503378
320.1333148559
209.3202418144
4170.7421472967