5.0825236271
4.9791489579
4.9944127603
5.1070726565
5.3165772750
5.6377490717
8.9861828745
6.7722678012
6.6055913060
7.1013404526
8.1947673325
6.2409267723
6.1007610100
5.9987622711
6.0088952446
6.1791876081
6.5611524456
7.2338781609
8.3258292262
14.2630103890
34.2184604476
42.0504107586
30.3796849232
31.7025652844
94.0492932859
39.3722061294
8.2242962422
6.7427813937
5.8586951948
5.3495532238
3.1939939062
3.1994849173
3.2714355064
3.4111687742
3.6357809272
3.9789957466
12.1435627055
14.0398803291
8.1816936735
11.1554503951
13.4878726214
21.3617008460
4.9184178010
4.8113664764
4.7908656564
4.9013675582
5.1780638211
5.6676439116
10.3195987323
51.8816116210
37.3265298460
26.6069777895
35.1256766574
39.2361071666
38.2983658781
5.2914639192
4.3560825152
3.7802813184
3.4458119709
3.2670442410
2.8967998456
2.9426916629
3.1283190455
3.4577904986
3.8991865237
7.0420055334
30.2281766964
13.9623765860
17.8128301857
19.2937017200
28.9972329860
181.9950280930
18.8277162840
28.7990687474
43.4188130371
32.7578764131
26.1436951414
37.0328094436
25.9490671224
30.7909259218
4.7399970604
3.8167090764
3.2746256693
2.9950734718
2.7762782199
2.8044209697
2.9451761139
3.1922501586
3.5436924265
4.0250563885
31.6223484132
30.2696765858
12.0353980904
27.3983035387
23.9757252479
20.5577279884
40.9446973866
29.8834700436
28.8555401362
25.4136457649
32.4492269273
31.6223545175
43.0026601952
5.2665698093
4.2704338569
3.5660165134
3.1201062392
2.8725351903
2.7856248646
2.8131831037
2.9977203390
3.3466751340
3.9073835633
30.9567905913
34.3002593212
16.9114356855
18.3327015550
29.8229944862
30.7764082527
16.3546257636
37.0194499095
47.1889392291
4.9173031780
3.9514011160
3.3028066754
2.9346150143
2.9485575593
3.0046369102
3.3505359725
8.0537739841
27.2229540090
24.5965562982
34.0376499664
38.8749812767
29.0385048440
22.6893356316
3.7986905581
3.1939661368
3.3246611747
3.5657766840
20.1686649497
46.3406471483
36.5741554658
3.8168057151
4.0218331313
2.7762782199
181.9950280930