5.8290907369
5.7185016541
5.7426487863
5.8781155339
6.1251134276
6.5012746779
10.2479615618
7.7760211557
7.6286521364
8.1433991113
9.4076858187
7.2078262268
7.0400790502
6.9149218188
6.9204315472
7.1128569775
7.5516659617
8.3280171050
9.5897939899
16.5901345364
38.9664019666
47.2481039186
34.0451310057
36.6027716830
103.1195560625
43.8491734590
9.3475239146
7.6842750032
6.6934206469
6.1247430029
3.6855308950
3.6928474329
3.7773251291
3.9406496677
4.2030326165
4.6046674899
14.3640895579
16.5845665080
9.5140832746
13.1407437127
15.8541870609
25.3588217132
5.6984289473
5.5670113147
5.5379048809
5.6639630829
5.9866678131
6.5612945602
12.0985842335
61.7148246340
44.3261597067
31.5173386846
41.7406984804
46.5125291251
45.5358529448
6.1206064376
5.0309312756
4.3628433810
3.9757005355
3.7693127744
3.3313263681
3.3820188988
3.5917763488
3.9661855400
4.4751423038
8.1833394256
35.6519757782
16.4834069576
20.9743127237
22.7615832572
34.2722162304
477.0537123330
21.9805222712
33.6640956174
51.0557126776
38.4157039593
30.6566484833
43.4490706027
30.1791163925
36.3129614287
5.4707690526
4.3974391736
3.7692834639
3.4457600578
3.1855859299
3.2158280946
3.3748189593
3.6563713086
4.0609440440
4.6198071171
36.4533677409
35.1584316064
13.9971092656
31.7226205326
27.8011358193
23.8171327006
47.4143099922
34.5314543911
33.2370415935
29.2349896021
37.4350189127
36.1711503732
49.7310519951
6.0656866980
4.9144460692
4.0996449681
3.5841470821
3.2978168430
3.1910046122
3.2206669468
3.4303316805
3.8296346666
4.4725898074
35.0260886535
39.0993366637
19.2140016194
20.9009715320
33.8616660669
34.8579447402
18.6010326301
41.7368823261
53.5161995595
5.6375728711
4.5325521303
3.7874307226
3.3635161996
3.3717068711
3.4338454948
3.8264625917
9.1322267779
30.4476473081
27.6568279937
38.0826352160
43.4022329236
32.4907476256
25.3941385627
4.3432038286
3.6533899605
3.7929617116
4.0633085100
22.5197974559
51.3432696417
40.5468639326
4.3510071801
4.5742402018
3.1855859299
477.0537123330