1.1898127847
1.1654984401
1.1694668731
1.1966911300
1.2471102871
1.3243586175
2.1232160514
1.5934934610
1.5564106818
1.6703492605
1.9353749320
1.4660835846
1.4308921312
1.4048497581
1.4060804849
1.4461745503
1.5375576122
1.6994670865
1.9632876619
3.4204006850
8.1979118630
10.0275225136
7.2153081558
7.6526361914
22.2219131816
9.3379351410
1.9372709224
1.5844455172
1.3741047810
1.2531188029
0.7467649041
0.7481662178
0.7654063203
0.7988062352
0.8524967815
0.9346836876
2.9398694647
3.4077252825
1.9566954659
2.6908269764
3.2624181277
5.2034855025
1.1528842747
1.1252051896
1.1188171894
1.1444070586
1.2104535301
1.3284588843
2.4575732141
12.6007027009
9.0703470342
6.4402082336
8.5478190826
9.4663503173
9.3776941297
1.2488141465
1.0243770542
0.8865773280
0.8067007985
0.7641018510
0.6779227597
0.6887882949
0.7327254734
0.8106951634
0.9153227436
1.6645765238
7.2260686846
3.3600552306
4.2543142929
4.6202976646
6.9514049700
283.9619897331
4.4321562089
6.7859651481
10.3173251435
7.7640347667
6.2039307015
8.7841175071
6.0860754932
7.3644123714
1.1165387090
0.8967544314
0.7677366095
0.7012668743
0.6492745988
0.6558732360
0.6889780837
0.7470143825
0.8293823622
0.9417641228
7.3131564192
7.0715270309
2.8261005166
6.3721905118
5.5886387717
4.7877522742
9.5177443363
6.9311090921
6.6670549769
5.8665797897
7.5152526974
7.2447599717
9.9853120182
1.2345727907
1.0015748085
0.8357808396
0.7305281620
0.6720323886
0.6501198113
0.6564412845
0.6992776132
0.7799254175
0.9085541982
6.9882639068
7.8132263169
3.8425640358
4.1819480177
6.7606286843
6.9560301898
3.7243181814
8.3202857487
10.6789035494
1.1441143997
0.9218740073
0.7711209672
0.6850616901
0.6857667924
0.6983310228
0.7770538163
1.8325527337
6.0580927107
5.5108631264
7.5747540397
8.6279396925
6.4664665391
5.0582671279
0.8814354625
0.7426164725
0.7693164810
0.8230187552
4.4823148907
10.1867484814
8.0490055154
0.8811252060
0.9245132291
0.6492745988
283.9619897331