207.5189161735
207.0375779737
209.8205016604
215.5249771879
224.3677585086
236.9055883071
300.0231173252
266.6852077002
273.0199339101
276.3938969068
302.9014575855
267.2651569328
263.1784161126
259.6235727511
259.5162834942
264.6930474088
276.7228227072
297.5990902348
330.1612616295
522.7529959565
909.5942721753
948.7636538442
698.8784495272
918.3312163013
1462.0407142204
768.9635600139
275.0020692823
242.0633554293
222.7467627694
212.1938497830
142.1905740705
142.6336714074
145.6639994686
151.3902399178
160.5308643755
174.5272815909
502.7065012312
549.2483338186
305.5678579180
454.3676644883
511.5269927899
859.8346397309
223.8531112993
220.7569005205
220.5034035961
225.2494238843
236.4849978818
255.7706375542
459.7279603662
2239.2893026430
1561.4560395656
1128.7143220368
1459.1917270696
1750.8001084015
1475.6334801825
219.6563201551
184.5171900744
163.3797782935
151.1887272161
144.7259997006
122.7175392439
123.5400547854
128.8966820289
139.3496844654
156.2023239562
306.4004942639
1399.0542986697
606.8716139549
814.3821644154
877.9003607592
1335.3412038606
157.3936239690
901.9229706647
1386.1780955706
2061.0458753641
1544.3183031597
1216.1067238313
1742.2996727313
1232.5681914137
1415.8735792279
195.5509431400
158.4528828851
137.5406336860
126.8240225590
115.2586990465
115.5246851354
119.9566261127
128.9447528838
143.8563675015
167.1880520352
1554.8666432275
1472.3807716042
565.2958609208
1340.8665265144
1168.2365085994
1000.5506920287
2018.2039949489
1467.7953081191
1418.4778855900
1241.0331345050
1586.4988349448
1555.1255678128
2108.6577900585
223.1428153384
178.1317093024
148.0061374185
129.6620413084
119.5473925068
115.8185125171
116.3679172255
123.7700660891
139.6650259943
167.6113951359
1547.0834348209
1712.8543609941
833.5498121991
904.8670686508
1490.0135312834
1537.4679913209
798.6591483646
1851.0594265184
2364.0966833059
213.1851966662
167.5573403210
138.4652248723
122.4758311889
124.4609762946
126.8976073883
143.5392402539
383.2591084657
1363.8411829061
1229.5023767255
1711.4781432460
1956.5403586606
1451.6426883151
1127.0596511880
163.9214043945
135.6893848575
143.8603682707
156.2101370738
1004.5718763699
2340.6068960973
1840.2227348506
167.5406401355
179.3885324700
115.2586990465
2364.0966833059