0.8623231971
0.8449326290
0.8479340935
0.8677173910
0.9042517039
0.9601647434
1.5343076667
1.1537905717
1.1280535039
1.2091285859
1.4002541158
1.0632223525
1.0378588639
1.0190593658
1.0199390568
1.0488837188
1.1148591224
1.2317187409
1.4220384315
2.4740019835
5.9061926627
7.2099635585
5.1910559798
5.5200531439
15.9283470696
6.7160510572
1.4000954777
1.1461866145
0.9948328952
0.9078082435
0.5419458017
0.5429749258
0.5554694129
0.5796654051
0.6185559481
0.6780873670
2.1294112512
2.4662990473
1.4157628425
1.9487721487
2.3604034039
3.7669931144
0.8369348467
0.8169975556
0.8124307734
0.8309947859
0.8788328559
0.9642491484
1.7826249460
9.1314061615
6.5699610042
4.6664359242
6.1906006035
6.8643995463
6.7838098675
0.9050507618
0.7426951925
0.6430399306
0.5852778407
0.5544753172
0.4915592496
0.4993635076
0.5310502876
0.5873420787
0.6630638365
1.2071653293
5.2442505051
2.4356086028
3.0870027239
3.3521220661
5.0441882677
245.0565528695
3.2198225823
4.9300727464
7.4921873425
5.6376412622
4.5036584968
6.3780293514
4.4209053425
5.3438273756
0.8091232339
0.6499551663
0.5565778372
0.5084745531
0.4706383347
0.4753629388
0.4992640004
0.5412443884
0.6009664647
0.6826468931
5.3179828010
5.1395850384
2.0525054368
4.6326708024
4.0622914112
3.4801720404
6.9201366365
5.0395549864
4.8480836415
4.2657149145
5.4641856206
5.2697817580
7.2597726372
0.8951383349
0.7260096503
0.6057927669
0.5295275036
0.4871482775
0.4712848901
0.4758307722
0.5068693818
0.5654350701
0.6590187835
5.0870867899
5.6858623384
2.7957902278
3.0425763490
4.9205784207
5.0633170323
2.7090482852
6.0575141711
7.7731982721
0.8300203250
0.6685013772
0.5590685589
0.4966412412
0.4972901153
0.5064141044
0.5636635130
1.3324534809
4.4121448892
4.0125223666
5.5170838361
6.2848727629
4.7092448006
3.6831001204
0.6394509717
0.5385756387
0.5581783265
0.5973050496
3.2642257783
7.4230421297
5.8649074220
0.6394960550
0.6712461102
0.4706383347
245.0565528695