0.0078140172
0.0076086725
0.0076096286
0.0077773711
0.0081087840
0.0086287346
0.0147922994
0.0106347779
0.0102069041
0.0111765494
0.0131483692
0.0094927079
0.0092358094
0.0090515605
0.0090626371
0.0093478686
0.0099964304
0.0111514875
0.0130513650
0.0233824677
0.0602210354
0.0762193684
0.0542820205
0.0552606374
0.1799665381
0.0716363558
0.0134932259
0.0108252982
0.0092310906
0.0083074738
0.0047598257
0.0047665408
0.0048796472
0.0051006159
0.0054566884
0.0060018306
0.0195000043
0.0229843699
0.0132741713
0.0178995351
0.0221444861
0.0348791852
0.0072994220
0.0070950461
0.0070414752
0.0072059454
0.0076443298
0.0084379493
0.0158115869
0.0827043504
0.0600859044
0.0424326751
0.0567986282
0.0613104287
0.0637591596
0.0081903587
0.0066627867
0.0057197174
0.0051723736
0.0048800042
0.0043998077
0.0044843153
0.0048016058
0.0053534334
0.0060603799
0.0107682949
0.0460213387
0.0219273941
0.0271952089
0.0296215318
0.0443985462
62.5884618938
0.0276280292
0.0422476788
0.0648818278
0.0488741116
0.0392719097
0.0553624192
0.0379716537
0.0470251495
0.0073323228
0.0058702215
0.0050014324
0.0045531253
0.0042415490
0.0042957744
0.0045300456
0.0049260545
0.0054621419
0.0061573807
0.0446412167
0.0436294166
0.0177296469
0.0391049201
0.0343971355
0.0294680878
0.0582150099
0.0423991832
0.0406611529
0.0358560463
0.0460062213
0.0439362727
0.0611711128
0.0080186026
0.0065409037
0.0054655679
0.0047731915
0.0043873575
0.0042409902
0.0042893943
0.0045719289
0.0050797531
0.0058571301
0.0416732939
0.0469063474
0.0231566008
0.0252543474
0.0404373136
0.0415228734
0.0225604829
0.0494452724
0.0637142944
0.0073448227
0.0059720445
0.0050168316
0.0044636204
0.0044433053
0.0045227809
0.0050032008
0.0112180259
0.0357276166
0.0326883001
0.0446001459
0.0506793349
0.0381888154
0.0299818334
0.0056600640
0.0047999458
0.0049289125
0.0052432405
0.0264762018
0.0593104896
0.0469970053
0.0056086968
0.0058371520
0.0042409902
62.5884618938