0.0049674210
0.0048442160
0.0048487884
0.0049570643
0.0051674822
0.0054956581
0.0092645169
0.0067370706
0.0064890073
0.0070735490
0.0082877150
0.0060554598
0.0058966743
0.0057820176
0.0057887702
0.0059665632
0.0063708200
0.0070897446
0.0082694731
0.0147009862
0.0372174602
0.0468391415
0.0334064693
0.0342751551
0.1096328072
0.0438488386
0.0084527118
0.0068136720
0.0058347741
0.0052685512
0.0030493202
0.0030539471
0.0031257965
0.0032658992
0.0034915304
0.0038369234
0.0123494185
0.0144880586
0.0083605740
0.0113221236
0.0139434447
0.0220246458
0.0046837056
0.0045578267
0.0045259061
0.0046311255
0.0049089386
0.0054100300
0.0100983621
0.0525063458
0.0380766757
0.0269272925
0.0359638629
0.0390713852
0.0401051791
0.0052077552
0.0042458493
0.0036527018
0.0033085147
0.0031247126
0.0028059219
0.0028575346
0.0030546572
0.0033991598
0.0038454964
0.0068746193
0.0294792017
0.0139474064
0.0174023711
0.0189302986
0.0283993708
50.1834073876
0.0178099274
0.0272271119
0.0416842357
0.0314086814
0.0251968617
0.0355641450
0.0244670724
0.0300945248
0.0046612741
0.0037351357
0.0031864355
0.0029033804
0.0027007270
0.0027334746
0.0028797623
0.0031292557
0.0034710559
0.0039202714
0.0289473489
0.0281993277
0.0114073469
0.0253244132
0.0222394699
0.0190500796
0.0376986276
0.0274709704
0.0263738928
0.0232376573
0.0297958252
0.0285390090
0.0396265365
0.0051126599
0.0041646864
0.0034789321
0.0030389943
0.0027939969
0.0027015742
0.0027312952
0.0029108625
0.0032375038
0.0037430646
0.0271993691
0.0305505993
0.0150738539
0.0164267167
0.0263733344
0.0271029216
0.0146653371
0.0323136250
0.0415805851
0.0046980135
0.0038108868
0.0031978682
0.0028442048
0.0028356052
0.0028867404
0.0031984026
0.0072705107
0.0233988214
0.0213701339
0.0292238012
0.0332257352
0.0249985304
0.0196014168
0.0036204649
0.0030650740
0.0031549514
0.0033613096
0.0173355060
0.0389901319
0.0308637489
0.0035961925
0.0037510245
0.0027007270
50.1834073876