49.7120435486
48.7918528517
49.0148740997
50.1843107838
52.3040997637
55.5257886228
87.1803899714
66.1028302818
65.1749658347
69.2656271425
80.0709091879
61.5880989483
60.1455648747
59.0628283506
59.0968836327
60.7284918315
64.4637857784
71.0784026780
81.8304957154
141.8872137168
330.8667836732
394.9270541089
287.0936253242
312.4609400244
834.0390332827
370.6834962742
79.4250878588
65.3693905698
56.9992964179
52.2002126535
31.4926361527
31.5585989807
32.2836852287
33.6828623424
35.9298074620
39.3704963163
123.3579556776
142.4325323765
81.4500616958
112.7843695916
136.0398681637
217.9668566908
48.7467020070
47.6110984540
47.3533504603
48.4270170651
51.1872570218
56.1078567790
103.6738335026
530.4391154542
380.8654119192
270.6317539207
358.6859575376
399.4104949613
391.4813471001
52.2712984164
42.9626953528
37.2627891648
33.9622799455
32.2043354468
28.4182120394
28.8446182394
30.6203246263
33.7942576328
38.1250963014
69.9319946909
305.7864085810
141.3463293671
179.8033905614
195.2603978833
294.1427620733
1024.1893067670
188.2521726851
288.3673739304
437.8019422842
329.2544222388
262.7140231306
372.3695844739
258.2670078226
311.4757308551
46.6859807494
37.5148270444
32.1545524952
29.3955575428
27.1502862110
27.4018051791
28.7473165958
31.1365088804
34.5802561960
39.3512522141
311.5593843787
300.8000624042
119.7254047412
271.3006896332
237.8340224941
203.7111767991
405.6113643857
295.2885556477
284.1026033720
249.8320210467
320.0361532808
308.8571032396
425.2810511253
51.7561768443
41.9156953563
34.9550122489
30.5543729724
28.1105245334
27.1860493509
27.4326964557
29.2126963764
32.6128371526
38.0985087156
298.6602988082
333.6989913941
163.8938866093
178.3667447607
288.8835158294
297.2985945432
158.6915832100
355.7932813845
456.5468293255
48.0777874961
38.6423013952
32.2802272943
28.6611413427
28.7221008424
29.2463746893
32.5898676711
77.8245740395
259.2606785630
235.6628271452
324.3522370826
369.5466381576
276.6806937464
216.2440443829
37.0154784601
31.1285460575
32.3108739575
34.6110669575
191.7159907516
436.8202283287
344.9793996109
37.0724090009
38.9681475492
27.1502862110
1024.1893067670