400.0576098424
399.1764887062
404.5559886330
415.5432085935
432.5571010928
456.6658411000
577.0153504772
513.8700775209
526.0924279024
532.5457142046
583.0815471798
515.2616761099
507.4720890953
500.6868676566
500.5044940196
510.4565682000
533.5523412060
573.5996731615
636.0042511975
1004.6310255149
1742.4935040452
1816.3208715733
1338.4559391451
1758.6338203720
2793.4577388396
1468.6935074172
529.1159760803
466.1016523240
429.1509778270
408.9755536692
274.2804641085
275.1337032503
280.9658331659
291.9868787563
309.5789733910
336.5134847680
966.6296200831
1055.0849860809
587.4280728251
873.7325778799
982.5665847107
1651.8785634404
431.8061398530
425.9244745639
425.4845183776
434.6442520479
456.2715655405
493.3548864751
885.7643565139
4307.2388478253
3002.1154201881
2171.2715881035
2805.0249804286
3370.6844641716
2832.1595913161
423.2388352243
355.6748190941
315.0314335433
291.5872672241
279.1573238812
236.6336709660
238.2045679249
248.4944918140
268.5929700333
301.0410262769
590.6126835490
2696.2511323805
1168.2378221740
1569.4633762537
1691.3415610694
2572.9154725976
294.8395489526
1740.3539706447
2674.8301230368
3974.4932721246
2978.3677881450
2344.8278517397
3360.0026771358
2378.6481491811
2728.6032012202
376.8328283261
305.4128414450
265.1667892849
244.5421895447
222.2333014606
222.7365149240
231.2629376056
248.5758180676
277.3328939003
322.3743358638
3003.8021816841
2842.6356412053
1090.8481585747
2589.5224393383
2255.7683999845
1931.9847507180
3897.9982190681
2834.9996413303
2740.2574638081
2397.4985645767
3064.5450232805
3005.5417189452
4072.6027955358
430.2330320330
343.3976162625
285.3263119877
249.9832918360
230.4987199560
223.3449353896
224.4021760681
238.6820638846
269.3744317755
323.3826144520
2992.2362799026
3311.4489347762
1611.5433467322
1749.1690331871
2881.3283452553
2973.4563610873
1543.7920772228
3580.5973962236
4571.7813638429
411.2886632024
323.1594696540
267.0195720527
236.1824754612
240.0859740586
244.8009736310
276.9694028943
740.7750074908
2639.1080992911
2378.5710416083
3311.9140622182
3786.6068914352
2809.0280175519
2180.6548461970
316.2871857965
261.7579305669
277.6327361714
301.5361412080
1943.9111265149
4531.4675660267
3562.4496347762
323.3996136810
346.3847451789
222.2333014606
4571.7813638429