0.0207151278
0.0202013159
0.0202099775
0.0206411921
0.0214864177
0.0228071599
0.0382894903
0.0278866845
0.0268295636
0.0292928236
0.0342405712
0.0251008549
0.0244819621
0.0240473974
0.0241009444
0.0248389635
0.0264835044
0.0293893498
0.0341465403
0.0598198793
0.1520309906
0.1922190673
0.1375205262
0.1393489941
0.4523197598
0.1810699490
0.0350281100
0.0283058979
0.0242864229
0.0219576437
0.0127318528
0.0127483747
0.0130387093
0.0136064341
0.0145200447
0.0159146684
0.0493603633
0.0580822431
0.0341848147
0.0455809461
0.0562136392
0.0876245710
0.0194308874
0.0189597384
0.0188624305
0.0193068829
0.0204327881
0.0224397442
0.0408374402
0.2069753779
0.1507193944
0.1068735491
0.1422167587
0.1543229967
0.1590855393
0.0214815989
0.0175962997
0.0151910509
0.0137910831
0.0130411613
0.0117136884
0.0119258070
0.0127363706
0.0141514964
0.0159753355
0.0280083744
0.1171078225
0.0556527763
0.0695061287
0.0754579706
0.1127421414
11.5864407438
0.0721818122
0.1100650276
0.1665754924
0.1262281019
0.1012631329
0.1426390637
0.0999136633
0.1195763156
0.0192804070
0.0155105855
0.0132712670
0.0121132138
0.0112952720
0.0114308694
0.0120364696
0.0130696371
0.0144847992
0.0163460709
0.1208480428
0.1155484890
0.0466208215
0.1046301937
0.0916643215
0.0786686979
0.1558989431
0.1141614743
0.1104805247
0.0977168230
0.1242989283
0.1218910915
0.1641065920
0.0212782540
0.0173388162
0.0145055639
0.0126909431
0.0116802660
0.0113409603
0.0114665323
0.0122223993
0.0136047830
0.0157656361
0.1201170445
0.1319042636
0.0656678476
0.0708553380
0.1152869345
0.1193698471
0.0636754923
0.1444386054
0.1824185904
0.0198018466
0.0160043065
0.0134186378
0.0119368988
0.0119750892
0.0122005007
0.0135576282
0.0317541550
0.1073956781
0.0963268412
0.1340080042
0.1535252342
0.1146186321
0.0897508910
0.0153514719
0.0129532368
0.0134439112
0.0143803818
0.0799583277
0.1849714268
0.1460911080
0.0153920097
0.0161790169
0.0112952720
11.5864407438