4.5695031115
4.4829261670
4.5013648086
4.6065242739
4.7984844709
5.0908624734
8.0071866264
6.0922321041
5.9676292176
6.3793185139
7.3555574379
5.6442720271
5.5157168088
5.4202367809
5.4259174970
5.5764668566
5.9180756370
6.5213243085
7.5005081434
12.9043703043
30.3235439344
36.9451482006
26.5905054344
28.3856564065
81.4529585379
34.1893450960
7.3136646657
6.0168359952
5.2440424816
4.8003483418
2.8904174082
2.8959810710
2.9617097005
3.0889070015
3.2932595386
3.6058929034
11.1436035777
12.8525812799
7.4030810021
10.2048064959
12.2966559410
19.6332715220
4.4656239572
4.3657843846
4.3448800782
4.4440601959
4.6955790556
5.1420895854
9.4358290561
47.8500531053
34.3546067665
24.4587826475
32.3362271016
36.1420672800
35.1970377654
4.7869333187
3.9389463559
3.4185929405
3.1168494172
2.9558671638
2.6122309210
2.6518601127
2.8158593875
3.1086366905
3.5064556575
6.3995279926
27.7858353004
12.8185813520
16.3505263744
17.7276921095
26.6869986302
368.1064633785
17.2106714201
26.3514232649
39.8649248672
30.0153360922
23.9426578808
33.9406254570
23.6543081393
28.2965319954
4.2814759922
3.4441628621
2.9540790384
2.7015758733
2.4986202613
2.5223601989
2.6469354512
2.8676281772
3.1849704657
3.6238430245
28.6940152587
27.5924297356
10.9683615728
24.9276311246
21.8325667574
18.7073647168
37.2649265758
27.1560080064
26.1686734175
23.0217362994
29.4508815660
28.5475599853
39.0981792252
4.7540495817
3.8512139104
3.2134125915
2.8102324242
2.5863500180
2.5044544960
2.5279198495
2.6928430343
3.0073006740
3.5146703591
27.7598234564
30.9090351761
15.2004745948
16.5148428995
26.8046598474
27.6166081122
14.7037620203
33.1173042043
42.3815155258
4.4282823084
3.5575247671
2.9721145267
2.6396131736
2.6489699564
2.6984118012
3.0089284704
7.2213048924
24.2247013712
21.9631032479
30.2984703144
34.5552952743
25.8433249560
20.1923021342
3.4143496170
2.8704515662
2.9842969039
3.1994401511
17.9230281165
40.9844875178
32.3545642446
3.4255674299
3.6057863528
2.4986202613
368.1064633785