0.0058386072
0.0056914914
0.0056955601
0.0058221995
0.0060694388
0.0064556779
0.0109306103
0.0079258726
0.0076256355
0.0083242641
0.0097625266
0.0071105471
0.0069228215
0.0067875222
0.0067956133
0.0070055613
0.0074828784
0.0083320183
0.0097262171
0.0173198507
0.0440501653
0.0555664723
0.0396113882
0.0405237241
0.1304410807
0.0520537317
0.0099729582
0.0080293119
0.0068682964
0.0061964099
0.0035769588
0.0035822570
0.0036666674
0.0038313719
0.0040966750
0.0045027925
0.0145210690
0.0170511785
0.0098456612
0.0133153309
0.0164198564
0.0259112206
0.0054917599
0.0053428395
0.0053047653
0.0054281588
0.0057547253
0.0063442961
0.0118529204
0.0616781184
0.0447538126
0.0316389438
0.0422742480
0.0458665814
0.0472293025
0.0061198777
0.0049869475
0.0042880764
0.0038824976
0.0036658792
0.0032954181
0.0033567935
0.0035899854
0.0039969505
0.0045225057
0.0080691699
0.0345581332
0.0163833392
0.0204061797
0.0222139258
0.0333163546
52.3550129733
0.0208438452
0.0318778847
0.0488591596
0.0367969115
0.0295144468
0.0416641556
0.0286512463
0.0353092530
0.0054781611
0.0043889193
0.0037430849
0.0034099033
0.0031732880
0.0032123836
0.0033852317
0.0036792742
0.0040807788
0.0046065785
0.0338560946
0.0330024705
0.0133650071
0.0296240761
0.0260235580
0.0223052330
0.0441182770
0.0321328054
0.0308380214
0.0271859445
0.0348620794
0.0333732781
0.0463591208
0.0060045029
0.0048929501
0.0040876975
0.0035706398
0.0032826687
0.0031740639
0.0032094074
0.0034206031
0.0038035245
0.0043945199
0.0317834855
0.0357098693
0.0176210441
0.0191982915
0.0308119212
0.0316534870
0.0171416762
0.0377396308
0.0485755421
0.0055137904
0.0044751975
0.0037563715
0.0033413128
0.0033301936
0.0033902334
0.0037549165
0.0085040838
0.0273244584
0.0249662705
0.0341109162
0.0387895576
0.0291985708
0.0229042880
0.0042494621
0.0035990708
0.0037027445
0.0039436279
0.0202471057
0.0455011083
0.0360338288
0.0042188796
0.0043984486
0.0031732880
52.3550129733