196.0722648502
193.6686190475
195.2277933833
200.1477568529
208.5178713114
220.9106504116
321.1937776492
255.9597539807
257.5963034422
267.3577495829
304.1379193082
246.6327797820
241.6093696789
237.6687084109
237.7083253526
243.5563774214
257.0100021810
280.6836654337
318.6866277348
535.7573958478
1135.0926829512
1274.8035286549
944.7449500181
1101.1255018044
2387.5734302734
1186.4909212985
292.7037100721
246.6226043273
219.2889742460
203.8074233960
128.0839621129
128.4131110544
131.2816380398
136.7659786134
145.5498646243
159.0002090783
482.4907175294
546.9718622983
310.4600171629
439.7268331885
518.4179912090
843.0602441582
199.6144643524
195.7117912134
194.9882140849
199.3168719388
210.0968230247
229.0477765735
418.2876897565
2099.3970122923
1492.0105432789
1066.5172290892
1400.8042400302
1602.5134479232
1490.2351216076
206.5817951107
171.2414740599
149.7492765458
137.3259080851
130.7231776487
113.4783543130
114.8076817418
121.0427719861
132.5021438867
149.0795263727
280.4851750370
1247.3787481896
562.5979644937
730.6731440968
791.2864359474
1196.4999658103
1442.1906577208
783.0911291398
1201.1351463063
1807.3385361491
1357.5912587534
1077.4260234407
1533.6501323620
1072.9250613303
1267.5642188590
184.2179486478
148.5000187840
127.9117175598
117.3360058822
107.6629973692
108.3627324927
113.2187608463
122.2485765535
135.9755049271
155.9667826282
1319.5093078153
1262.7111717716
494.9525837099
1143.9415205993
1000.1326154938
856.7247632837
1715.3690362756
1248.4939588094
1203.8106083957
1056.4743140426
1351.8029860222
1314.3732300290
1796.0973303413
206.5435295571
166.3148226591
138.4848930261
121.1491587749
111.5501410083
107.9481422151
108.7357099647
115.7223890762
129.7151664708
153.1444817455
1287.7626814096
1432.1379478578
700.7579997392
761.6125756297
1242.9983135245
1281.0239178100
675.5102629462
1537.7602429530
1968.0009417958
194.0503454838
154.5552310868
128.5412310964
113.9491079535
114.8250481660
116.9700044443
131.1152102526
328.1913615004
1126.7686674245
1019.9820441932
1411.5880660852
1611.1203943024
1201.1882093489
936.0405193068
149.3177613103
124.7544214861
130.6089256695
140.6763833195
831.9232506851
1915.9637440476
1510.0248397229
150.8001813431
159.7272330504
107.6629973692
2387.5734302734