773.3052847059
769.2494978096
778.7139423015
800.0641181253
834.0236140995
882.8436373232
1176.5840165915
1002.0999853560
1024.5784832308
1040.4740296706
1162.8975849257
992.5702161523
974.1090971067
958.5544448486
957.4922731129
978.0547896355
1026.6808019313
1112.1896426460
1247.8896111217
2060.7769951098
3844.2285871441
4072.9104014055
2992.4605627543
3892.6327823064
6553.3114946309
3488.1417026478
1070.3941011127
926.4785890299
841.8405104691
795.0234587385
522.1681705040
523.8112757823
535.3997207833
557.3102302233
592.3085640053
645.9904943251
1951.4907638996
2173.3104094814
1200.4661042000
1764.8457131829
2031.8113793741
3389.5992645176
820.9634897196
806.3659889446
803.7574147260
821.0726333484
863.9729841781
938.9745667113
1718.4940610440
8614.1339419606
6062.1604604147
4344.4149539472
5684.4172740451
6622.4091791307
5921.4493043460
824.5375718386
687.3513349287
604.7665961949
557.2135076796
532.0487670653
454.4577111778
458.1902424596
479.7265975600
520.8945895085
585.1237440316
1137.7003948108
5193.3375825228
2304.5256638724
3030.6466710018
3281.2496029696
4981.6189374567
1059.7253177951
3276.8658675183
5035.3378524820
7567.1400367893
5666.4511987521
4479.0739175718
6397.2115663015
4469.7032097999
5266.6958559860
732.9538777440
591.5182928097
511.1759191475
469.9962021314
427.8542654442
429.3123646837
446.6182564594
480.7418740374
535.7880377992
619.8890574720
5536.1810589546
5295.8098865437
2056.4542775762
4801.1613909645
4194.7258208720
3590.8159109002
7214.9717261387
5241.8518418152
5049.5906314513
4421.3028728746
5663.8604277967
5502.1989677792
7537.6001027173
827.8670157519
663.0827595236
550.9730566587
481.9922120740
443.8430403660
428.8929889782
431.0988369737
458.3592614383
515.6208523266
614.4581726174
5402.6767753605
6017.6909891991
2930.8000373156
3189.2663626283
5218.9128798403
5375.5420583080
2817.7635412975
6448.3814387307
8266.6045038468
782.0307007104
618.5741470292
512.4733078912
453.4821682774
458.1874404221
466.6583071810
525.3973087578
1356.8755539154
4720.6209691029
4274.5848128399
5921.2891021239
6757.7452011875
5029.6028944581
3911.9683301494
600.2273790222
498.9866487141
525.0084150219
567.4988486570
3478.2523893367
8036.2213325779
6326.6298662057
608.9116968354
647.8217280563
427.8542654442
8614.1339419606