5.1830773991
5.0845252511
5.1058135103
5.2260945204
5.4455335303
5.7797941736
9.1147041770
6.9148061485
6.7817775819
7.2416166857
8.3661408295
6.4075338803
6.2585338105
6.1474676163
6.1525419717
6.3237231381
6.7138715680
7.4040357077
8.5257158847
14.7449597335
34.6598075688
42.0608974803
30.3021480324
32.5480347661
91.9299955372
39.0208521267
8.3139234622
6.8340089935
5.9523290548
5.4462554383
3.2765086945
3.2829810129
3.3580392550
3.5031758546
3.7363433128
4.0932350711
12.7590357678
14.7339448921
8.4573794540
11.6750376950
14.0886924364
22.5222756254
5.0651377760
4.9485346859
4.9228300052
5.0349433780
5.3217204332
5.8322683878
10.7479997997
54.8037753328
39.3648443512
27.9929976844
37.0695638046
41.3072850121
40.4424167845
5.4410048868
4.4725271949
3.8786653407
3.5345052483
3.3510142131
2.9620437545
3.0071708132
3.1937786226
3.5268065167
3.9792981538
7.2730863317
31.6660363076
14.6411974925
18.6299795731
20.2172654541
30.4381149699
434.5693964176
19.5306085887
29.9086712814
45.3529295537
34.1267881797
27.2345816804
38.5975525598
26.8188320986
32.2539749897
4.8637681137
3.9097722805
3.3513765986
3.0637616022
2.8327295602
2.8596762497
3.0011251886
3.2515421921
3.6112520242
4.1079900750
32.4052672879
31.2441830258
12.4389527350
28.1931134760
24.7077609921
21.1680621151
42.1426852955
30.6941368893
29.5480240233
25.9910589838
33.2764944990
32.1650823990
44.2011370618
5.3930337270
4.3696436431
3.6453197229
3.1870382817
2.9324840144
2.8377437688
2.8641730520
3.0506721708
3.4057723583
3.9775044297
31.1620198061
34.7747921937
17.0913505604
18.5884996927
30.1208753104
31.0116142888
16.5455028936
37.1394979565
47.6059129204
5.0132720572
4.0305791341
3.3680292811
2.9911084833
2.9986511002
3.0539690669
3.4032306414
8.1242080474
27.1009937043
24.6135281887
33.8987099537
38.6380363449
28.9205585625
22.6040763502
3.8626873674
3.2491418220
3.3736021024
3.6142077094
20.0474351252
45.7224044101
36.1067201362
3.8700735668
4.0689890269
2.8327295602
434.5693964176