29.0123935449
28.4855834631
28.6049636369
29.2585609738
30.4466574893
32.2516819774
50.0628331849
38.2763082609
37.6818497230
40.1293674008
46.0624295001
35.7859941383
35.0346547591
34.4834981621
34.5445665848
35.4861126985
37.5896840555
41.2794483610
47.2369734167
79.7220705884
185.4224265511
222.6458842139
162.9522992919
173.2832982819
475.1102220415
210.4855744269
45.8206707412
37.8798986688
33.1446503186
30.4255938912
18.4318536742
18.4664618303
18.8754690505
19.6673527074
20.9389491567
22.8811123413
68.4416768395
78.6151516259
45.9821113727
62.9121894473
75.4734547789
119.7329096931
28.4429289818
27.8786257245
27.7872413434
28.4248164911
29.9906215065
32.7396780293
59.1112326035
293.4375745710
210.3175511173
150.3893463249
197.5400699095
223.4810337853
213.1174670644
30.1494009008
24.9178244069
21.7029891023
19.8357775311
18.8380688214
16.5980326860
16.8406772334
17.8560114453
19.6736151790
22.1543788165
40.3216569641
173.7439717984
79.2881015806
102.2222534707
110.5303251803
166.3529788045
449.6750533641
109.5132410715
167.5751316405
251.2089990525
189.5494157131
150.9103700635
214.1686042585
151.0222810257
176.8148248680
27.0025677886
21.7796913779
18.7288048266
17.1565021740
15.8679437741
16.0129291637
16.7906309890
18.1767618023
20.1860044130
22.9920593824
185.9784131924
177.0197607030
69.8441262862
160.6530501992
140.3681934606
120.3783496627
240.4298059667
175.5263887523
169.7645951917
149.3963566126
190.5844298861
186.6003298878
252.4532280351
30.1618619654
24.4000946465
20.3657116049
17.8278247717
16.4208750369
15.9349560432
16.0827791309
17.1347109235
19.1601574705
22.4667241767
183.9390145718
203.2465460555
100.0531474225
108.3707720610
176.9858105180
182.7892222409
96.5633042408
220.2332128322
280.3399360361
28.3219826740
22.6676820200
18.9121935875
16.7941798373
16.9199545734
17.2464303786
19.2813136598
47.3621095590
162.3825065512
146.4272609597
203.1570603494
232.2131524530
173.1222085930
135.0853313778
21.8821368290
18.3464046647
19.1738509678
20.6154320201
120.2123011085
277.5204441434
218.8230539215
22.0734025856
23.3413366031
15.8679437741
475.1102220415