316.2767189885
316.2512615164
320.7011549640
329.2234767059
342.1639143096
360.2897393979
436.1410391470
402.4324387163
412.2681769759
416.6155629911
448.3307949488
407.5960092331
402.7828676229
398.4535336302
398.6918500828
406.1582631123
423.0059413442
451.7205150338
495.5515906017
747.7974975206
1213.2240140054
1247.1283526887
927.8021670665
1215.5515869565
1835.3711145302
962.1647173463
403.1786224666
360.4566357002
335.4506243592
321.9570180514
219.1968836962
219.8552927106
224.3170193739
232.7557947211
246.2198357694
266.7870119794
725.2482444328
776.6413101611
439.6726561136
656.6384964583
722.5401581252
1217.7924956077
345.0975928705
341.7732406918
342.1646677663
349.5596196669
366.1640464447
394.0422845257
692.8716606763
3257.0899897010
2249.8671695376
1643.3671919206
2093.3497536992
2596.9573516685
2045.4942751716
331.2206618416
280.4874607140
249.9445639741
232.2803524101
222.8886244340
187.8817815627
188.9091191800
196.5066402525
211.6179984249
236.6650654988
466.3133601374
2120.2081040125
897.2979334173
1231.5859312999
1320.6535037638
2011.8182964988
139.7567838375
1400.6857248587
2152.5628885101
3161.4511245756
2372.2438575374
1861.0919966270
2674.5937452552
1919.7992700945
2141.5740386383
295.5501373592
240.5688174386
209.7878191162
194.0102723626
176.1952908401
176.4560517382
182.9418474231
196.4175583414
219.3053951939
255.8368208349
2468.9567513211
2311.7761250751
877.7756873916
2115.7753363723
1837.9643229292
1575.2257114034
3189.3932201936
2322.7859966996
2252.9096564151
1970.3173459377
2512.6508624159
2487.7067318691
3333.8658262735
340.9004050613
271.3193121942
225.4931743720
197.8708899454
182.6894270129
177.5577248821
178.3697495224
189.8096289147
214.8144678293
259.4797885734
2508.7478751538
2758.8775196973
1342.5249385750
1453.2813911290
2408.2221047152
2489.9492874047
1282.1269079916
3009.5853250156
3827.2917992948
329.6689474482
257.5166304634
212.3117826370
187.7529233083
191.9757587137
195.9681631418
222.6806716952
613.8599664097
2232.6022590171
2003.3686922153
2802.8507828233
3209.9112605866
2374.4926520761
1840.5423449209
254.1131776833
209.4833958060
223.8482817482
244.1571637240
1644.5721723233
3863.7610289589
3034.0109151257
261.7318630613
282.0378134200
139.7567838375
3863.7610289589