4.3711107063
4.2886008046
4.3056329446
4.4048164457
4.5861179148
4.8622709771
7.6194514514
5.8217979955
5.6907909666
6.0960231054
7.0058635148
5.3913186423
5.2726071817
5.1850047787
5.1923152435
5.3358234938
5.6591042747
6.2283763832
7.1505302492
12.1979249671
28.6772806584
35.1541716543
25.2808528700
26.6886115598
78.4164165013
32.4136057557
6.9740016518
5.7444677553
5.0114605523
4.5903926806
2.7671250913
2.7722208672
2.8344084016
2.9549165413
3.1485356296
3.4445087688
10.4992687465
12.0830332562
7.0000207809
9.6260822169
11.5722510274
18.4387430531
4.2708359867
4.1798373891
4.1625153278
4.2578773204
4.4964303123
4.9180077407
8.9632635198
45.0505199196
32.3233271861
23.0593386204
30.4050113191
34.1478334381
32.9638628740
4.5633995178
3.7611670008
3.2682860122
2.9821851513
2.8293825297
2.4998744615
2.5376133039
2.6938269324
2.9727778778
3.3515974351
6.1014179542
26.3711059714
12.1214730035
15.5200497345
16.8069145229
25.2916081602
289.9876681814
16.4447201181
25.1690891696
37.9373890194
28.5926131182
22.7945201974
32.3225005229
22.6349311232
26.8455831903
4.0852842781
3.2901332856
2.8247140679
2.5848060422
2.3919067858
2.4146434532
2.5336785548
2.7446976723
3.0484814842
3.4693974562
27.6260086350
26.4531143733
10.4902705094
23.9421086839
20.9493019064
17.9571896030
35.8015420191
26.1113936197
25.2021115988
22.1769916174
28.3327649286
27.5825123478
37.5742030533
4.5462331562
3.6819262240
3.0731117342
2.6887782921
2.4754638475
2.3996554546
2.4223841141
2.5809079750
2.8837236629
3.3738391261
26.9838632312
29.9412102187
14.7356723743
15.9866975475
26.0115750140
26.8276363519
14.2410481163
32.2418468133
41.1597986730
4.2484738795
3.4090114691
2.8471519554
2.5288327727
2.5419179424
2.5902342283
2.8911388594
6.9951996167
23.6745881928
21.4114073918
29.6108676938
33.8067045080
25.2493791696
19.7188675696
3.2794784001
2.7547273390
2.8699013540
3.0802565467
17.5237906289
40.2412248864
31.7533805158
3.2974178971
3.4772033610
2.3919067858
289.9876681814