729.3270270168
723.5492374803
731.4883766969
751.3146753265
783.6071510762
830.5677929842
1151.8156011038
949.0660694306
967.9799742879
987.3936759309
1118.3399295447
931.0265888146
911.9452090138
896.2749196749
895.2153785144
915.6191329581
963.9267234631
1049.3311496780
1186.1099369567
2002.8277960215
3935.0640200985
4229.5221858698
3117.3561849321
3965.5012083682
7070.8524265465
3780.3375923972
1044.3469753194
892.6640814811
803.2029313834
753.2481828363
486.0617221568
487.5499253699
498.5596068284
519.4197955455
552.7636087458
603.9289060421
1864.8718856783
2102.3468578154
1164.9996390731
1690.1240659644
1974.7318050359
3264.8238682917
762.3503395675
747.1192529159
743.9084012150
760.0382023031
800.8605421938
872.8699546780
1609.4428442424
8171.6494700656
5786.5614174682
4128.6279291306
5434.8838697317
6224.9257554541
5760.2312632705
778.3298116802
645.9041023572
566.0081664815
520.0021910658
495.6553562824
426.0851267493
430.1505709272
451.6554886519
492.1019740177
553.4350129430
1064.6422377039
4833.0225103081
2174.1921398010
2825.8926055717
3065.8529571815
4646.7473934476
1510.9822405656
3017.0624100092
4634.0456316887
6999.4369871819
5243.4551681523
4155.4556824095
5922.1033047303
4116.2472153376
4907.9249313433
691.8111484237
557.1892677503
480.2438946338
440.7840132531
402.1704384743
403.9670324465
420.9352962212
453.6194432854
505.1016496939
582.1945809918
5047.9024388042
4851.3978604189
1897.3102941472
4388.8888689622
3839.9986358718
3286.8660106702
6587.4461761603
4785.7761615657
4604.7658154380
4035.5214856155
5172.9155025691
5006.2356739835
6885.2148295368
776.7142421619
623.6982342201
518.4692798047
453.2614601739
417.1393071428
402.7356134611
405.0319690536
430.6349059492
483.3950410736
573.1557892955
4884.0573445579
5452.9226975934
2659.6356819785
2896.5587710533
4723.5960809445
4862.0749031972
2562.7984437762
5824.2654260699
7476.1208157433
729.2503718627
579.2609967552
480.8046538932
425.6750858539
428.7596687220
436.4737380143
489.9361703292
1238.3192456399
4252.2497196535
3857.7405138423
5330.8600475372
6079.6819686004
4533.1496617107
3530.2989636187
559.5534879574
466.5154602458
488.6766439309
526.7520509700
3135.1888243373
7210.5250752338
5681.6943401136
565.2398125220
599.0814085243
402.1704384743
8171.6494700656