367.0038031989
366.2809132317
371.2410993734
381.2997498159
396.8429822805
418.8408740662
526.7868308019
470.9323882940
482.1595051872
487.9893305691
533.2953138705
472.7171233882
465.7403092619
459.6458033858
459.5264785681
468.6048853143
489.6126638967
525.9767343706
582.5273476837
915.8200590841
1577.7695646085
1642.4322465461
1211.3741837741
1591.1648050081
2515.9660555899
1321.9698171692
483.4757053671
426.5697644450
393.2068042986
375.0106754110
251.9200458073
252.7007180252
258.0320475658
268.1076094820
284.1895885165
308.8058841488
881.8428238309
960.6845032944
535.7556071717
797.2424287334
894.5531908503
1504.3482570436
396.5963954395
391.3677330666
391.0579454523
399.4802450410
419.2573964815
453.0933418358
811.6156017479
3932.3619895468
2738.3471173503
1982.5468740646
2557.5590647305
3083.1722613600
2573.8250559151
387.8431085430
326.2017471188
289.1179462441
267.7210885227
256.3732423345
217.1877969131
218.6016032524
227.9731831188
246.3122969074
276.0018259404
541.7260483289
2471.6549917032
1068.3295698112
1438.4157376329
1549.3744068689
2357.1695389037
254.9850008073
1599.4855388940
2458.2728149998
3647.9407313656
2734.0612282092
2151.7662942134
3084.3187856184
2186.8281092291
2500.8757684493
345.4011458359
280.0708116108
243.2813054749
224.4274036133
203.9400863570
204.3841819338
212.1737326372
228.0292368792
254.4291720138
295.8644834414
2767.3335732037
2615.6290520270
1002.6100817408
2384.0160944099
2076.0731084066
1778.3255078775
3589.2023740796
2610.9397949515
2524.6362593628
2208.7156915038
2822.5540174230
2771.4126572528
3750.3518877563
394.7888247240
315.0104360256
261.7476141482
229.3647289785
211.5177967504
205.0230418878
205.9897184927
219.1090057830
247.3597432557
297.1559718393
2763.4379330850
3055.8605153258
1487.1773292667
1613.6009829358
2659.9467348235
2745.6112462849
1424.0851825193
3307.8621531472
4221.3645986250
377.8939600986
296.7274628390
245.1196552758
216.8064006392
220.5341514921
224.8932643802
254.5682928925
683.2092768519
2440.0672131677
2197.9125529934
3062.2479718382
3501.8514962594
2596.9805613009
2015.6710746233
290.6856237738
240.4645832451
255.2623734145
277.3726136423
1797.3484290700
4193.8386704146
3296.5573047791
297.4691475631
318.8316687692
203.9400863570
4221.3645986250