61.8417550698
60.7097788656
60.9958615761
62.4568405723
65.0986249833
69.1100821346
108.2971930620
82.1788235597
81.1211968128
86.1100971363
99.5438782108
76.6700997309
74.8733688559
73.5222128290
73.5598777584
75.5844415833
80.2244959259
88.4428868539
101.8011484376
176.5660888251
410.4959488965
488.3571111493
355.4500077513
388.3983535112
1023.1904143032
458.8197337711
98.6255571935
81.2200092267
70.8568570235
64.9175185770
39.2139549920
39.2973244587
40.2008690346
41.9434225930
44.7414319828
49.0263630913
153.7371340370
177.4763872615
101.4081706381
140.5308240793
169.4632968420
271.6792741737
60.7184454826
59.3027587866
58.9800951218
60.3157822832
63.7521527379
69.8788871618
129.1652250290
661.2025878321
474.6983745859
337.2591163060
447.0482473008
497.8093040278
487.8965300209
65.0583853946
53.4765517373
46.3875100714
42.2834500438
40.0980269066
35.3641961459
35.8910517817
38.0925962719
42.0306977762
47.4141865029
87.0561586407
381.0672490352
176.1141163360
224.0588435776
243.3277734502
366.6086193760
1106.8281555017
234.5537208554
359.3458283398
545.6338890861
410.2913335457
327.3469512251
464.0297690758
321.7253686404
388.1562992840
58.0956613925
46.6812885738
40.0128982332
36.5810305355
33.7766436456
34.0861123488
35.7548280764
38.7219506266
43.0053658277
48.9481486673
388.1101467157
374.7694280286
149.1272313590
338.0125881258
296.3090705372
253.8038193297
505.3625577563
367.9022925126
353.9251475386
311.2083970000
398.6647245354
384.7028384267
529.8548031788
64.4105673327
52.1560501201
43.4908961432
38.0143249107
34.9730184641
33.8188782812
34.1228343051
36.3346889341
40.5657717149
47.3986876190
371.9619733953
415.6855642380
204.1139444488
222.1564964575
359.8101964477
370.2694549531
197.6169083136
443.0890055509
568.5921728917
59.8329910604
48.0825169750
40.1615256835
35.6562781935
35.7317451933
36.3824515300
40.5444692671
96.8878691274
322.8461375728
293.4865857458
403.8753422750
460.1873012472
344.5245330222
269.2629381383
46.0592407865
38.7288088175
40.2018571715
43.0657775133
238.7049704106
543.9333014486
429.5341610407
46.1319670560
48.4937114760
33.7766436456
1106.8281555017