317.4534673672
314.0267671545
316.8457999846
324.9981710537
338.6622503563
358.7695731179
513.4141275234
412.9501731796
418.1573225150
430.7851168373
489.9300365068
401.0951855490
393.0040763953
386.5725248906
386.5141684256
395.7801403413
417.2285839890
454.9835014592
515.4945669242
865.4315347406
1783.8845652293
1969.5853636973
1462.2713154564
1758.1931538369
3515.6961343774
1831.6348895285
466.9298058244
395.4498499328
353.1162966991
329.2376556208
208.7856687259
209.3545294157
214.0321716502
222.9490681199
237.2205892362
259.0859611458
786.7710395163
890.0109226096
502.9925757390
716.3357071074
841.9700302990
1374.2424480442
326.0032784075
319.6973972355
318.5202215331
325.5423494215
343.0393922813
373.7825299074
683.0934247447
3430.6574714557
2434.6341165751
1740.3188458919
2285.2509144379
2620.2168942152
2425.0712335778
335.3531838586
278.2642712448
243.6286951860
223.6282759871
213.0108439812
184.2291436681
186.2319566330
196.0221361400
214.1637928627
240.8568389487
456.3519812134
2041.2484026742
918.2799585116
1194.9463598597
1294.3032187763
1958.5828633988
1536.3648995481
1282.4232922900
1967.7760818316
2960.6232795230
2222.5811501027
1762.5768955983
2510.3658234267
1755.5094833380
2073.6693467211
298.7724949246
240.8685724631
207.5953082015
190.5113471538
174.4801757866
175.4820918924
183.1527312391
197.6004443664
219.8599665203
252.6378034072
2161.4717159185
2068.3904697247
809.2760551498
1874.1740069101
1638.4028728787
1403.2887109803
2811.6602281686
2045.7024438526
1972.2013357323
1729.9733429735
2214.0855142570
2152.4568481831
2942.6525290373
335.4212752854
269.7905358657
224.5339078537
196.4111909755
180.8398582314
174.9212712573
176.0991164011
187.3524507460
210.1416872215
248.5694520638
2109.7802554255
2346.9369671769
1147.2867985637
1247.3267486382
2036.8018746411
2098.7178893755
1105.4763887627
2519.4536784939
3225.1020252901
315.4282021772
250.8733910005
208.4719718635
184.7245467863
186.2228803721
189.6738045272
212.7852841960
536.0577770279
1845.7556807954
1670.9059759372
2312.8785232068
2639.9497929563
1967.4626615820
1532.6086666398
242.5624469266
202.4421692133
212.1370320170
228.6378849647
1362.1752810355
3139.5355980579
2473.7501179658
245.1757871618
259.9078624623
174.4801757866
3515.6961343774