41.7698504167
40.9860788666
41.1675977783
42.1475380466
43.9285626096
46.6382239102
73.4473156145
55.5889199455
54.7573595717
58.2529369303
67.3770632361
51.7160693366
50.4982419927
49.5857083466
49.6152386852
50.9913490944
54.1410588793
59.7200083016
68.7928941770
119.4226222100
279.5299552816
334.3614249134
242.8649085486
263.6654493528
709.1849897807
313.8138824346
66.9138058910
55.0226826212
47.9406651308
43.8784764266
26.4277521828
26.4825843675
27.0917641009
28.2677109766
30.1563572585
33.0483601125
103.6867650257
119.8039948668
68.5320960957
94.8095122702
114.4607539870
183.2845674209
40.8947682497
39.9356859783
39.7166493182
40.6179722917
42.9381098341
47.0764726034
87.0284871862
445.6168033714
320.0942369462
227.3968793005
301.4958584464
335.3369655671
329.4010507836
43.9168642953
36.0834954093
31.2855932294
28.5071887314
27.0272084110
23.8666628050
24.2281596694
25.7271726593
28.4036942494
32.0473206529
58.7176680250
256.5608774024
118.7158235711
150.8900771002
163.8657998470
246.8040272892
971.0199964049
157.8208077768
241.7437928680
367.1371171147
276.1164123205
220.3660393351
312.2980542859
216.5065823274
261.3592464245
39.2274097785
31.5175169642
27.0087280060
24.6878092382
22.8086397750
23.0226422373
24.1573364419
26.1685230405
29.0610340212
33.0596206719
260.9889276854
252.0770893555
100.3985328903
227.3182365369
199.3010219263
170.7089012482
339.7967592038
247.3796528092
237.9885452574
209.2895015704
268.1049845804
258.6743646207
356.3235880264
43.4674327857
35.2115161544
29.3661636413
25.6683535544
23.6145658473
22.8375586476
23.0465291527
24.5426408824
27.3947049007
31.9885422713
250.0123171697
279.3936111087
137.2418379930
149.3745020970
241.8442937781
248.8657939004
132.9202399515
297.7854664504
382.1249832952
40.3593248148
32.4511808126
27.1135231045
24.0753682880
24.1212101395
24.5611831192
27.3624185019
65.2137006035
216.9581856020
197.2522281464
271.3888010434
309.2037896341
231.5404264355
180.9869840693
31.0741695865
26.1393735245
27.1226732895
29.0469784521
160.4407236532
365.3943844907
288.5956801397
31.1113080379
32.6918785581
22.8086397750
971.0199964049