15.8068209108
15.5050496297
15.5702510779
15.9385960165
16.6106760933
17.6346314307
27.8613489808
21.0739944297
20.7046077596
22.0775481563
25.5402346741
19.5483249130
19.0881859559
18.7445527022
18.7576974288
19.2806670212
20.4755042176
22.5912252617
26.0323974112
45.1691395156
106.1971867304
128.1382744252
92.6237842562
99.9448496105
276.3453455603
119.7186975637
25.3956899167
20.8628328777
18.1625599265
16.6127400864
9.9861576891
10.0062699169
10.2360961640
10.6802258099
11.3937015560
12.4860781674
39.1197792344
45.2146411306
25.9052175718
35.7825650785
43.2227768251
69.1387991890
15.4431733780
15.0814861447
14.9994940001
15.3406166964
16.2175994546
17.7814556761
32.8475588639
168.0370505543
120.7386536032
85.7922799134
113.7278257478
126.4784619654
124.2791927334
16.6081138310
13.6439052331
11.8270697117
10.7745737101
10.2136830558
9.0281376443
9.1661218981
9.7360606412
10.7527637500
12.1335653125
22.1937329373
96.7870232802
44.8089098788
56.9371918406
61.8213858873
93.0899572488
707.9132909730
59.5508531685
91.2076202836
138.4869312474
104.1766675146
83.1557324372
117.8344018259
81.7314148401
98.5996830717
14.8398634603
11.9241055463
10.2175243710
9.3387487216
8.6325096639
8.7147105822
9.1460622767
9.9092420213
11.0045472210
12.5155583099
98.5361439410
95.1455433830
37.9106699194
85.8037366375
75.2211846456
64.4381360176
128.2444490263
93.3780821471
89.8447682133
79.0237058871
101.2186082254
97.6920893661
134.4953760977
16.4412474800
13.3223769120
11.1126606712
9.7139442948
8.9369581511
8.6447213429
8.7248914383
9.2921546644
10.3713041306
12.1068208708
94.4432984731
105.5191184290
51.8473619906
56.4199847115
91.3424566386
94.0048811476
50.2106389883
112.5014203025
144.3371135330
15.2657979896
12.2783554012
10.2609896564
9.1123384502
9.1299342953
9.2970747743
10.3563267667
24.6513733208
81.9884988498
74.5262097107
102.5490392340
116.8424649763
87.4954023461
68.4005386899
11.7571056353
9.8923783410
10.2637274861
10.9911257064
60.6387459777
138.1060186199
109.0792845801
11.7705158772
12.3674765770
8.6325096639
707.9132909730