0.1481728491
0.1450316515
0.1454430350
0.1487666876
0.1549848871
0.1645448345
0.2654717465
0.1990872575
0.1932980816
0.2086301943
0.2415378175
0.1820222667
0.1776905917
0.1745136229
0.1747237798
0.1797603027
0.1911757892
0.2113752172
0.2442827658
0.4242811447
1.0284865820
1.2784231461
0.9133899319
0.9522322523
2.9282920890
1.1807225965
0.2427232931
0.1981396682
0.1715433761
0.1562223234
0.0926829010
0.0928428664
0.0949701902
0.0991025330
0.1057489075
0.1159172247
0.3623813873
0.4201049203
0.2423071853
0.3319869073
0.4027200111
0.6406313658
0.1428594234
0.1394740321
0.1387176371
0.1419084549
0.1500958780
0.1647022171
0.3037641332
1.5513673117
1.1171888675
0.7939856427
1.0527578589
1.1669355718
1.1543419722
0.1551329880
0.1272587715
0.1101132348
0.1001645857
0.0948525661
0.0843408823
0.0857249054
0.0912602744
0.1010585349
0.1141198345
0.2065882000
0.8921100567
0.4148814937
0.5255122029
0.5702774514
0.8574452785
222.7083386459
0.5482981659
0.8391782282
1.2741437659
0.9594713796
0.7668522609
1.0855989587
0.7537280715
0.9091335355
0.1388371010
0.1115540802
0.0955089492
0.0872368096
0.0808770961
0.0817302040
0.0858999675
0.0931764088
0.1034479470
0.1173913983
0.9071796709
0.8759027538
0.3501955587
0.7896928447
0.6923560337
0.5932523373
1.1791538023
0.8591359592
0.8269552453
0.7279143786
0.9319456713
0.8998755440
1.2376285454
0.1535315949
0.1246283942
0.1040439822
0.0909633234
0.0836930885
0.0810214404
0.0818376326
0.0872031787
0.0972549454
0.1132363797
0.8696834903
0.9710201895
0.4779640095
0.5198032065
0.8407232711
0.8653846199
0.4631635100
1.0358934064
1.3281978483
0.1423799777
0.1147727029
0.0960438049
0.0853512229
0.0854735723
0.0870609390
0.0968724470
0.2282356246
0.7553339037
0.6865080216
0.9442478931
1.0758592299
0.8061474300
0.6306420892
0.1097857390
0.0925291566
0.0958812038
0.1025826209
0.5590702182
1.2716993737
1.0048124870
0.1097831161
0.1152114574
0.0808770961
222.7083386459