0.0041256627
0.0040174913
0.0040178725
0.0041060021
0.0042802113
0.0045535393
0.0077962772
0.0056113093
0.0053833388
0.0058971725
0.0069319694
0.0050098280
0.0048756683
0.0047796738
0.0047861648
0.0049365803
0.0052777987
0.0058849696
0.0068831032
0.0122967079
0.0316805624
0.0401097636
0.0285891174
0.0290095514
0.0949237629
0.0377089704
0.0071142753
0.0057104927
0.0048715543
0.0043854377
0.0025141026
0.0025176051
0.0025771102
0.0026933961
0.0028807783
0.0031675694
0.0102400398
0.0120644293
0.0069825850
0.0094035811
0.0116280468
0.0182985900
0.0038543854
0.0037480258
0.0037206352
0.0038075985
0.0040383115
0.0044553820
0.0083257396
0.0434305517
0.0315557042
0.0222832281
0.0297915134
0.0322062508
0.0333840780
0.0043181984
0.0035151695
0.0030191936
0.0027312397
0.0025773775
0.0023234485
0.0023680467
0.0025353629
0.0028263464
0.0031989895
0.0056827064
0.0242262522
0.0115285080
0.0143234281
0.0155953607
0.0233635327
29.2491694135
0.0145842865
0.0222972565
0.0341936204
0.0257558363
0.0207036255
0.0291937333
0.0200547560
0.0247387216
0.0038672397
0.0030975162
0.0026401627
0.0024041444
0.0022400734
0.0022687417
0.0023924018
0.0026014608
0.0028845832
0.0032520605
0.0236476971
0.0230605612
0.0093620964
0.0206884325
0.0181967567
0.0155901803
0.0308035687
0.0224377548
0.0215279226
0.0189910938
0.0243533978
0.0232990891
0.0323890291
0.0042331177
0.0034525375
0.0028852595
0.0025202370
0.0023168842
0.0022405294
0.0022662093
0.0024156675
0.0026845242
0.0030967253
0.0221551198
0.0249037252
0.0122987418
0.0134017458
0.0214894372
0.0220752840
0.0119770883
0.0263136171
0.0338713365
0.0038824319
0.0031551754
0.0026501509
0.0023580014
0.0023487864
0.0023911313
0.0026461881
0.0059529035
0.0190393520
0.0174029266
0.0237707601
0.0270285982
0.0203490906
0.0159657939
0.0029931475
0.0025374082
0.0026077717
0.0027753766
0.0141190089
0.0316818594
0.0250868800
0.0029686184
0.0030919038
0.0022400734
29.2491694135