74.2772588581
72.9761604360
73.3522539253
75.1217731148
78.2953266741
83.0985461665
128.9844064252
98.4945775895
97.4582242274
103.1624689980
119.0170584543
92.2652768120
90.1387851087
88.5312857502
88.5716480281
90.9750155685
96.4868919451
106.2425739759
122.0769796800
210.9343144180
484.8842488234
573.3747853198
418.0153653306
460.1749517161
1189.3743739891
537.8256813154
117.4780784406
97.0181922203
84.8417558299
77.8723898170
47.2849430800
47.3882611909
48.4738676859
50.5651859104
53.9221104591
59.0629927525
184.4748547344
212.4781984606
121.2772718471
168.5555986423
202.6810324017
325.5490523730
73.2793515649
71.6061423098
71.2323534589
72.8410665651
76.9634985536
84.3009692235
155.5963592708
794.5822725753
569.7003722209
405.0769544243
536.3346668610
599.2418890230
583.5096699623
78.1651415328
64.3184178176
55.8500598661
50.9484627383
48.3389934428
42.5438495956
43.1597007205
45.7673459075
50.4472244175
56.8903815110
104.7944599299
459.6768815303
211.7985213336
270.1461163204
293.2826065109
442.0837017858
1121.7869321756
283.6506518973
434.6291109085
659.1901047293
495.6015364420
395.1362833151
560.4282220473
389.0098145921
468.1085102137
69.7866148549
56.0975365909
48.1137648560
44.0058352715
40.5987406170
40.9564253546
42.9393324410
46.4847972284
51.6373871797
58.8326289411
470.4536825743
453.7564038417
180.2027272696
409.4798705939
358.8397020210
307.3776362466
612.4843462334
445.8395720777
429.0309392161
377.1542225884
483.0884507352
466.6313975370
642.0282423880
77.4819507691
62.6954627432
52.2694178066
45.6920650648
42.0406951666
40.6565497935
41.0127982845
43.6681001763
48.7783797858
57.0715331493
451.9774356240
504.7614536803
247.7284659788
269.5983779114
437.0665577965
449.8863272587
239.7188392167
538.5810776994
690.9078347109
72.0789876141
57.8569921234
48.2990189564
42.8723522192
42.9931392157
43.7784562663
48.8233841239
117.3845224032
392.7171386844
356.7999355706
491.3902504732
560.0457881670
419.0261559145
327.3681521795
55.4825157651
46.6138661051
48.4397041078
51.9270302969
290.3224689402
662.4902005176
523.0321890974
55.6294601149
58.5350481684
40.5987406170
1189.3743739891