0.0000000573
0.0000000574
0.0000000576
0.0000000579
0.0000000583
0.0000000588
0.0000000596
0.0000000600
0.0000000605
0.0000000613
0.0000000621
0.0000000626
0.0000000634
0.0000000643
0.0000000651
0.0000000659
0.0000000666
0.0000000671
0.0000000674
0.0000000678
0.0000000696
0.0000000701
0.0000000676
0.0000000653
0.0000000736
0.0000000637
0.0000000594
0.0000000584
0.0000000578
0.0000000574
0.0000000416
0.0000000415
0.0000000417
0.0000000421
0.0000000427
0.0000000435
0.0000000452
0.0000000464
0.0000000473
0.0000000489
0.0000000504
0.0000000524
0.0000000524
0.0000000537
0.0000000548
0.0000000559
0.0000000568
0.0000000574
0.0000000582
0.0000000624
0.0000000598
0.0000000574
0.0000000562
0.0000000556
0.0000000516
0.0000000469
0.0000000451
0.0000000437
0.0000000427
0.0000000420
0.0000000367
0.0000000365
0.0000000369
0.0000000378
0.0000000391
0.0000000415
0.0000000476
0.0000000469
0.0000000504
0.0000000529
0.0000000568
0.0000000076
0.0000000602
0.0000000639
0.0000000668
0.0000000650
0.0000000623
0.0000000620
0.0000000572
0.0000000520
0.0000000439
0.0000000409
0.0000000388
0.0000000374
0.0000000370
0.0000000368
0.0000000373
0.0000000384
0.0000000404
0.0000000433
0.0000000640
0.0000000589
0.0000000567
0.0000000679
0.0000000691
0.0000000710
0.0000000824
0.0000000822
0.0000000856
0.0000000875
0.0000000844
0.0000000970
0.0000000769
0.0000000533
0.0000000472
0.0000000428
0.0000000399
0.0000000380
0.0000000420
0.0000000418
0.0000000434
0.0000000471
0.0000000535
0.0000002243
0.0000001297
0.0000001330
0.0000001158
0.0000002024
0.0000002765
0.0000001396
0.0000005163
0.0000002520
0.0000000702
0.0000000566
0.0000000485
0.0000000440
0.0000000535
0.0000000542
0.0000000614
0.0000001099
0.0000010842
0.0000004990
0.0000013271
0.0000020201
0.0000012232
0.0000009451
0.0000000738
0.0000000590
0.0000000775
0.0000000873
0.0000011183
0.0000058152
0.0000045672
0.0000000990
0.0000001260
0.0000000076
0.0000058152