17.5700271332
17.2352035252
17.3080163546
17.7176031487
18.4646573073
19.6026711047
30.9559797048
23.4195593023
23.0143945045
24.5349097954
28.3797904913
21.7308130645
21.2196829015
20.8378481583
20.8523591917
21.4333020484
22.7606852401
25.1110601037
28.9336577357
50.1953484231
117.9447268433
142.2187356552
102.8436656928
111.0200167601
306.3088764567
132.9273039475
28.2181995364
23.1844256811
20.1857888876
18.4648101468
11.1019319446
11.1243446703
11.3798273697
11.8734943211
12.6665323967
13.8807268137
43.4840859867
50.2533092156
28.7888196107
39.7731658709
48.0359032617
76.8482373202
17.1696655421
16.7678894854
16.6768658678
17.0560607880
18.0307974250
19.7688646135
36.5179600316
186.7967169946
134.2084522212
95.3658454157
126.4126710951
140.6059323128
138.1235099875
18.4604026671
15.1663654755
13.1474773953
11.9779565158
11.3547187409
10.0354859605
10.1886798936
10.8217629860
11.9512601141
13.4857057597
24.6712010763
107.6072991868
49.8111160062
63.3019461230
68.7310176483
103.4967236497
731.7557620218
66.2164997946
101.4171874943
153.9807019252
115.8303947573
92.4548965147
131.0138957640
90.8769841119
109.6222038141
16.4945058680
13.2538391396
11.3572819220
10.3807110696
9.5951654650
9.6863734612
10.1655621085
11.0135866303
12.2310240863
13.9110360225
109.5721148195
105.7993317876
42.1510900618
95.4138305656
83.6432630848
71.6543657246
142.6113694865
103.8355394665
99.9087372384
87.8745713439
112.5546983379
108.6359119179
149.5599374894
18.2756366612
14.8081762854
12.3518467296
10.7971886579
9.9336038030
9.6087463416
9.6977429241
10.3282011390
11.5279246477
13.4578367775
105.0337186236
117.3449895756
57.6574983481
62.7419308725
101.5832395562
104.5438019779
55.8354539511
125.1153304159
160.5211303227
16.9701123695
13.6483039033
11.4054921093
10.1285987972
10.1484594174
10.3342525990
11.5120753937
27.4112313697
91.1819025485
82.8844749720
114.0508543798
129.9503641629
97.3119831661
76.0709349520
13.0695304051
10.9961571415
11.4095128728
12.2185100116
67.4398754913
153.6015994428
121.3174179735
13.0850720962
13.7493223823
9.5951654650
731.7557620218