5.3561483060
5.2551021892
5.2777063693
5.4025162884
5.6297778618
5.9757234140
9.4119467480
7.1462686314
7.0124364083
7.4837754203
8.6459179147
6.6257767489
6.4713661384
6.3560453752
6.3608448488
6.5374650570
6.9405262810
7.6537538223
8.8129727830
15.2514459508
35.7792132486
43.3653152860
31.2422366987
33.6393676325
94.4870479180
40.1691164801
8.5817542974
7.0566775075
6.1482345300
5.6269772535
3.3882367520
3.3950099267
3.4727197422
3.6229226285
3.8642127365
4.2335812043
13.2152277316
15.2584868437
8.7496071542
12.0891317420
14.5847471905
23.3337428251
5.2396250893
5.1185903216
5.0916798831
5.2075169217
5.5042504138
6.0327247102
11.1270546737
56.7886971368
40.7841614844
28.9974590579
38.4069821249
42.7947077167
41.9004913737
5.6266464580
4.6248072917
4.0107009565
3.6548766930
3.4652063793
3.0619974693
3.1084504430
3.3009773665
3.6447522691
4.1124594239
7.5240982212
32.7970658263
15.1630752211
19.2929906403
20.9392838130
31.5301451909
469.3957205094
20.2154379436
30.9598383119
46.9645264411
35.3323536613
28.1966117967
39.9648197106
27.7517396545
33.4042997167
5.0289460100
4.0420918549
3.4646407136
3.1672406656
2.9277289335
2.9553898193
3.1013318822
3.3599297389
3.7317597994
4.2456812188
33.5142313759
32.3284814484
12.8708947869
29.1678069306
25.5625511546
21.9000677505
43.5968839807
31.7514163908
30.5577628377
26.8761141421
34.4158848729
33.2480849971
45.7237614427
5.5756616497
4.5172139449
3.7681133824
3.2942085037
3.0309686925
2.9325728452
2.9597154775
3.1522982610
3.5192725974
4.1103452242
32.1890303044
35.9387782576
17.6587696601
19.2101633436
31.1201679704
32.0347405518
17.0954085157
38.3535068696
49.1827735971
5.1815962933
4.1658737763
3.4809231250
3.0912191200
3.0985690016
3.1555855809
3.5163765060
8.3919832496
27.9716179080
25.4137048378
34.9894014434
39.8742842530
29.8466051665
23.3297503906
3.9915635415
3.3575350305
3.4856316974
3.7340039825
20.6892511865
47.1619404665
37.2452507777
3.9985074073
4.2034973558
2.9277289335
469.3957205094