98.7942864511
99.1879884876
100.4969736893
102.6755910251
105.8044994115
110.0081520592
117.6906683592
119.4766463248
122.3135017457
123.6497864103
126.3997467617
124.8402635004
125.0569145365
125.2276863142
126.0535399679
128.0992454309
131.7359886962
137.1540601906
144.3148574091
174.8059205265
212.8764965305
209.9824387499
174.9307204747
201.0516642045
244.6420713892
146.2210135695
112.5914294996
105.6836491513
101.6062183755
99.4915881840
70.1394454673
70.2833151157
71.4139129013
73.5799042815
77.0192881747
82.1712212975
159.8877468704
159.1461053285
108.7795412231
151.1419210734
153.1961983643
240.7831507656
108.5694955609
109.4341196575
110.7190426833
113.2566312426
117.5645063646
123.8688917974
189.4314586896
703.0299093016
473.3253931868
367.2231915675
428.0092574156
618.2509726465
351.9964194795
96.9635312182
85.0883208686
77.7846312304
73.4562623105
71.0975791854
59.2877722244
59.4224429066
61.2602382175
65.1270039565
71.9473973720
135.3040839052
563.5268203671
217.7216219331
329.2258185942
343.5927076544
520.0658307923
28.6697076805
428.0481457323
653.3909577255
893.7803824524
684.8522828641
530.1911727100
766.4425239865
603.4249287530
565.2853740284
87.9245698817
73.2769404898
65.1848784865
60.9949414218
55.7549504997
55.7413783514
57.5393770304
61.5119933000
68.6393698311
80.5684204911
855.0626731020
748.4517217805
272.7682407375
706.2545683803
604.3032659258
520.8886150516
1068.7985062006
789.6416130794
784.9154325913
690.0632302386
862.3465935609
911.1130190333
1125.2881561342
106.2544479579
83.9988204620
70.1518838410
62.0755522620
57.6781576244
57.1461148483
57.4275842034
61.2362668101
69.9111029052
86.1298555562
990.6770978461
1041.2607941254
513.6881428573
544.7072156633
931.6171938882
977.3139501604
485.4054977340
1212.8574789150
1493.2995450607
109.1695908501
83.3700915227
68.2377718866
60.3587646203
63.5643987368
65.2033355898
75.3287730221
233.7454485132
939.2006775571
818.8241650245
1178.1181591341
1364.1510127404
996.2416513274
769.2449632258
85.7663327780
69.5794418722
76.9963238722
85.4531587090
695.8711847703
1702.9580512287
1332.0275235395
91.5249383760
101.3426418663
28.6697076805
1702.9580512287