791.3777995086
787.4468001645
797.2334349643
819.0983599286
853.7921416929
903.6060672204
1198.9166012644
1024.9384685862
1048.1128512223
1063.9814033484
1187.2604394789
1016.2347476769
997.5857481961
981.8289551538
980.7737036655
1001.6992850830
1051.1469210036
1138.0277014731
1275.7357776338
2100.3355911470
3895.3751223023
4120.9545824446
3027.3445649719
3944.7586717137
6604.9843696723
3512.1003455050
1091.2728048198
945.9003662344
860.4303376675
813.2037472912
535.1033789749
536.7890216523
548.6306417893
571.0166073273
606.7720043900
661.6100211560
1992.2099381754
2215.3549767559
1223.7908239402
1801.4086375557
2070.1431715782
3456.6631744199
841.4677995800
826.7513640238
824.1994031810
841.9478358568
885.7852452577
962.3280819823
1759.1764725227
8801.4752749248
6189.4346143127
4438.0694591652
5802.5038372217
6774.8343827575
6031.1075618944
843.5152339121
703.5774514522
619.3500344899
570.8480220275
545.1793801126
465.3595851028
469.1168541186
491.0150280920
532.9500410650
598.5731386686
1165.0529798781
5319.8510179694
2356.6462210134
3103.8843119697
3359.3718720285
5101.3294527747
1036.1862304330
3361.6934314020
5166.0188698952
7757.7920343179
5809.0879360231
4590.4269499900
6558.0307687959
4585.7610557556
5394.2654567862
749.8735249118
605.3435071415
523.2989343073
481.2484993015
438.0092116720
439.4551599866
457.0915333695
491.9548410863
548.3375757127
634.6659885097
5687.4281790153
5436.8126453732
2109.3771568948
4930.5975579394
4306.9261767400
3687.0742398103
7410.4012352147
5383.9170386447
5187.7277689054
4541.8874765252
5817.5493132950
5654.8264170013
7741.6587452450
847.6305453900
678.7174272284
563.9484081075
493.3908476890
454.3783268174
439.1418312655
441.3789610862
469.2969950221
528.0587551589
629.6480912561
5557.5912134464
6187.8050245708
3013.2921857240
3278.5509062792
5367.5663208754
5529.1448184118
2896.2659909638
6634.3580829931
8503.0627583276
801.3553428753
633.5374814466
524.7575869504
464.3307504858
469.3438888688
478.0556661176
538.4272675743
1394.1867296144
4858.7491778459
4398.2313932246
6094.6528733316
6956.3947939532
5176.3172907851
4025.4520338422
615.1138891173
511.1860794877
538.1510971100
581.9083596436
3579.7768161362
8275.7298283021
6514.6746385895
624.3592908476
664.5770973828
438.0092116720
8801.4752749248