0.0621433430
0.0606467413
0.0606967345
0.0620004540
0.0645352549
0.0684845121
0.1139859594
0.0834925273
0.0805000513
0.0876888893
0.1022486546
0.0754615857
0.0736440789
0.0723634632
0.0725254362
0.0747186618
0.0796026870
0.0882217108
0.1023033171
0.1781476365
0.4488645703
0.5655753392
0.4053930551
0.4118386725
1.3222007817
0.5327517259
0.1043048693
0.0844935046
0.0726499516
0.0657933924
0.0383325019
0.0383844449
0.0392554549
0.0409573567
0.0436960571
0.0478770730
0.1475633516
0.1730411937
0.1019300815
0.1362261683
0.1673917413
0.2613282253
0.0586164467
0.0572363971
0.0569598502
0.0582988836
0.0616752595
0.0676799548
0.1230827595
0.6215857990
0.4513896791
0.3205892836
0.4254679056
0.4655086549
0.4730749728
0.0644456382
0.0528437818
0.0456668990
0.0414905542
0.0392539354
0.0351769954
0.0358011130
0.0382055892
0.0424148878
0.0478749865
0.0844818282
0.3551068154
0.1672970759
0.2103208509
0.2280891081
0.3413009159
12.5139808373
0.2197617451
0.3354168035
0.5067212115
0.3835655367
0.3072943399
0.4335592135
0.3040218808
0.3623526778
0.0578333341
0.0465329093
0.0398357229
0.0363744723
0.0338822209
0.0342794997
0.0360812331
0.0391696075
0.0434288663
0.0490760995
0.3684530002
0.3524079501
0.1415543438
0.3190186060
0.2793763327
0.2396971434
0.4757072757
0.3480268873
0.3365711622
0.2972663183
0.3786611262
0.3704207931
0.5005958987
0.0639234372
0.0520312075
0.0435110437
0.0380680618
0.0350392595
0.0340116052
0.0343833903
0.0366514218
0.0408240634
0.0473819371
0.3637020297
0.4009092850
0.1989274469
0.2150351252
0.3495986746
0.3614546928
0.1927732896
0.4362086265
0.5531390426
0.0595068683
0.0480405268
0.0402550287
0.0358028457
0.0359216021
0.0366016562
0.0407008744
0.0957922744
0.3226959203
0.2904526552
0.4029055886
0.4609173815
0.3443655895
0.2695019557
0.0460828504
0.0388627729
0.0403440287
0.0431731593
0.2398134954
0.5524251576
0.4362665323
0.0462015027
0.0485684948
0.0338822209
12.5139808373