123.8447154541
121.8221063806
122.5371618675
125.5370282113
130.8493580934
138.8499117071
212.7084981944
163.4983519588
162.7211178132
171.2519885150
197.2072352193
154.3524960682
150.8490766738
148.1760695568
148.2158684299
152.1559611742
161.2196917901
177.2570815757
203.2461097223
350.1341467264
790.7683670676
919.4151881945
675.3488048650
755.9972806311
1843.9159630468
866.4883302875
193.5556939985
160.4902331777
140.8275413366
129.5988012655
79.2895443260
79.4729281551
81.2903916424
84.7833255702
90.3867584782
98.9698499389
308.4492476480
354.3781951774
201.7319774934
281.6210482658
337.5359113236
543.7601246503
123.0731817349
120.3141987805
119.7041247386
122.3933861179
129.2695500121
141.4919938097
261.0212104944
1331.3690440687
953.0725720315
677.9768719267
896.8942894901
1005.4426149450
972.5749601537
130.4897131528
107.5011957568
93.4656148584
85.3469879586
81.0282946640
71.0835769288
72.0685985009
76.3260354580
84.0038777561
94.6900079384
175.3642963083
772.6588136204
354.7459688949
453.7464105551
492.5619180888
743.0273247260
1322.5662965517
477.7671998402
732.2904200677
1109.7639192464
834.0138458934
664.3775886120
942.9013290935
654.8012917065
786.5394202540
116.4281979642
93.6166259582
80.3480477737
73.5248603198
67.7320848331
68.2918815325
71.5417009325
77.4009738708
85.9993385188
98.1172414792
793.6520005535
764.8849682081
303.0471687179
690.5836125487
605.0148803980
518.2055519288
1033.5109291467
752.1340566474
723.8573223441
636.0617851687
814.7514516347
787.3815787908
1082.9686371260
129.4677564021
104.6502985946
87.2129022532
76.2398240197
70.1509951289
67.8281460957
68.3958717390
72.8093931137
81.3784859239
95.3778347413
763.6163700910
852.6227649203
418.0954147699
455.0183644199
738.4311649515
760.1159746295
404.3376127279
910.1314157771
1167.5225112768
120.6035440017
96.6636874150
80.6303307076
71.5459763180
71.7931350887
73.1017508331
81.5960800965
197.6090986419
663.8546058342
602.9491842613
830.9138354056
947.0931215627
708.2765027183
553.0610378972
92.7949862888
77.8772415231
81.0197690925
86.9188279008
490.5853834809
1120.9596746016
884.7173178122
93.1415896654
98.1082697193
67.7320848331
1843.9159630468