171.8318211587
169.4637920905
170.6944355766
174.9581423342
182.3189732908
193.2875444448
286.7691728205
225.2575081882
225.8531455634
235.5501492618
269.2884989342
215.4456666688
210.8492667709
207.2804882217
207.3126356792
212.5672109603
224.6676970104
246.0147371891
280.4203491209
476.3741273842
1034.6707227014
1176.2719863611
869.4211125213
998.7898458218
2258.7983148322
1101.8030223408
261.1048150220
218.6222334190
193.3990631386
179.0663393876
111.4075217434
111.6845901066
114.2050923480
119.0325296226
126.7688426404
138.6177435028
425.6220705276
485.1111974893
275.4477290094
388.1117012314
460.5918849698
746.5085795120
173.3871219873
169.7908200165
169.0635214235
172.8312522005
182.3236916693
199.0908447437
365.2474517627
1846.3135404037
1315.9078850732
938.6616018865
1236.6801928761
1402.9942155346
1326.0374849888
181.1298116584
149.7678217929
130.6694746914
119.6284566891
113.7592824621
99.1382280455
100.3788541328
106.0108208788
116.2852917253
130.9314851102
244.9621953404
1086.2217909091
493.4268304954
636.8696798688
690.4347138977
1043.1055937896
1422.1272824513
677.5537417551
1039.0317541308
1568.2217253290
1178.0708471786
936.3368443323
1331.2631012803
928.3031815992
1104.5752941281
161.5349085437
130.0728758173
111.8754174724
102.5244100813
94.2036701242
94.8771394947
99.2271301294
107.2204246966
119.2102095401
136.4584679669
1134.7713643079
1089.2473903779
428.7651362165
985.3761754275
862.2425942401
738.5627449515
1476.4918282304
1074.4959839855
1035.1706295653
908.8738880297
1163.5471801480
1128.2984251599
1546.3401390348
180.5055808981
145.5598862515
121.2362465909
106.0242438522
97.5937814839
94.3993673058
95.1237811901
101.2422513014
113.3545881810
133.4485624178
1100.7114676862
1226.3089132848
600.4755819543
653.0342214858
1063.3511156269
1095.2609812152
579.5884234211
1313.3248003549
1682.6030430948
168.9863978731
134.9254570331
112.3414614523
99.6222106675
100.2111776027
102.0611895930
114.2102802329
282.1853967685
960.4053461126
870.6347245222
1202.7876874762
1372.0158777145
1024.1726490175
798.7286853433
130.0100267412
108.8124720378
113.6259041325
122.1884462265
709.2911349960
1628.3181817463
1284.0494590919
130.9702836435
138.4113485055
94.2036701242
2258.7983148322