0.1085140005
0.1087769628
0.1095402641
0.1107212360
0.1122645158
0.1141278629
0.1166033364
0.1183950330
0.1203212012
0.1219902069
0.1235576353
0.1246070213
0.1259386040
0.1274082915
0.1290539544
0.1308519478
0.1327185824
0.1345070147
0.1360183878
0.1379534260
0.1406157515
0.1398284803
0.1353490654
0.1322964164
0.1333779021
0.1227673934
0.1149513275
0.1119212458
0.1099448279
0.1088597085
0.0779357184
0.0779084923
0.0785635808
0.0798731078
0.0818520904
0.0845386538
0.0902784557
0.0939934340
0.0958015311
0.1001673225
0.1031551626
0.1083716126
0.1061950540
0.1086652821
0.1111649735
0.1136741867
0.1161212633
0.1183479591
0.1225170236
0.1432076261
0.1338692477
0.1275258329
0.1246299592
0.1309013240
0.1086367465
0.0929077171
0.0872010430
0.0831244513
0.0803853976
0.0787193664
0.0672780183
0.0671850538
0.0684259158
0.0710838131
0.0754193129
0.0866653560
0.1256140743
0.1000074373
0.1171257111
0.1208948574
0.1375940149
0.0135757813
0.1687403784
0.2114003192
0.2119896865
0.2122483400
0.1795543929
0.2059866506
0.2410725541
0.1327746741
0.0870852064
0.0778513139
0.0721198383
0.0688123839
0.0659526104
0.0657565223
0.0672539166
0.0706571196
0.0765298051
0.0857865463
0.4860997887
0.3034404213
0.1495840911
0.3559321973
0.3053293213
0.2744499826
0.5240742406
0.4549129014
0.5126942538
0.5070438931
0.5119666722
0.8207459778
0.5471202350
0.1107468580
0.0914666754
0.0794135658
0.0721175265
0.0679318025
0.0718078012
0.0719617530
0.0761557320
0.0857839943
0.1039972434
1.3723595109
1.0564342165
0.6448927020
0.5881280861
1.1567698549
1.3510382677
0.6053675193
1.9919863737
1.8747709628
0.1364179007
0.1031088103
0.0849724335
0.0756862013
0.0866132177
0.0888854019
0.1038156406
0.3447715943
2.0537971437
1.4823031773
2.5287067981
3.1531153158
2.1864425986
1.7014796884
0.1209552105
0.0955778729
0.1162894607
0.1322556958
1.6497287375
4.9811797376
3.8897204144
0.1444015392
0.1718207476
0.0135757813
4.9811797376