0.1131752231
0.1105213456
0.1106527809
0.1130467425
0.1176667792
0.1248454655
0.2061922503
0.1519085324
0.1466452243
0.1594857904
0.1855156559
0.1376888885
0.1344258696
0.1321146064
0.1324019181
0.1363605229
0.1451821842
0.1607408723
0.1861242065
0.3227824718
0.8070099806
1.0149006197
0.7276636737
0.7405502220
2.3659391250
0.9533389125
0.1887636284
0.1532270637
0.1319879407
0.1197014920
0.0700357566
0.0701341525
0.0717215038
0.0748208474
0.0798080036
0.0874227253
0.2686691837
0.3140163479
0.1846821213
0.2477669838
0.3033799038
0.4749737665
0.1072469332
0.1047671193
0.1042760924
0.1067192861
0.1128685702
0.1237916704
0.2251840467
1.1356837969
0.8228760054
0.5850346511
0.7753261013
0.8527694582
0.8579664735
0.1174225295
0.0963577927
0.0833366310
0.0757611263
0.0717050292
0.0641388344
0.0652566489
0.0695952610
0.0772084145
0.0871383269
0.1545000015
0.6522034998
0.3057868231
0.3858015911
0.4182106379
0.6264331607
22.9298999210
0.4042104737
0.6172551223
0.9320580388
0.7049655802
0.5643034621
0.7969650382
0.5587291934
0.6652377139
0.1053499205
0.0847780776
0.0726072554
0.0663197085
0.0617241279
0.0624325458
0.0656909597
0.0712986211
0.0790749121
0.0894481804
0.6778345211
0.6485809750
0.2599449968
0.5870167482
0.5140031723
0.4409252071
0.8757378681
0.6402782482
0.6189291218
0.5462726824
0.6963288339
0.6803329902
0.9211480808
0.1165638139
0.0948085772
0.0792628004
0.0693494253
0.0638359877
0.0619534053
0.0626219245
0.0667524048
0.0743876998
0.0864357336
0.6671449120
0.7365570209
0.3648771901
0.3947637642
0.6416892378
0.6630629304
0.3534353510
0.7993375806
1.0152136028
0.1085586178
0.0875673928
0.0733444216
0.0652229300
0.0654540506
0.0666973443
0.0742069934
0.1752891160
0.5902060909
0.5318953577
0.7371221604
0.8427885407
0.6297638364
0.4927105574
0.0840238018
0.0708255000
0.0735552274
0.0787451705
0.4382586432
1.0082115834
0.7961769106
0.0842632894
0.0886101570
0.0617241279
22.9298999210