314.7502209867
314.3942335109
318.7119662966
327.2474289655
340.3349482394
358.7712644318
443.4257464958
402.1211834004
411.7733115174
416.5287843274
451.9448518334
405.3265413284
399.9362632141
395.1789929483
395.2627800764
402.8870149777
420.2941572322
450.1978702602
496.3069477529
764.9745152620
1283.8273713237
1329.9046259015
985.1364342871
1290.4022268391
2005.2045006519
1052.9050245110
408.3931214357
362.5309381920
335.6562805916
321.0605123313
216.9968018680
217.6563425962
222.1579789688
230.6700584941
244.2532648798
265.0212940294
738.0391929577
797.9022160543
448.7234958659
668.0171846980
743.0312610923
1249.5540059557
341.4955987255
337.6092666974
337.6836163375
344.9763398385
361.7034368996
390.0501217550
691.6385367256
3298.8685184910
2289.3483258664
1664.4888023280
2134.2249273221
2607.3229251233
2119.7033994134
330.9854733480
279.3374830683
248.2466852514
230.2843749523
220.7449107743
186.5889171927
187.7135348316
195.5255741916
210.9221933371
236.1033052361
463.6505072438
2109.0079273102
902.7377505136
1226.6261131786
1318.3029574801
2006.3851761758
173.0724631230
1379.8899153383
2120.3595554818
3129.0965931402
2347.2624785013
1844.5102957563
2646.9005613169
1889.5986809686
2132.2427586002
295.0864235686
239.7535989176
208.6721936328
192.7396029312
175.1286394161
175.4551570234
182.0307553888
195.5386901532
218.2327238883
254.1291750662
2412.3356447684
2267.7415808230
865.1764930982
2071.8879742333
1801.8791215606
1543.9887062024
3121.2210858149
2272.3155786474
2201.2564537873
1925.8487049262
2457.6445271258
2425.3211197221
3262.3632135193
338.8300074297
270.0474433751
224.4303927661
196.8089893846
181.6056058112
176.2934508664
177.1164663184
188.4373988602
212.9860477941
256.5409263519
2434.6422059092
2682.7073263496
1306.0179094052
1414.9088600457
2339.5115608911
2417.4567254332
1248.9430536713
2918.6468502092
3715.8181677063
326.0999397875
255.3936839619
210.7756776879
186.4167531163
190.1434334802
194.0024632776
220.0257976748
598.7471485886
2160.6603963795
1941.6175908463
2711.9515770091
3104.0943209180
2298.7264687054
1783.0185462935
251.1638309901
207.4047813421
220.9354738425
240.5398063607
1591.8327487531
3729.5993113267
2930.0343045916
257.9156817846
277.2262906946
173.0724631230
3729.5993113267