1.5133267000
1.5174066251
1.5294868532
1.5484882919
1.5738506715
1.6051767724
1.6470563992
1.6771513998
1.7079551897
1.7325322858
1.7551013439
1.7691925390
1.7880854572
1.8092521588
1.8334815714
1.8609155455
1.8907720419
1.9209647564
1.9481607270
1.9879263291
2.0390378901
2.0278882833
1.9559707335
1.9144638964
1.9244519488
1.7467285724
1.6177516425
1.5680308811
1.5361737202
1.5188633429
1.0835769150
1.0836984425
1.0942769151
1.1151054336
1.1468545951
1.1907390116
1.3126395175
1.3647013313
1.3733131946
1.4551828472
1.4933608099
1.6057038060
1.5193526170
1.5554535076
1.5923654041
1.6305813294
1.6698461116
1.7079294887
1.8258806827
2.5045816927
2.1827932345
2.0269363634
1.9859928804
2.3846003137
1.6547874207
1.3217482781
1.2276694380
1.1626772604
1.1202238152
1.0950324486
0.9297271822
0.9292309521
0.9487805899
0.9903522218
1.0595686278
1.3268631879
2.5148572791
1.5270665889
2.0019434054
2.0379548828
2.5154612876
0.1858340412
3.1815361574
4.3448391925
4.5172987478
4.2627185733
3.3900752407
4.3026010162
4.9011367021
2.5675384401
1.2357765508
1.0888816515
1.0010128274
0.9518020106
0.9026895718
0.9008054608
0.9236694797
0.9751524233
1.0654145981
1.2116993437
9.4290212720
6.2854717835
2.5313213497
6.9246611051
5.7854581260
5.1283005301
10.3568360673
8.4750534659
9.3288905507
8.8019454747
9.6169984155
13.6334342939
11.0948443704
1.5757888474
1.2792713454
1.0980822226
0.9908051633
0.9304930524
0.9700656057
0.9734991761
1.0340037945
1.1732403223
1.4394961677
19.8102315317
16.9138692419
9.5070607231
9.1080064122
17.2263242151
19.4015391305
8.9129827299
27.0588662076
28.0389858238
1.8712326982
1.4057076468
1.1518823308
1.0230023943
1.1498074349
1.1819064509
1.3835090389
4.7621914323
25.3300324203
19.4720322696
31.3811112951
38.1610987934
26.8958201781
20.8553522340
1.5992232238
1.2671364332
1.5091565589
1.7122333975
19.7518075111
55.6484256995
43.4273958910
1.8566899014
2.1725637564
0.1858340412
55.6484256995