4.3404508688
4.2600485085
4.2780970816
4.3775230496
4.5584336836
4.8335427699
7.5482497727
5.7819503460
5.6578004203
6.0522760578
6.9531940369
5.3616822585
5.2432347369
5.1553436358
5.1617595703
5.3036277367
5.6241978892
6.1890850070
7.1040865817
12.1298970867
28.3679931888
34.6934837623
24.9300153424
26.4624539582
77.0959523142
31.8927829379
6.9057486638
5.6932856195
4.9707175856
4.5559784121
2.7522239262
2.7574363326
2.8194423532
2.9394927060
3.1323548161
3.4272656013
10.4811863515
12.0523541786
6.9604544552
9.6004502338
11.5298313269
18.4128039096
4.2516769179
4.1604492084
4.1426242083
4.2372605683
4.4748204969
4.8950194234
8.9408666946
45.0415939796
32.2936541591
23.0330642259
30.3796528374
34.1346779566
32.9142816178
4.5385551714
3.7402196236
3.2501350695
2.9657852105
2.8139900455
2.4841452345
2.5212415579
2.6756903035
2.9519009149
3.3283476693
6.0767163883
26.3479018468
12.1045208658
15.4985873546
16.7885858203
25.2754241712
329.8351336907
16.4040469577
25.1139818735
37.8907218333
28.5413633387
22.7492393318
32.2696226220
22.5626616004
26.8183619439
4.0614017307
3.2700302248
2.8072119141
2.5687102550
2.3756132190
2.3978273559
2.5155690678
2.7247820695
3.0267931717
3.4462721331
27.5018466546
26.3692657156
10.4557793857
23.8520856364
20.8746755938
17.8903039253
35.6689725804
26.0032571436
25.0834396975
22.0648742289
28.2070482760
27.4171497480
37.4283698321
4.5188630476
3.6588086601
3.0531624690
2.6709789566
2.4588583438
2.3826196455
2.4048850173
2.5620636183
2.8629250045
3.3503635432
26.7694268595
29.7449373023
14.6282934606
15.8805349135
25.8216654593
26.6194310187
14.1386464091
31.9638597498
40.8522106842
4.2200301209
3.3859940677
2.8275722762
2.5111612862
2.5233022070
2.5710456275
2.8696711220
6.9395636904
23.4325571398
21.2150827849
29.3114332964
33.4528162026
24.9928767767
19.5189070479
3.2557703376
2.7347739487
2.8481152268
3.0565169205
17.3385652706
39.7606736291
31.3767083284
3.2721742453
3.4495228746
2.3756132190
329.8351336907