4.0014814054
3.9257558577
3.9418621347
4.0337991235
4.2016258233
4.4572292244
7.0052651871
5.3361336634
5.2236073393
5.5869265618
6.4377482757
4.9418730901
4.8298207042
4.7466427519
4.7518136521
4.8835471385
5.1822133298
5.7094486433
6.5650172258
11.2816606338
26.5100297700
32.3620744929
23.2657986978
24.7894395160
71.6529550553
29.8811537315
6.4011030846
5.2671352643
4.5913657230
4.2033625678
2.5316285668
2.5364665697
2.5939388723
2.7051835515
2.8839100427
3.1573102763
9.7409656561
11.2295943847
6.4714587395
8.9205119484
10.7440402179
17.1542571428
3.9107501350
3.8238537738
3.8058611540
3.8927703315
4.1127893042
4.5031543252
8.2565601413
41.8208989527
30.0232413239
21.3816192085
28.2590035879
31.6039550330
30.7400736930
4.1904254113
3.4488520529
2.9937210804
2.7297605422
2.5889125439
2.2879149474
2.3225894079
2.4661289801
2.7224111084
3.0706644855
5.6025445044
24.3101955790
11.2102538742
14.3060614066
15.5087409923
23.3432982884
331.1908121771
15.0698406114
23.0722145997
34.8870070919
26.2727123900
20.9554066883
29.7070134262
20.7161089792
24.7531677019
3.7484563486
3.0158648886
2.5870617585
2.3661097172
2.1885371090
2.2093260986
2.3184148300
2.5117063353
2.7897154313
3.1743061951
25.1491561876
24.1703231567
9.6058079788
21.8406231366
19.1260759782
16.3898692641
32.6516101814
23.7965285160
22.9359438849
20.1798802490
25.8094685020
25.0313754842
34.2566638637
4.1633808733
3.3726528911
2.8142483555
2.4613113896
2.2653339687
2.1939353712
2.2145225932
2.3590714122
2.6347581461
3.0797466501
24.3636454263
27.1137779883
13.3347165160
14.4865261369
23.5189993022
24.2345606379
12.8985886340
29.0715954115
37.1906454037
3.8798003753
3.1164384679
2.6035279593
2.3122956798
2.3210145120
2.3644517495
2.6369042465
6.3347919467
21.2778663010
19.2867428290
26.6132193631
30.3569973653
22.6989388517
17.7351534038
2.9919840982
2.5150998370
2.6156027244
2.8046078387
15.7441291905
36.0265472580
28.4406862750
3.0027306101
3.1615125701
2.1885371090
331.1908121771