25.9763810893
25.5016063950
25.6197348699
26.2289427318
27.3313426286
29.0052869865
45.3402617711
34.5612377346
34.0147827832
36.1887284690
41.7373894483
32.1818741623
31.4414840465
30.8858563204
30.9073153393
31.7559104551
33.6940071219
37.1218896571
42.6871081482
73.6700222630
171.2859768926
205.7874708858
148.9341919339
161.3768639677
441.7118021922
191.5247382669
41.3631903804
34.0838895487
29.7489990818
27.2639588762
16.4795365344
16.5135066366
16.8906881071
17.6189047351
18.7883983957
20.5787430221
64.0859287367
73.8493503122
42.2799497745
58.5915187225
70.5163264840
113.0375914127
25.5059115643
24.9254768284
24.7980113404
25.3606348861
26.7984137894
29.3561174549
54.1038247245
275.7560745605
197.8241439614
140.7214834201
186.2450980048
208.0590796274
202.6827855584
27.2882120918
22.4477910005
19.4829519291
17.7655156122
16.8503479979
14.8620993893
15.0829171442
16.0064175182
17.6592340202
19.9195167828
36.5481813677
159.6761349583
73.6370816755
93.8823820005
101.8801900224
153.4846715804
790.6712722861
98.5869533154
151.0170327963
228.9196786458
172.1882698150
137.3284635701
194.7257699802
135.2977824465
162.6011120626
24.3813751294
19.6020539904
16.8096942157
15.3721014582
14.1985958856
14.3289333680
15.0304279370
16.2785088677
18.0820637234
20.5873758173
163.6754811741
157.7763345794
62.7147283333
142.4002903518
124.7752638940
106.8933409647
212.9297990889
155.0446677859
149.2473320091
131.2357931876
168.0473478825
162.4310094525
223.2691262948
27.0604386705
21.9097791883
18.2728768201
15.9757002260
14.7002296106
14.2227821880
14.3518571856
15.2845800890
17.0702854919
19.9577442197
157.4272844235
175.7067710608
86.2952310341
93.8726691258
152.1850679298
156.6700304642
83.5063867397
187.6127068451
240.5597854950
25.1735941556
20.2198778142
16.8873674796
14.9941465339
15.0372104697
15.3143245883
17.0749525059
40.9454089088
136.8873154726
124.3257639452
171.2514586209
195.1896060626
146.0585653482
114.1246832758
19.3889706061
16.2982150626
16.9337270295
18.1499404814
101.2240647763
230.9912580714
182.3792960981
19.4378969630
20.4493806677
14.1985958856
790.6712722861