348.6988597543
348.1691490130
352.9229319960
362.4315433600
377.0642618876
397.7229124212
495.6460199100
446.4555913386
457.1427869941
462.5281628477
503.5687409622
449.1250181735
442.8340137869
437.3085821040
437.2980199897
445.8282401108
465.4372816879
499.2513652154
551.6092546250
858.4594311773
1458.9568486833
1514.8322832014
1119.5613194721
1468.9624905887
2301.4506546920
1208.4852624958
455.7097527442
403.3593709603
372.6763505179
355.9790463028
239.9138128807
240.6504461912
245.6764835894
255.1773497523
270.3401955443
293.5366429508
827.6486279281
898.1313928675
502.8734440861
748.6538981870
836.2008345352
1406.5440992233
377.6441527203
373.0147874826
372.9121088409
380.9537435284
399.6134407431
431.3843639252
768.7918391966
3695.6269924763
2568.8886900146
1863.8948149360
2396.9805181235
2909.4271111097
2395.9756926580
367.5898379006
309.7128673969
274.8842910196
254.7758016056
244.1040075904
206.5479108766
207.8398170030
216.6132060632
233.8461229133
261.8963929175
514.2383291631
2343.0654319642
1007.6889532079
1363.1151344538
1466.5598055867
2231.7403387679
215.3973163188
1524.7227286821
2343.1650529662
3467.4623350991
2599.8548984514
2044.4974279568
2932.2239681501
2086.2752821156
2369.6011291948
327.5409980171
265.8605078245
231.1726087468
213.3938021611
193.8988506663
194.2886499091
201.6284137145
216.6410166302
241.7567649114
281.3388429091
2651.9538922800
2499.6916806061
955.8278639167
2281.1060476056
1985.0616720548
1700.6689222069
3435.3484543379
2500.0000216432
2419.6540790940
2116.8934431895
2703.2411499702
2660.9857814000
3590.0826649488
375.2576454039
299.2436804783
248.6690812851
217.9858812424
201.0868868463
195.0595458775
195.9737529386
208.4779960410
235.5039731472
283.3052321119
2662.4240421541
2938.8897048227
1430.4746138451
1550.8568621183
2560.4646924007
2644.4219778896
1368.8754604511
3189.2496589379
4065.3131928068
360.1974448868
282.4515725656
233.2117306507
206.2659322532
210.1069661502
214.3170311615
242.8392350127
656.4304973713
2356.8884987314
2120.4750727913
2957.9988622128
3384.2964272186
2507.8761597673
1945.9089561319
277.2481794644
229.1397274927
243.6750271153
265.0476006011
1736.2112664933
4059.6502967635
3190.1918358351
284.2211295293
305.0785908014
193.8988506663
4065.3131928068