12.2953855503
12.0647559610
12.1176384507
12.4049730165
12.9274466312
13.7223834395
21.5916019175
16.3893575467
16.1039170581
17.1637969627
19.8340043270
15.2167969332
14.8617083266
14.5960881338
14.6063257407
15.0111852783
15.9359981127
17.5728483978
20.2333161315
35.0327389858
82.0185664469
99.0188397586
71.4706436633
77.2264294194
214.1366462645
92.0795529401
19.6831329315
16.1896167676
14.1088320398
12.9151731057
7.7813269593
7.7970943376
7.9757542276
8.3209172490
8.8753488258
9.7241692875
30.3898213455
35.0859407599
20.0997704129
27.7938274245
33.5269876647
53.6682783175
12.0366520575
11.7579180824
11.6955416969
11.9613274387
12.6429413642
13.8572423865
25.5729780337
130.6178571051
93.7991290135
66.6797917829
88.3374497301
98.4087834221
96.3776832916
12.9200177608
10.6194760412
9.2097318552
8.3930540786
7.9578262953
7.0289064835
7.1351159655
7.5761034872
8.3638544606
9.4368151679
17.2803058712
75.3956598837
34.8565752195
44.3468792937
48.1379810004
72.4954432480
636.8945589744
46.4551061787
71.1504416869
107.9616611213
81.2121800540
64.8055535521
91.8509510387
63.7569270558
76.7946693791
11.5450207671
9.2787890086
7.9531764744
7.2705692698
6.7190883113
6.7821588681
7.1164551837
7.7092571429
8.5624061299
9.7425768911
76.9724996582
74.2723163313
29.5689654869
67.0023634562
58.7267438728
50.3090248875
100.1553909455
72.9289855739
70.1849568960
61.7245604320
79.0512560995
76.3436156854
105.0329248458
12.7997168541
10.3687697967
8.6485943667
7.5605753300
6.9562493286
6.7295565334
6.7914678591
7.2330259969
8.0751205857
9.4321704388
73.8842026111
82.5120702030
40.5376792856
44.1045473860
71.4423448724
73.5342965719
39.2449506506
88.0265604019
112.9071085029
11.8935761936
9.5613376875
7.9886609384
7.0939324293
7.1102964317
7.2408502416
8.0687721699
19.2599444619
64.1834741526
58.3223801604
80.2853828018
91.4889903315
68.4919462818
53.5328272880
9.1605523773
7.7049601168
7.9985620289
8.5684004405
47.4686920679
108.1931051935
85.4428249180
9.1759541071
9.6460422117
6.7190883113
636.8945589744