745.1276945549
740.8532588919
749.7998758735
770.3371956534
803.1447609024
850.4108998490
1142.1530873257
966.4915061183
987.8352805002
1003.8516073994
1125.0731687332
955.5713160328
937.4016615558
922.1673826570
921.1034479265
941.1127507682
988.4769904984
1071.8781178830
1204.5023559489
1999.1729316991
3767.2232527267
4001.5511389438
2940.9650716337
3812.9294266140
6482.7030611837
3456.2518224414
1038.1998770675
896.3954767855
812.9557022629
766.7160044814
501.9226849601
503.4978609328
514.6896806879
535.8562584880
569.6701561779
621.5423721926
1887.4269462776
2107.3559833690
1164.1762103861
1707.5015718427
1971.7537294174
3284.1562905452
788.8322339264
774.4223735430
771.7279511796
788.3680596491
829.8045817992
902.3966916267
1654.6811666955
8319.6963212028
5862.3344933122
4196.9438897417
5499.1313276768
6383.1033040223
5749.7229540951
794.8808889440
661.9859309058
581.9586440878
535.8817933611
511.5003706046
437.4266872014
441.1270547216
462.1115485340
502.0990556741
564.1560693302
1094.9582017951
4994.4976917887
2222.8166344896
2915.6725066478
3158.2511993181
4793.4201497113
1105.2717153087
3143.5626120532
4830.2143174244
7267.5212366728
5442.1875345716
4304.0214265372
6144.4777754152
4287.5726966056
5066.3998162538
706.5279338881
569.9269558242
492.2390350424
452.4166508821
412.0053632594
413.4879853649
430.2860783045
463.2618574798
516.2186982335
596.8225516558
5298.8295311921
5074.4973619619
1973.4938290642
4598.2406706660
4018.7268066439
3439.9574862687
6908.1877649958
5018.7253083786
4833.3226923910
4232.4632953325
5423.1168336030
5263.3160725020
7217.5587948585
796.9888173705
638.6683204026
530.7168150480
464.1986084236
427.3978332458
412.9006369694
415.0615329710
441.2978358872
496.2117755789
590.7324174551
5160.3190260472
5751.3105267783
2801.8130743794
3049.5030322170
4986.2759679266
5135.1207593624
2694.9048388404
6157.6167664872
7896.7884571644
751.8402710787
595.2086321485
493.2976235289
436.5507752955
440.7745205346
448.8698449997
505.0527605370
1298.4861243384
4504.7781170756
4080.8598542785
5649.8563589038
6446.8575323649
4800.2910875282
3734.4181866221
576.9797619424
479.9420266464
504.4853180751
544.9908553047
3319.4555977689
7661.3431821251
6032.7181516945
584.7830051116
621.6421597608
412.0053632594
8319.6963212028