0.9315241310
0.9131326227
0.9164683429
0.9376977129
0.9767900209
1.0365293504
1.6444393740
1.2456103084
1.2158284919
1.3045634882
1.5056646224
1.1483184973
1.1218010518
1.1021958079
1.1034269679
1.1344512230
1.2048015774
1.3291099786
1.5311292963
2.6418165311
6.2786590263
7.7135066770
5.5336370123
5.8491645180
17.2950778783
7.1243663075
1.5031358618
1.2332311747
1.0723254420
0.9798264595
0.5869374051
0.5880222050
0.6014045775
0.6273396897
0.6690238549
0.7327932999
2.2726132174
2.6251081036
1.5127818386
2.0813699778
2.5131222981
4.0080189749
0.9060434502
0.8854073751
0.8809957601
0.9011625279
0.9524900825
1.0437518169
1.9183577555
9.7489634539
7.0063574549
4.9856537683
6.5974825059
7.3546270972
7.1974248411
0.9755391287
0.8019042668
0.6952580306
0.6333985617
0.6003842760
0.5317351142
0.5400352621
0.5739547997
0.6343256581
0.7157934819
1.3026285835
5.6443057962
2.6106333124
3.3224300534
3.6032008143
5.4217604512
206.9968243780
3.4873422658
5.3386352077
8.0856962480
6.0883689842
4.8599034517
6.8859370842
4.7934792170
5.7489461579
0.8727587875
0.7018164300
0.6015929488
0.5499421270
0.5090722305
0.5141003156
0.5397918277
0.5850614401
0.6497342490
0.7386002979
5.8001268958
5.5848598859
2.2243363325
5.0419901040
4.4172063329
3.7851935992
7.5343082393
5.4902151765
5.2887120125
4.6535179119
5.9547521523
5.7647814906
7.9058614747
0.9677736812
0.7845403708
0.6547437153
0.5725464524
0.5268891326
0.5101784315
0.5150913161
0.5487661754
0.6125790140
0.7150211446
5.5946758333
6.2350267795
3.0670921583
3.3335034095
5.4038303620
5.5659667023
2.9687483886
6.6706680894
8.5424383925
0.9001506046
0.7239870843
0.6051971257
0.5376113789
0.5391475002
0.5492046229
0.6119719982
1.4595900626
4.8744926110
4.4232229504
6.0957037727
6.9499118171
5.2007862643
4.0652987270
0.6940836967
0.5840212789
0.6065204595
0.6498067107
3.6070018273
8.2339811270
6.5021637036
0.6956045690
0.7314730506
0.5090722305
206.9968243780