335.0091211200
334.6161647509
339.2089600957
348.2997204479
362.2442181569
381.8925239651
472.4305427466
428.1089063320
438.3802451814
443.4548479824
481.3382647032
431.4257676979
425.6546719415
420.5638814371
420.6417881810
428.7654851494
447.3275761863
479.2291171453
528.4418995555
815.3563013538
1370.3501017854
1419.8457790472
1051.5328226271
1377.5573655819
2142.7495117269
1125.0972343781
435.0232807657
386.0468008350
357.3465797848
341.7559062482
230.9126361440
231.6153662732
236.4110405531
245.4787613688
259.9488232283
282.0742381334
786.6321032555
850.8266725371
478.2077385006
711.9336874976
792.2238774566
1332.3856999522
363.4060097658
359.2346866387
359.2936619012
367.0515485566
384.8691618519
415.0800031001
736.4404538729
3515.7883046831
2440.1888749686
1773.7741728977
2275.1186632400
2777.3688077887
2261.1479700705
352.3864762803
297.3439110225
264.2110178333
245.0703693329
234.9059433801
198.5812477052
199.7832724605
208.1109860254
224.5177084604
251.3366821686
493.5836952619
2245.5207347054
961.6276958167
1306.0556884137
1403.8248868482
2136.5461370680
186.0186763024
1468.2998467445
2256.2724192838
3330.6534278932
2498.3466734758
1963.4465744499
2817.3225904018
2010.5650916253
2270.3827722348
314.1468637852
255.2117653534
222.1027351157
205.1311136992
186.3879945333
186.7386416495
193.7435186222
208.1263216217
232.2789508897
270.4672692422
2565.5040688676
2412.5311204623
920.5959649858
2203.7396464500
1916.7454628824
1642.3470532150
3319.6978820070
2416.7133987811
2340.9715419561
2048.0629158925
2613.8203131105
2578.7278333311
3469.8134071254
360.6264891614
287.4362161580
238.8788939070
209.4708752014
193.2830748021
187.6136405807
188.4900744078
200.5359403280
226.6470330391
272.9581385320
2587.5730880991
2851.9073830874
1388.3793482769
1504.2016000248
2486.6407464548
2569.4310747773
1327.6573143547
3101.7250788072
3949.4984881449
346.9731282007
271.7789354538
224.3096779973
198.3874119552
202.3230720825
206.4238069339
234.0895627893
636.5397195194
2295.8327270001
2063.2427236830
2881.5204362055
3298.0110042929
2442.4731489311
1894.4129744643
267.2207482786
220.6854267731
235.0381931596
255.8675463962
1691.3262836152
3961.7829126325
3112.5729930746
274.3525130925
294.8485885950
186.0186763024
3961.7829126325