0.1015329023
0.0991483213
0.0992679712
0.1014221640
0.1055787286
0.1120373936
0.1851589801
0.1363875299
0.1316403667
0.1431831957
0.1665749804
0.1235702005
0.1206255442
0.1185350066
0.1187832790
0.1223370938
0.1302695908
0.1442678401
0.1671107041
0.2901728030
0.7256083247
0.9127295571
0.6540465649
0.6658658894
2.1290032719
0.8566517236
0.1694884441
0.1375380331
0.1184437362
0.1073989351
0.0628143771
0.0629033900
0.0643307747
0.0671174256
0.0716018355
0.0784504884
0.2418592509
0.2826097870
0.1659249703
0.2229067119
0.2728983181
0.4277312689
0.0962323300
0.0939860394
0.0935311251
0.0957204666
0.1012497106
0.1110815390
0.2024972070
1.0235168825
0.7413289869
0.5269492686
0.6985898466
0.7683485754
0.7728917930
0.1054302796
0.0864815774
0.0747715721
0.0679604216
0.0643143883
0.0575326074
0.0585377120
0.0624367559
0.0692783114
0.0782029323
0.1388485308
0.5872582087
0.2753070662
0.3472494025
0.3764945738
0.5641131744
23.5515222288
0.3632928875
0.5549143418
0.8387859829
0.6341007222
0.5076028769
0.7170114058
0.5018927736
0.5989900182
0.0945712682
0.0760800590
0.0651415494
0.0594916499
0.0553611567
0.0559980503
0.0589244821
0.0639595351
0.0709398560
0.0802479071
0.6077645248
0.5824202170
0.2335106400
0.5267580675
0.4613610480
0.3957194714
0.7858387479
0.5743198501
0.5548108470
0.4895563127
0.6244147347
0.6089511416
0.8264241907
0.1045811283
0.0850632318
0.0711081371
0.0622072171
0.0572568510
0.0555507003
0.0561505602
0.0598538726
0.0666948194
0.0774788467
0.5956615878
0.6587248570
0.3261147938
0.3530713122
0.5733643359
0.5921203286
0.3159768942
0.7130562657
0.9068594399
0.0972990863
0.0785110078
0.0657650896
0.0584827691
0.0586608177
0.0597716469
0.0664847303
0.1566527945
0.5255113610
0.4742147842
0.6563659850
0.7500600149
0.5607824800
0.4387994422
0.0752760719
0.0634703081
0.0658728516
0.0704978755
0.3900955682
0.8956576822
0.7074176380
0.0754348357
0.0792780576
0.0553611567
23.5515222288