76.9400359656
75.5747677767
75.9557930849
77.7865846648
81.0772833214
86.0624468495
134.0029964899
102.0627029319
100.9738815170
106.9246619795
123.4755895255
95.5319889893
93.3131187214
91.6377459969
91.6783721315
94.1773250883
99.9104623081
110.0620887817
126.5490074188
219.0750722603
505.2091309202
597.4122539818
435.7725253757
479.3868403699
1238.1440798894
561.5953709284
122.0085380503
100.6687610779
87.9675081687
80.6952949797
48.9213793644
49.0279639529
50.1535015517
52.3220630295
55.8032152341
61.1346812369
191.3789155571
220.6419558229
125.9319467127
174.8811327712
210.5232150439
337.9736352206
75.8022789051
74.0541324830
73.6589670698
75.3233218853
79.5977650132
87.2122380342
161.1195593635
823.9177893245
591.0435262004
420.0613318998
556.5050370956
620.8441943648
606.2431450915
80.9788718122
66.6050402729
57.8132733836
52.7246798734
50.0157728144
44.0449026615
44.6879915444
47.4003837188
52.2633413864
58.9448571518
108.4938910004
475.7748425182
219.4769048974
279.6491420439
303.6697086363
457.6726346028
1163.1394940896
293.2332728564
449.2934525370
681.8467154144
512.6196875897
408.8088569775
579.7093181003
402.1107117618
484.5383338359
72.2958806570
58.1026369502
49.8209601112
45.5597285039
42.0397121114
42.4141311404
44.4740861807
48.1511802241
53.4842252948
60.9164649502
485.7443129590
468.7766064584
186.3112523460
422.9260360688
370.6823122988
317.5170985695
632.5268462233
460.3957326450
442.9700661483
389.4158114809
498.8666842947
481.5927248249
663.0453989193
80.2217977457
64.9266614175
54.1308834808
47.3160334358
43.5323433436
42.0943878061
42.4652964952
45.2143986906
50.4954767336
59.0522398590
466.0511636201
520.6732845934
255.5715834777
278.1811829099
450.7930148557
463.9289304227
247.3781077905
555.2674515207
712.5065622015
74.5797160653
59.8885343059
50.0034892588
44.3872229238
44.4979195199
45.3084169912
50.5146188539
121.1724504920
404.7069808415
367.8025814474
506.3802068269
577.0281187511
431.8566113041
337.4497032411
57.4033017601
48.2412597039
50.1076771497
53.6995282161
299.1939253058
682.2910352522
538.7190219550
57.5289330750
60.5088162101
42.0397121114
1238.1440798894