593.0980115807
587.6963319261
593.7384462103
609.6383202592
635.8206389346
674.0831077823
949.3065308196
772.5316767075
786.4534002988
804.5544388939
914.8934919328
754.6700879045
738.8737504790
726.0518612093
725.3132858271
742.2417864103
782.1662860250
852.7845872012
966.1479221574
1639.0130414249
3288.4184443319
3562.0857240364
2631.3592119306
3296.8514105645
6077.2077751893
3235.7008732033
860.5189430820
732.0865747752
656.2332490081
613.7114203387
393.0387407532
394.2103687600
403.1419591529
420.0909628168
447.1926768396
488.7710502651
1513.1730347512
1712.3934541988
953.0118943605
1373.3600682687
1612.4505944149
2653.5712039893
615.5291705879
602.9492623882
600.2616842131
613.3400181311
646.5173121419
705.1287924433
1300.3227583798
6610.4035118825
4690.8718302840
3344.0555970316
4407.4879761989
5025.4908811332
4693.8394383868
631.9470355888
523.8210548751
458.4854731760
420.8442793270
400.9129641755
345.5870693693
349.0841785578
366.9631435968
400.3681764531
450.3934299470
861.3998666752
3893.4812172013
1758.3010629295
2278.5154006246
2472.6712458938
3744.6110823789
1570.9273646908
2427.0749123844
3726.3436459624
5631.3617910916
4221.1936190459
3347.7383679730
4767.4102706501
3313.6814670671
3955.5351569464
561.9281339956
452.4379057477
389.6977815514
357.5107736954
326.6080657947
328.2294228746
342.2571720027
369.0131387264
410.7355950959
472.6980032399
4056.9299072785
3899.8534410314
1528.1944137243
3527.3942187022
3086.8000177728
2642.5384690642
5292.3900232402
3846.1372403081
3701.2166116454
3245.1523617243
4158.7861643054
4025.0124815117
5533.6614771584
629.9349358011
506.3222338427
421.0356573395
368.0623395064
338.7069717990
327.0575882900
329.0287064120
349.8651170655
392.4576679797
464.5322552711
3924.6984052416
4380.6222647360
2138.6151392559
2328.4732336954
3795.4024862148
3907.1609940067
2061.9277550066
4680.6691043682
6005.9949833064
590.7427815438
469.8476875082
390.2534918499
345.6027367120
347.8998545972
354.1486628514
397.1852686326
997.8924532532
3417.6421676409
3100.4754657248
4283.6937885053
4885.6005512166
3644.0633485894
2838.9261496766
453.4462827741
378.3913031342
395.9648215065
426.5090890804
2520.8676918576
5793.9519826802
4566.4402243922
457.6333009026
484.5988598548
326.6080657947
6610.4035118825