0.5709378239
0.5596318582
0.5617067429
0.5748042696
0.5989119713
0.6357545960
1.0105025211
0.7636513979
0.7462832935
0.7999854131
0.9244203941
0.7042918619
0.6877700502
0.6755136480
0.6761463308
0.6951953005
0.7385450935
0.8152482713
0.9400182022
1.6283935082
3.8714168461
4.7355664064
3.4034432539
3.6133225267
10.5334874777
4.3875419769
0.9229070627
0.7566848481
0.6576080690
0.6006637048
0.3595472834
0.3602274127
0.3684744393
0.3844464452
0.4101170489
0.4494040709
1.4035763895
1.6224957344
0.9320353849
1.2844076353
1.5521902615
2.4789361084
0.5553393789
0.5423963953
0.5395141036
0.5518397574
0.5834318871
0.6397311000
1.1799836999
6.0240914819
4.3301423832
3.0784865224
4.0789253939
4.5370549979
4.4566516618
0.5988714670
0.4918751575
0.4261974499
0.3881207933
0.3678106133
0.3257900075
0.3308983856
0.3517471119
0.3888404693
0.4388852056
0.7997995470
3.4742562196
1.6095206635
2.0445511576
2.2189207212
3.3395512389
197.2074122471
2.1390809887
3.2751069609
4.9702210749
3.7403768435
2.9865020926
4.2310117489
2.9377208171
3.5391289805
0.5355146418
0.4303734366
0.3687331308
0.3369766594
0.3118472953
0.3149351887
0.3306984873
0.3584548223
0.3980697586
0.4524367223
3.5430519513
3.4193676941
1.3634607862
3.0838639611
2.7032242848
2.3159892623
4.6078393488
3.3562161391
3.2302151175
2.8417820659
3.6389884019
3.5143907184
4.8340532304
0.5931480146
0.4808992895
0.4012723322
0.3508147259
0.3227836570
0.3123730881
0.3153710870
0.3359606608
0.3749282470
0.4373748450
3.3996460702
3.7961609987
1.8663317332
2.0303230519
3.2869104548
3.3831110614
1.8075486882
4.0498419203
5.1936846236
0.5507718207
0.4432511123
0.3705821036
0.3291861904
0.3298497790
0.3359475953
0.3741502711
0.8885203036
2.9530497552
2.6837337817
3.6929681955
4.2082220993
3.1513968184
2.4639076016
0.4244252578
0.3572810158
0.3706465181
0.3968661528
2.1847607013
4.9757093990
3.9302572921
0.4248712156
0.4463532116
0.3118472953
197.2074122471