48.2599005270
47.3653695161
47.5815102506
48.7170566806
50.7757926319
53.9049788448
84.6705107056
64.1875177733
63.2774137101
67.2568644872
77.7596793562
59.7878779890
58.3850407139
57.3321879950
57.3647307124
58.9495750073
62.5784840366
69.0054564731
79.4539581835
137.8239718329
321.5237153305
383.9449935482
278.9926454188
303.6717381046
811.3223647126
360.1880125668
77.1327077369
63.4745650758
55.3412664930
50.6778821214
30.5685241749
30.6325557335
31.3367024560
32.6954633316
34.8775000053
38.2188538983
119.8214864338
138.3751648140
79.1212575023
109.5465926510
132.1609129684
211.7486601209
47.3150189560
46.2103752722
45.9590134781
47.0011646659
49.6817118846
54.4611415342
100.6571336562
515.1339236737
369.9389049146
262.8320791171
348.3774495088
387.8017213872
380.3975210506
50.7512152568
41.7095226066
36.1730614400
32.9672532829
31.2597842444
27.5874813091
28.0018396910
29.7267656605
32.8095784266
37.0151397598
67.8863330920
296.8332954710
137.2541880450
174.5568562669
189.5627190421
285.5492426309
1016.2731434451
182.6940290577
279.8660177349
424.9486686386
319.5824477902
254.9899777943
361.4300397166
250.6315535649
302.3676085592
45.3279507979
36.4218975955
31.2161053186
28.5365796451
26.3575181732
26.6019584136
27.9087273434
30.2286577056
33.5716503750
38.2016079900
302.2766611832
291.8784637597
116.1920596855
263.2446469714
230.7633696482
197.6764023965
393.5535205390
286.5019558948
275.6337410765
242.3804607974
310.5007045562
299.6474524792
412.6552737081
50.2447103332
40.6933268047
33.9356882221
29.6628459693
27.2898445357
26.3915714414
26.6310760683
28.3589114433
31.6585230385
36.9805050752
289.6944364403
323.7097732124
158.9899924683
173.0422176221
280.2247013032
288.3870342480
153.9369900024
345.0794624079
442.8553987987
46.6674257485
37.5117551760
31.3367890641
27.8235750509
27.8808036322
28.3893121833
31.6329836736
75.5073914802
251.4515104755
228.5799889035
314.5500079258
358.4066539285
268.3487149351
209.7392469907
35.9289213545
30.2164072558
31.3610596217
33.5916517494
185.9404271505
423.6127402113
334.5487754488
35.9807180711
37.8174090870
26.3575181732
1016.2731434451