10.3449509504
10.1512037229
10.1926078422
10.4282118973
10.8580807806
11.5124132996
18.0156298508
13.7613894965
13.4749949866
14.4124551098
16.5652742805
12.7674383797
12.4860962573
12.2779968548
12.2945028449
12.6334380756
13.3978557766
14.7442334887
16.9250212335
28.8809654843
67.7323726674
82.5726665615
59.5816447271
63.1303306857
182.1657121521
76.5019659022
16.4844855168
13.5837631965
11.8546333364
10.8616438472
6.5528104252
6.5651127047
6.7125745744
6.9981564954
7.4569566201
8.1583906106
24.8986078734
28.6449993507
16.5774825206
22.8205586761
27.4248995114
43.7341801256
10.1184561969
9.9023537273
9.8607753958
10.0863387473
10.6513722447
11.6502339150
21.2520851671
106.9059809589
76.6790916221
54.6959633975
72.1261977629
81.0303639278
78.1721965801
10.8034502082
8.9043764651
7.7381019247
7.0612867338
6.6999155798
5.9162644739
6.0051848172
6.3739437793
7.0327359721
7.9285044692
14.4523374695
62.5634772394
28.7425440008
36.8106316855
39.8697691142
60.0125342273
376.6721843075
38.9963617108
59.6923630359
90.0081265187
67.8184967307
54.0592117097
76.6660394402
53.6585976555
63.6908974197
9.6689951474
7.7862709996
6.6848629343
6.1172780077
5.6588401242
5.7122376012
5.9932244608
6.4917839744
7.2102874853
8.2069205799
65.4582151145
62.7111550999
24.8639332755
56.7454726774
49.6550235133
42.5625276003
84.8614292298
61.8827714312
59.7110709976
52.5373232872
67.1396148422
65.3198163647
89.0571669025
10.7599802550
8.7127921374
7.2712481844
6.3615493621
5.8567199963
5.6763398331
5.7297397977
6.1043643652
6.8206978428
7.9809364713
63.8543994652
70.8910972254
34.8769025368
37.8494138473
61.5715695804
63.4952969578
33.7067902355
76.2833892225
97.4216221676
10.0532026756
8.0657684239
6.7356740325
5.9822178053
6.0125343628
6.1265484012
6.8383449048
16.5496596831
55.9792970473
50.6452276240
70.0217552268
79.9300456549
59.7046295005
46.6261291841
7.7582539198
6.5163180234
6.7882270457
7.2856556961
41.4295447713
95.0996154764
75.0400581011
7.7998462845
8.2245716265
5.6588401242
376.6721843075