0.0176378558
0.0171991136
0.0172068728
0.0175757955
0.0182987265
0.0194284680
0.0326706629
0.0237536635
0.0228676464
0.0249547384
0.0291967937
0.0213806649
0.0208472356
0.0204713353
0.0205138422
0.0211429522
0.0225487999
0.0250355748
0.0291094573
0.0511444743
0.1300188337
0.1640358442
0.1174296062
0.1193199671
0.3845063136
0.1547505128
0.0298691733
0.0241240148
0.0206891648
0.0186993379
0.0108349040
0.0108492534
0.0110974071
0.0115824398
0.0123629975
0.0135549117
0.0422816272
0.0497640794
0.0292134912
0.0390135521
0.0481331801
0.0751382741
0.0165408854
0.0161322922
0.0160447414
0.0164219750
0.0173835054
0.0191008202
0.0348724817
0.1774430469
0.1291945306
0.0915545291
0.1219498350
0.1321265312
0.1365287784
0.0183116036
0.0149902333
0.0129349780
0.0117391531
0.0110988266
0.0099710861
0.0101522793
0.0108440205
0.0120513342
0.0136068278
0.0238765217
0.1000473355
0.0476205840
0.0593748981
0.0645026214
0.0963931273
3.5025309008
0.0614398968
0.0936960357
0.1420958811
0.1076063814
0.0863596128
0.1216157674
0.0849489685
0.1021679708
0.0164292936
0.0132116093
0.0113001804
0.0103118757
0.0096144072
0.0097300860
0.0102462237
0.0111261812
0.0123302366
0.0139115555
0.1024090258
0.0981449960
0.0396688891
0.0887842500
0.0778365073
0.0667847694
0.1322647741
0.0968322751
0.0936316797
0.0828140701
0.1053821715
0.1031661257
0.1391901673
0.0181144884
0.0147638169
0.0123506449
0.0108040779
0.0099425333
0.0096504694
0.0097571155
0.0103994941
0.0115727600
0.0134033204
0.1015024515
0.1115249031
0.0555411954
0.0599452213
0.0974521391
0.1008947459
0.0538836788
0.1220599586
0.1541410179
0.0168381657
0.0136164752
0.0114186582
0.0101578254
0.0101850045
0.0103753818
0.0115246884
0.0268888958
0.0907847279
0.0814095065
0.1132661173
0.1297860391
0.0969076131
0.0759002862
0.0130515509
0.0110163473
0.0114263250
0.0122171649
0.0676269970
0.1564990266
0.1236224652
0.0130780240
0.0137394805
0.0096144072
3.5025309008