312.4901701558
311.6591065261
315.8146154381
324.4231655719
337.8083609032
356.8194964614
454.8185844527
402.1101507793
411.6235363556
416.8248878603
457.9957779950
402.3835718555
396.0382628745
390.5408678091
390.3289581057
398.1864900616
416.5091550085
448.3755815488
498.2111991771
793.8313611145
1394.0357941194
1456.7851100662
1072.1386082629
1408.6600733516
2257.2894133816
1188.7100927556
416.4154120980
365.7368843800
336.0083802502
319.7414776297
213.7469857546
214.4157375104
218.9991739657
227.6597457512
241.4854667623
262.6623183110
762.2723969264
835.0666620352
463.7182166655
688.8867021651
777.9191387201
1306.9164091743
336.4934708594
331.6444144515
331.1590016835
338.2837318461
355.2706306125
384.5117500427
693.1466804273
3391.7698524897
2368.0710041767
1709.5688247418
2214.2012862621
2645.0351259277
2248.8527214140
331.2157041684
277.9221199320
245.8658400614
227.3834136686
217.5889382016
184.6623453155
185.9338277003
194.0810184906
209.9378747962
235.4015474156
461.4074170781
2107.7810418620
917.3222637301
1227.3864349862
1323.9180401061
2013.4468670714
256.2196396116
1354.3652471477
2081.6477229700
3100.0981840647
2322.5308057178
1829.7976544823
2620.5037201751
1850.0700963414
2133.8848327320
294.7825350912
238.7124226609
207.0751538590
190.8627562468
173.4802642372
173.9024855027
180.6153872295
194.1821789266
216.6128604980
251.6064995738
2327.5558275253
2207.5121834794
848.9805451744
2008.9781815032
1751.0943062354
1499.6308011440
3023.2572613603
2198.1882652181
2123.2542999215
1857.7220960334
2375.8487149364
2325.5622625761
3158.4224756130
335.8775697107
268.2414528968
222.8705839351
195.2041212019
179.9426442576
174.2550096223
175.0873338336
186.2128380739
210.0394971018
251.8326102363
2308.8603508349
2558.7377392143
1245.2122671881
1352.3250797621
2224.7247521196
2294.9374457795
1193.6503167559
2761.2796076923
3528.8236409932
320.3477419925
252.0048560947
208.3201927813
184.2713691690
187.0974217838
190.7291371346
215.6019024971
573.0244228111
2032.3359185600
1833.4258452629
2550.3684067262
2914.8307080374
2163.6242830384
1680.1676536624
246.2381134967
203.9492030817
215.9905115888
234.3819538247
1496.9932537415
3483.6248098549
2739.3410446819
251.3994254027
268.9302259351
173.4802642372
3528.8236409932