1.0709728020
1.0737862237
1.0820861048
1.0950868972
1.1123396410
1.1335132740
1.1618695502
1.1820841109
1.2031716015
1.2203533807
1.2362448975
1.2461878582
1.2594212896
1.2742316314
1.2911325568
1.3101018597
1.3304824763
1.3508081393
1.3688772396
1.3949623971
1.4293829295
1.4215251071
1.3719862168
1.3428623317
1.3515008859
1.2308989867
1.1422529652
1.1084307189
1.0866484614
1.0747729200
0.7673986221
0.7674008111
0.7746384341
0.7889252919
0.8106382337
0.8404899633
0.9183595535
0.9558035472
0.9650761075
1.0187449181
1.0468501734
1.1183150634
1.0679853809
1.0931968000
1.1189739136
1.1454463423
1.1722289177
1.1977416443
1.2665858475
1.6533187522
1.4737588316
1.3790782592
1.3528340287
1.5511306535
1.1452319586
0.9304346776
0.8666285611
0.8221536399
0.7928866585
0.7754102822
0.6594500789
0.6589674382
0.6724245697
0.7010594188
0.7484507999
0.9115795495
1.5941088321
1.0514521504
1.3289555196
1.3587205872
1.6364933150
0.1297897180
2.0669012921
2.7639693721
2.8307090327
2.7279988526
2.1993719277
2.7172200233
3.1552589565
1.6417920833
0.8706660636
0.7700136336
0.7092427889
0.6749544944
0.6418378185
0.6403690257
0.6562389305
0.6920258146
0.7545096463
0.8550924733
6.2198687563
4.0415201248
1.6972007704
4.5370637466
3.8038506109
3.3808419172
6.7660201429
5.6181635112
6.2396456720
5.9543476217
6.3788105001
9.3607711605
7.2205803951
1.1104929368
0.9050341957
0.7789131906
0.7038736141
0.6614896497
0.6920273452
0.6942719589
0.7368655182
0.8348348539
1.0218588226
14.0538063878
11.7156239527
6.7031272832
6.3469828951
12.1256427161
13.7652004172
6.2836941308
19.4347696238
19.7429944236
1.3317519535
1.0011400419
0.8212006790
0.7297266747
0.8238266152
0.8465960575
0.9908660468
3.4030484193
18.5442227528
14.0797657545
22.9446358773
28.0354682069
19.6980015082
15.2843692185
1.1474406452
0.9082606329
1.0872822009
1.2346508063
14.5393366199
41.4943214191
32.3832768844
1.3407476619
1.5749422368
0.1297897180
41.4943214191