3.8954712056
3.8231130338
3.8401608970
3.9311786881
4.0964071180
4.3476171337
6.8217255776
5.1964525765
5.0999620352
5.4400466882
6.2782497725
4.8220802093
4.7105017935
4.6270216293
4.6304619391
4.7583571403
5.0502408018
5.5665702341
6.4052872980
11.0661762505
25.8599184407
31.3504113111
22.5587606715
24.3246448788
68.4509227990
28.9313120478
6.2221093423
5.1217322560
4.4663698163
4.0905002869
2.4679627696
2.4729270702
2.5294243355
2.6385975359
2.8139589847
3.0823943262
9.6040243940
11.0778279413
6.3503836060
8.7839823787
10.5850021989
16.9462022416
3.8175144949
3.7301258607
3.7108861127
3.7952414491
4.0109349916
4.3947948697
8.0997266449
41.2946532288
29.6407626362
21.0823093107
27.9096098496
31.1421904871
30.4074256675
4.0928442162
3.3654990765
2.9197520459
2.6614814922
2.5238129283
2.2286195025
2.2620785838
2.4014348479
2.6505829588
2.9904382008
5.4771914198
23.8883117326
11.0315266096
14.0512546640
15.2462267065
22.9612748217
415.3447904383
14.7400398364
22.5762146147
34.2292054738
25.7508444902
20.5435685307
29.1234254712
20.2347311628
24.3279280542
3.6580975233
2.9407678195
2.5212538363
2.3051933121
2.1303371416
2.1501941104
2.2559706376
2.4437864585
2.7145133432
3.0896015822
24.4623596005
23.5857439279
9.3831429240
21.2846354230
18.6500789686
15.9782810668
31.8179257906
23.1704478955
22.3047915186
19.6149773034
25.1167005856
24.2737551630
33.3691414150
4.0580641902
3.2868975859
2.7416864151
2.3969898407
2.2055348937
2.1340774647
2.1536696569
2.2937835330
2.5613707322
2.9931293473
23.5200637266
26.2497742041
12.8975073777
14.0289093753
22.7355087107
23.4052032526
12.4825425978
28.0279253604
35.9373923155
3.7734867398
3.0325162826
2.5334242018
2.2496495770
2.2556509358
2.2972347944
2.5606571859
6.1249785562
20.4484398011
18.5728337310
25.5804457548
29.1521378646
21.8166880524
17.0517798706
2.9069005480
2.4444312198
2.5387918307
2.7204579729
15.1238212515
34.4964591223
27.2399780411
2.9131963790
3.0637410996
2.1303371416
415.3447904383