260.0310913988
259.6457778923
263.1930769033
270.2804174488
281.1832779728
296.5728308254
369.3032180148
332.8655422988
340.8341120032
344.8439019745
375.3188419107
334.9172401236
330.2482997877
326.1454568346
326.1445226975
332.4997179824
347.1000599676
372.2684540585
411.2242447278
639.4184107247
1085.3997729315
1126.7099773389
832.8930951354
1092.6156213549
1710.7097178210
898.2157186186
339.6009954161
300.6707428515
277.8538779359
265.4395731887
178.9427835558
179.4917329213
183.2371185713
190.3173025848
201.6167567797
218.9020114574
616.5258173191
668.7658813472
374.5956844819
557.6871021235
622.6773868815
1047.3843182997
281.6668815670
278.2370058724
278.1729761272
284.1722676112
298.0785079295
321.7458498442
573.1097662792
2753.2059481629
1913.4159939293
1388.5152069654
1785.2625365186
2168.1829224450
1783.4417083593
274.0574257527
230.9426421404
204.9967559965
190.0158659538
182.0648548527
154.0383573192
154.9985574801
161.5327868979
174.3715512670
195.2788293302
383.4631650446
1746.8850775198
750.9390933082
1016.2323075730
1093.2814214901
1663.6841399998
158.2487568620
1137.2838973785
1747.8238492331
2585.7731681702
1938.8984823013
1524.6430787680
2186.6425398841
1556.3423064142
1766.6751469307
244.2108707657
198.2403834401
172.3904328280
159.1412670565
144.6020976049
144.8908261634
150.3604123247
161.5523341724
180.2836434327
209.8141515299
1979.1022501839
1864.9693864351
712.9990085930
1702.0144003720
1481.1096549800
1268.8882744067
2563.3751719839
1865.5044271057
1805.7658912606
1579.7761816066
2017.2213682495
1986.2011681484
2678.9366924039
279.8452646046
223.1469103621
185.4348836533
162.5595147644
149.9614827392
145.4763670000
146.1579549381
155.4852403651
175.6509255454
211.3286738727
1987.7795065998
2193.8952006868
1067.8832159920
1157.6899873385
1911.5757140040
1974.3101318065
1021.7764234681
2381.3109709412
3035.0809079498
268.6795124469
210.6626252354
173.9304638148
153.8337471727
156.7177068948
159.8617697831
181.1525506605
489.9760538254
1760.1086909933
1583.2722123170
2209.0402628197
2527.3716570279
1872.8486762971
1453.1187455806
206.8175520724
170.9169044087
181.7872378494
197.7489588333
1296.5540634097
3032.2504610952
2382.7568054784
212.0519636428
227.6423875102
144.6020976049
3035.0809079498