32.5422996981
31.9394025950
32.0836109385
32.8461477127
34.2293002897
36.3317029694
57.0005626276
43.2972477245
42.6280758162
45.3541335438
52.3783556372
40.2987511365
39.3625027224
38.6607991400
38.6867735573
39.7543750603
42.1940393028
46.5113859090
53.5258309236
92.6016926821
216.0713199462
259.0518057946
187.8562040625
203.6264972908
553.0589642089
242.1675861575
51.9697262984
42.7808545541
37.3083157555
34.1700365019
20.6171226585
20.6596456881
21.1328759609
22.0465421007
23.5139116634
25.7604123825
80.4491636725
92.8246347446
53.1469981575
73.5647007905
88.6711816902
142.0309530919
31.9039631385
31.1689112605
31.0050508306
31.7088411490
33.5122821148
36.7238233520
67.7558451242
345.9321531328
248.3243985776
176.5464920511
233.8289314045
260.7167951081
254.9241846508
34.1919461786
28.1127535506
24.3888908033
22.2319736526
21.0827531012
18.6064488236
18.8856697042
20.0480418147
22.1257957082
24.9602014097
45.7548701197
199.8351703506
92.2942623554
117.5141778250
127.5619837150
192.1494086961
863.2789316797
123.2076008719
188.7249875183
286.2869102797
215.3395364421
171.7955417658
243.5388953362
169.0811856571
203.5344954638
30.5472805466
24.5530815534
21.0492334670
19.2454469196
17.7792567994
17.9444114648
18.8259416105
20.3912514606
22.6477388838
25.7747038462
204.2586900534
197.0365504715
78.3844148176
177.7774530856
155.8059314703
133.4731053889
265.7952409694
193.5295523511
186.2588204364
163.7937134374
209.7644869379
202.6281095134
278.7133472357
33.8810698322
27.4387139621
22.8843442983
20.0056693833
18.4071542997
17.8066821113
17.9691620243
19.1366018960
21.3669317230
24.9668664278
196.1855065522
219.0570253119
107.5986991224
117.0683990009
189.6931525647
195.2584808986
104.1549093026
233.7637780072
299.8131556511
31.4948563189
25.3086521874
21.1412793205
18.7718881294
18.8185970655
19.1640557156
21.3596986938
51.0875136710
170.4749538934
154.8838829117
213.2593708333
243.0354470755
181.9105179457
142.1618608057
24.2551257559
20.3949612478
21.1788101156
22.6921606443
126.0671426715
287.4727950942
227.0029557686
24.3033931035
25.5558412042
17.7792567994
863.2789316797