22.1971812941
21.7890309856
21.8862334986
22.4016288284
23.3364853069
24.7569659767
38.6977493880
29.5177643163
29.0122563845
30.9104233939
35.6134681608
27.4645722326
26.8427848867
26.3785981250
26.4032226295
27.1287385347
28.7779769540
31.6903408847
36.4144168645
62.5839467093
145.8507089732
175.9164261177
127.2679780150
136.9929794672
380.3301141347
163.6395048928
35.3345601397
29.1220663535
25.4212157930
23.2984697632
14.0776493312
14.1058301260
14.4260194396
15.0447921524
16.0385887892
17.5592071501
54.2607733018
62.5011717459
35.9359179194
49.6616777961
59.7459951934
95.5628467809
21.7699750804
21.2863686304
21.1850973177
21.6671996316
22.8896362644
25.0589656430
45.9961894090
233.2536504649
167.3356709773
119.1493682557
157.4830067814
176.2764690786
171.1506265301
23.2671029231
19.1551140142
16.6342154354
15.1730038785
14.3938341220
12.6989267798
12.8879678554
13.6768950125
15.0881908602
17.0150122209
31.1444916978
135.6003895386
62.4422634847
79.7501307590
86.4803399222
130.2420237566
654.5468442945
84.0420758160
128.7006145824
194.6797492534
146.5330953263
116.8431429002
165.6889071804
115.4587790310
138.0708840293
20.8012842550
16.7343017155
14.3572647794
13.1330761686
12.1365661918
12.2487354675
12.8488110816
13.9157870768
15.4567795891
17.5971537182
140.1481072003
134.7586323146
53.5064703895
121.7565420296
106.6275450047
91.3673601612
182.0732562253
132.6540622311
127.8199688020
112.4201097715
143.8375073447
139.4007942943
190.9793847065
23.1121803969
18.7128147415
15.6101356924
13.6512691881
12.5638597583
12.1637664259
12.2753365294
13.0746399654
14.6049454994
17.0819853014
135.5803169161
150.9953672828
74.2086773792
80.6476244496
130.9310872507
134.8831338593
71.7743276795
161.7373946510
207.0479937086
21.5383462895
17.2910469036
14.4399454921
12.8221410496
12.8702207332
13.1098701449
14.6237094245
35.2075657243
118.2822171626
107.2600261763
147.9702263610
168.7588100433
126.1845689508
98.5745124201
16.6013077405
13.9496734289
14.5092065667
15.5599676002
87.4946662438
200.1479453671
157.9847899146
16.6624354830
17.5460580083
12.1365661918
654.5468442945