0.5306534849
0.5202220164
0.5221800992
0.5343480203
0.5567166933
0.5908826495
0.9371411059
0.7096438674
0.6933479157
0.7432920531
0.8580972750
0.6546933029
0.6394512656
0.6281424469
0.6287552437
0.6464156093
0.6865715423
0.7575880795
0.8730459114
1.5094981875
3.5825734789
4.3869325598
3.1505588332
3.3415598616
9.7812171303
4.0556985129
0.8562191014
0.7024540551
0.6108035953
0.5581347202
0.3344498231
0.3350808454
0.3427342479
0.3575575924
0.3813815701
0.4178386907
1.3016001938
1.5033942282
0.8640735546
1.1911404169
1.4381647264
2.2971435042
0.5165932853
0.5046737985
0.5020561459
0.5135261454
0.5428513759
0.5950635354
1.0963771296
5.5880863722
4.0152582047
2.8559804569
3.7817158240
4.2124237744
4.1270000813
0.5564202670
0.4571900932
0.3962767723
0.3609581689
0.3421166719
0.3029213498
0.3076462170
0.3269716837
0.3613761442
0.4078471525
0.7434455868
3.2290962389
1.4942081525
1.9001374226
2.0616222376
3.1029558892
186.9644206990
1.9906654075
3.0480200913
4.6222522663
3.4789122065
2.7770670444
3.9350682842
2.7342656320
3.2891277586
0.4976085590
0.3999974783
0.3427874874
0.3133121367
0.2899301410
0.2927845049
0.3074108430
0.3331919208
0.3700367181
0.4206740889
3.3018894865
3.1843249470
1.2689078612
2.8729055293
2.5177080303
2.1570889852
4.2930494224
3.1271225089
3.0103881077
2.6482672123
3.3903734443
3.2767421161
4.5037107833
0.5514586713
0.4470287616
0.3730136608
0.3261353901
0.3000957526
0.2904619231
0.2932440223
0.3123962144
0.3486898804
0.4069240826
3.1729483588
3.5412960070
1.7410192327
1.8935545312
3.0668483911
3.1571471000
1.6856528247
3.7805899438
4.8469825826
0.5123954308
0.4122236618
0.3445967626
0.3060977457
0.3068144250
0.3125054997
0.3481345591
0.8284493174
2.7582084540
2.5052744787
3.4492581062
3.9311404114
2.9431996225
2.3008601092
0.3949023948
0.3323492237
0.3449348542
0.3694349606
2.0405256041
4.6504569578
3.6729186852
0.3954938922
0.4156537422
0.2899301410
186.9644206990