4.7925796780
4.7027622379
4.7232390685
4.8349130314
5.0380258502
5.3470577915
8.4061603293
6.3928950857
6.2728931627
6.6939140011
7.7279379183
5.9295727419
5.7921776124
5.6895294335
5.6939623760
5.8516639819
6.2113592229
6.8476230789
7.8813257771
13.6196271253
31.9016616197
38.6786441404
27.8535395111
29.9830817722
84.4190401288
35.7770708527
7.6670732082
6.3078845817
5.4982764625
5.0337965482
3.0337967558
3.0398588179
3.1093218808
3.2435835516
3.4592580397
3.7893894585
11.8065181146
13.6231743013
7.8143349087
10.8010217877
13.0210756073
20.8346951385
4.6917539804
4.5841830608
4.5605038580
4.6642466023
4.9295213750
5.4016621349
9.9550076856
50.7490589789
36.4356738299
25.9130617315
34.3103760909
38.2689582008
37.3915729008
5.0334652694
4.1385049263
3.5899131863
3.2720271476
3.1025668722
2.7406857064
2.7820727372
2.9539413265
3.2609952713
3.6791857250
6.7337787404
29.3505754614
13.5580778136
17.2644909194
18.7333113428
28.2109015752
437.0560075112
18.1080527308
27.7321737262
42.0483429869
31.6366179705
25.2422726169
35.7803956329
24.8596406526
29.8904686330
4.4990750518
3.6167837483
3.1006440982
2.8348153532
2.6202622602
2.6448859984
2.7752737498
3.0065202304
3.3394026263
3.8000393485
30.0500227219
28.9728950954
11.5291013320
26.1457793590
22.9111044017
19.6276871620
39.0824643540
28.4624629047
27.3991225699
24.0989583230
30.8543105145
29.8236099606
40.9921282824
4.9902424675
4.0423957634
3.3720343792
2.9481111593
2.7126556971
2.6248780091
2.6491182421
2.8215293568
3.1504179067
3.6806744675
28.8933716134
32.2468330231
15.8449113556
17.2344986428
27.9292009492
28.7527738706
15.3368402906
34.4311598786
44.1424148766
4.6398237360
3.7292889198
3.1157887148
2.7669073268
2.7741657432
2.8253341696
3.1490101071
7.5275043749
25.1232812602
22.8185087185
31.4245140459
35.8148509501
26.8068679292
20.9496975895
3.5745318209
3.0061718361
3.1219196133
3.3450603112
18.5800065594
42.3805697196
33.4662514286
3.5819714464
3.7667334073
2.6202622602
437.0560075112