0.6646527216
0.6515939154
0.6540898351
0.6694073711
0.6975416272
0.7405069406
1.1755788709
0.8887439981
0.8693794238
0.9308547076
1.0761726414
0.8204428801
0.8011320320
0.7867786092
0.7874509654
0.8095888996
0.8600412708
0.9493468822
1.0946386429
1.8982216440
4.5009763112
5.4945052392
3.9491853210
4.2104444536
12.1741405298
5.0921765187
1.0731861232
0.8802015636
0.7651923365
0.6991143176
0.4188558294
0.4196605883
0.4292823290
0.4479067195
0.4778368887
0.5236491269
1.6382123258
1.8940911184
1.0868901832
1.4989367832
1.8114947253
2.8945490865
0.6471398604
0.6319890777
0.6285840098
0.6429280300
0.6797534299
0.7454092978
1.3760293988
7.0324201174
5.0548560901
3.5927714659
4.7617712464
5.2942660837
5.2053308886
0.6976768667
0.5729798673
0.4964677818
0.4521199605
0.4284707187
0.3793725406
0.3852877726
0.4095007887
0.4526085578
0.5108636771
0.9318184382
4.0519595081
1.8776681963
2.3846457650
2.5883106443
3.8958576652
213.6405275982
2.4930667365
3.8176918960
5.7954948629
4.3609104029
3.4819569862
4.9332644845
3.4231370329
4.1279583741
0.6237365342
0.5012138774
0.4294059616
0.3924144664
0.3630550632
0.3666181299
0.3849263758
0.4171996857
0.4633183474
0.5266766575
4.1265757511
3.9839883468
1.5888147381
3.5927265614
3.1494040326
2.6981626349
5.3682267658
3.9093540395
3.7621063944
3.3096229343
4.2384197302
4.0915339143
5.6309855808
0.6907835336
0.5600120963
0.4672453982
0.4084663961
0.3758099049
0.3636281457
0.3670892692
0.3910303597
0.4363876068
0.5091100271
3.9560772850
4.4187258577
2.1722206889
2.3633936973
3.8254555223
3.9370689816
2.1038184457
4.7121805971
6.0443748455
0.6412772606
0.5160771090
0.4314436733
0.3832256978
0.3839476481
0.3910217069
0.4354761750
1.0339789640
3.4348443018
3.1220922138
4.2954603789
4.8942766565
3.6656699686
2.8660925619
0.4940789809
0.4159024150
0.4314086119
0.4619013329
2.5409714523
5.7853907322
4.5697521098
0.4945312775
0.5194841390
0.3630550632
213.6405275982