0.6258853844
0.6130120688
0.6149830799
0.6291478260
0.6554570285
0.6957975511
1.1150831906
0.8388921787
0.8170523076
0.8789244551
1.0170802522
0.7701567156
0.7519729051
0.7385851458
0.7394126944
0.7605116582
0.8083821200
0.8930671979
1.0309330524
1.7880128485
4.2958643524
5.3018592287
3.7979209343
3.9947835701
11.9895511597
4.9070893963
1.0189563094
0.8334905095
0.7228881640
0.6592357145
0.3927062396
0.3934113307
0.4024135397
0.4198772715
0.4479548098
0.4909132757
1.5319758085
1.7744275291
1.0227051044
1.4033712438
1.7001493511
2.7069630371
0.6057158821
0.5915176761
0.5883773411
0.6018784836
0.6364510701
0.6980722178
1.2862086281
6.5614411709
4.7224524134
3.3569925167
4.4491848566
4.9382897474
4.8727662495
0.6556059265
0.5381884164
0.4660232147
0.4241615570
0.4018178154
0.3566687683
0.3623954729
0.3855181133
0.4265430741
0.4815279273
0.8736437085
3.7789280396
1.7547186940
2.2255808220
2.4150736799
3.6320815719
438.7294684423
2.3263300501
3.5606822878
5.4024843455
4.0681256649
3.2499732255
4.6020421960
3.1976106351
3.8504012882
0.5865733759
0.4714128229
0.4037751861
0.3689113533
0.3417667196
0.3452660798
0.3627182248
0.3933006987
0.4366918250
0.4958939313
3.8553504711
3.7189498405
1.4849367113
3.3546049552
2.9404674760
2.5195799239
5.0105212678
3.6508537760
3.5150294891
3.0937902668
3.9600198194
3.8274709600
5.2584108746
0.6492653773
0.5267564285
0.4396775798
0.3844140243
0.3537035363
0.3424084458
0.3457809936
0.3684065919
0.4110014641
0.4789924856
3.7048659382
4.1333766982
2.0341639560
2.2118134293
3.5804203709
3.6863066478
1.9704896416
4.4149998519
5.6576935143
0.6027218638
0.4854354179
0.4060405544
0.3607668120
0.3614548931
0.3681603176
0.4098598837
0.9701097171
3.2221357932
2.9264783890
4.0285603636
4.5913582485
3.4385226010
2.6891725716
0.4647100728
0.3914051920
0.4059062017
0.4344880103
2.3847656457
5.4325108881
4.2914451341
0.4650708021
0.4884258914
0.3417667196
438.7294684423