407.5094939009
405.8731662381
411.0840103250
422.3577067831
440.0976829762
465.4592048596
607.9354521593
526.6374752253
538.8269197885
546.3514462011
606.0925577709
524.0544714103
514.9206176324
507.1253267202
506.6541604886
517.2167139636
542.0911620517
585.6521627158
654.3753087489
1065.0616215268
1934.2342431855
2035.9896840312
1495.5325878911
1958.6307704621
3219.4833874435
1705.0483268329
554.4669327479
483.0596420585
441.1183373145
418.0326539256
276.8470779686
277.7206137185
283.7812363387
295.2340576271
313.5228970223
341.5618051310
1015.9214148082
1123.4245950489
621.0335508612
918.1804795376
1048.2647233055
1755.3861968615
435.6257080613
428.4801583112
427.3964694483
436.5895393383
459.0284297030
498.0198543073
906.3508409263
4501.1970509068
3156.9485328710
2268.8376249880
2956.7540859871
3480.6756768911
3047.9296189526
433.6842531160
362.5102699453
319.6914630557
295.0268383356
281.9692814152
240.1234788563
241.9470353404
252.9679034924
274.2079144999
307.7958891527
601.0867788865
2747.2622235435
1209.1794324359
1601.5749026031
1731.4783890744
2630.9751873684
436.4013546404
1745.8685024733
2683.2724591417
4018.1362121046
3009.0195503307
2375.0544072811
3396.3134136170
2382.3158219953
2783.9551005010
385.6559143277
311.6577272739
269.7520900169
248.2769218119
225.8218834165
226.4857730380
235.4359362767
253.2855909525
282.4098531121
327.3370577678
2969.2717559204
2831.0354521078
1094.8823293341
2570.4941660617
2243.7268328634
1920.8643312288
3865.2302983408
2808.7142205317
2708.4079295688
2370.4818577622
3034.9843377853
2956.7064998648
4037.6573199857
437.1753605082
349.6992798237
290.5443257907
254.2881533952
234.2582829865
226.5436229967
227.6630803184
242.0820107284
272.6437378195
325.7778803626
2915.7594431329
3241.6755763495
1577.9655996127
1715.8808457595
2813.9551550225
2899.9283436952
1515.1833382154
3482.4665460411
4459.7681201689
414.5723093518
327.1508728850
270.7718172019
239.5558035204
242.5194923464
247.0908455114
278.6688604561
728.5075930132
2554.5694836292
2309.8956570753
3204.9494832395
3659.5860890567
2720.8186319544
2114.7471903194
318.3430413061
264.2284425946
278.7542975260
301.8069232048
1881.8064872496
4360.1537620309
3430.9658488347
323.7909164735
345.2611351921
225.8218834165
4501.1970509068