17.1956154415
16.8673446603
16.9383178823
17.3390958465
18.0703273156
19.1843908662
30.3095267649
22.9224115692
22.5245905748
24.0146989470
27.7825812827
21.2662927743
20.7655472225
20.3915422960
20.4057333553
20.9746337923
22.2745387122
24.5763834096
28.3203629932
49.1444475039
115.5301008826
139.3203740398
100.7439525486
108.7432419698
300.1059297185
130.2469695112
27.6274356719
22.6960820668
19.7584234592
18.0723650904
10.8634135261
10.8853291317
11.1353940304
11.6186048757
12.3948530213
13.5833512525
42.5656015101
49.1982324781
28.1854200503
38.9338559735
47.0299088392
75.2319781944
16.8002442669
16.4065659407
16.3172395581
16.6882993772
17.6424064765
19.3438839773
35.7376238738
182.8382693400
131.3756526544
93.3461946268
123.7458311075
137.6114775440
135.2350174278
18.0673919450
14.8425540525
12.8660335361
11.7210582641
11.1109024182
9.8209186242
9.9710141369
10.5909707378
11.6968916913
13.1988882432
24.1434633415
105.2990005663
48.7517791998
61.9454775981
67.2606988353
101.2795682002
729.4306799833
64.7858089771
99.2241819232
150.6655059023
113.3355390129
90.4677608210
128.1925400089
88.9121816501
107.2731694304
16.1433519984
12.9713082947
11.1147744926
10.1588069178
9.3903464347
9.4797419938
9.9489225061
10.7790382531
11.9704184086
13.6139829169
107.1863525333
103.5021921712
41.2409889810
93.3399335611
81.8283977077
70.0979479040
139.5080331878
101.5771411836
97.7327329955
85.9608355638
110.1059340518
106.2634698667
146.3042551180
17.8850723520
14.4922186874
12.0883661269
10.5667759265
9.7215414625
9.4034916676
9.4906611674
10.1076556838
11.2814342861
13.1691517540
102.7257153748
114.7728180131
56.3952255303
61.3695780562
99.3546710645
102.2494830945
54.6152494434
122.3655602699
156.9986479216
16.6059165143
13.3562240971
11.1617130325
9.9121876255
9.9311689464
10.1129177399
11.2650240564
26.8137036199
89.1709196936
81.0605447513
111.5359683053
127.0808450126
95.1658286375
74.3949224961
12.7889572333
10.7605659409
11.1643165588
11.9554218354
65.9527562576
150.2006231232
118.6350277682
12.8033144402
13.4524531414
9.3903464347
729.4306799833