6.6964415460
6.5737911186
6.6026843250
6.7569612015
7.0369232694
7.4622607726
11.6325412005
8.9141088978
8.7359557579
9.3308226395
10.7219694662
8.2796888728
8.0963434598
7.9598652613
7.9689828742
8.1873050138
8.6815344099
9.5527842322
10.9640014720
18.7329312053
43.6666846299
53.1761598072
38.2742347692
40.8215875139
117.2313004718
48.9825571505
10.6366515455
8.7737317792
7.6637522696
7.0269476275
4.2499712226
4.2581945060
4.3541242595
4.5397263625
4.8378696356
5.2938655312
16.2226686945
18.6477301218
10.7529725497
14.8528161545
17.8301207093
28.5067938774
6.5693530744
6.4277394104
6.3996311720
6.5455693905
6.9126869477
7.5624019618
13.8312523066
69.7714810234
50.0135282226
35.6604144612
47.0470365719
52.8696842837
50.9529365805
7.0076754960
5.7746330479
5.0181114343
4.5793142978
4.3451544351
3.8334514876
3.8903187795
4.1278676641
4.5530419618
5.1337424349
9.3899423995
40.7973555758
18.7331259225
23.9911513607
25.9922659643
39.1431902606
417.7427925523
25.3799512367
38.8614582584
58.6655803865
44.1712854955
35.2074221073
49.9415845257
34.8902471012
41.5266594313
6.2690153718
5.0466181110
4.3321544231
3.9640682165
3.6645771690
3.6984863445
3.8796041325
4.2018731689
4.6678538970
5.3160568026
42.4909435901
40.7750591823
16.1673998092
36.8712682369
32.2723082781
27.6571281273
55.1445023522
40.1894389560
38.7520654549
34.0823645844
43.5865218112
42.3206772701
57.8500696874
6.9744183692
5.6459539466
4.7106751651
4.1206658388
3.7932204750
3.6746425166
3.7086689669
3.9508075247
4.4148995024
5.1673387350
41.2723551214
45.9010683161
22.5617643547
24.5051150051
39.8277961944
41.0467183701
21.8085682472
49.2586497559
62.9991572500
6.5104632049
5.2234096535
4.3615320676
3.8731682667
3.8910620630
3.9644380256
4.4248252719
10.6978684537
36.0755118695
32.6828498000
45.1296240240
51.4885162589
38.4776898439
30.0505986257
5.0210362230
4.2174232262
4.3912704006
4.7122365880
26.6866377462
61.1448013568
48.2530602730
5.0450072494
5.3174406474
3.6645771690
417.7427925523