236.1267108065
236.9207188443
240.5339652561
246.7954720601
255.9874359477
268.6087936243
303.5438546432
296.7769327384
304.4412431365
306.5265336444
321.4835149634
304.9632345796
302.6551046300
300.3796267223
300.8705071837
305.9742474506
317.0560899771
335.4348382545
362.5074271744
513.4540050854
732.3271115285
729.7152209754
547.4993989763
728.6500518589
961.7464048453
489.4969721026
283.9049202542
259.9755428959
246.0558373595
238.7796330884
166.4786900409
166.9629141102
170.1547095993
176.1912554256
185.8117647997
200.4633331797
507.0473727133
527.6600542888
304.0368655245
459.5807071840
488.7551545181
830.3890569952
261.9565729598
260.7310808887
261.7275320746
267.3935663146
279.3087521506
298.7276312182
511.0202468343
2296.6387034467
1567.2574546516
1160.2178344649
1450.4693040309
1874.7333394774
1352.1446904703
244.3676600687
209.1450867427
187.9386662382
175.6310620605
169.0629675134
141.3631326404
141.8736042397
146.9297596757
157.3253119558
175.3652765493
347.2822477882
1570.0652985434
646.2199781073
910.5215707204
970.6884873631
1480.5753244653
84.2046911751
1068.0612914750
1640.6065991650
2374.9247112449
1785.6154851691
1394.7199299576
2010.6104663782
1468.2798494637
1582.0903894927
218.6030133417
179.0334389079
157.0902822581
145.8335229963
132.3019729230
132.3185262732
136.8495589815
146.6397703300
163.8479346033
192.0450211273
1930.2179818386
1784.3591327949
669.4672029696
1642.8054122261
1422.4549159228
1220.3050746519
2480.1283263270
1809.6844088977
1762.6324565731
1540.9737142271
1959.2784366095
1961.5336996744
2593.6252649101
255.5742392898
202.7219667780
168.5862178770
148.2684847916
137.1376890296
133.8754196539
134.4192587692
143.0796956187
162.4799989041
197.8054162347
2006.8446093584
2191.7758080982
1067.2486283704
1151.9737256305
1921.0542418687
1992.6265641781
1016.3195525369
2425.8787913552
3056.8779854193
251.2388036914
194.7861948890
160.1419406603
141.5749705787
146.0152360730
149.2396586608
170.5284930199
485.7890863589
1838.8316758709
1624.3490712748
2305.5368093145
2656.5409189379
1953.8537422572
1513.3421355556
194.6131872840
159.5540947982
172.4093473115
189.1268604881
1360.8999187318
3263.4594278019
2559.2193684642
202.7586158492
220.5152594435
84.2046911751
3263.4594278019