284.0899667674
284.2448504569
288.2869866556
295.8845447536
307.3502849242
323.3505617033
386.2842595019
360.2981756452
369.1974497485
372.8824642815
399.2103552549
366.0636750754
362.1219859633
358.5376164641
358.8733457440
365.4742463063
380.2073481622
405.1584147287
442.9667214505
658.5214208616
1044.4880298266
1068.3259550755
797.7090757950
1044.4449179006
1545.0486877411
810.7119285375
357.9947976864
321.5743785264
300.2687233980
288.8205044956
197.5243387528
198.1096482244
202.0715239253
209.5673065327
221.5239492511
239.7722106189
639.5078583624
680.8544469671
388.1609321429
579.6545935037
633.6098788638
1067.4905205841
310.8695828597
308.2736740744
308.8499841351
315.5395276889
330.3002600647
354.8989911794
619.2606283822
2876.3214132403
1981.6750258638
1452.3487154681
1841.1875683321
2306.9845294894
1780.4998268477
296.4546037417
251.6820334048
224.7150849165
209.1030397042
200.7935283341
168.9874162198
169.8503583099
176.5230377840
189.8730344697
212.1808992209
418.1424202672
1896.1374662819
796.7882313850
1101.0082679001
1178.7467134153
1795.9999040330
120.4210619764
1262.9032908823
1940.4696619040
2838.4370904464
2131.3037971833
1670.3249754785
2402.2223337890
1733.0283176013
1914.1634192288
264.7441860041
215.8152189085
188.4736809655
174.4556480499
158.4276527209
158.6239902253
164.3781776408
176.4201636898
197.0103383340
230.0570362983
2242.9720615444
2091.8763873180
791.6194992626
1917.8581525484
1664.3996460805
1426.8435667804
2892.1881161119
2107.6408960602
2047.0334345587
1790.3045809497
2280.8887694803
2266.5993863492
3023.9972291203
306.3969767880
243.6586777502
202.5350804843
177.8202669252
164.2486904598
159.8118892611
160.5351758020
170.8552881927
193.5260406755
234.2065668066
2296.6597561794
2519.1527610754
1226.2499243382
1325.9229128361
2201.9362841088
2278.4859324530
1170.0088947570
2758.2575486355
3501.4805207380
297.4895257682
231.9463006450
191.0992107625
168.9843358578
173.1320506576
176.7963242126
201.1721435986
559.9900798820
2051.5139884143
1837.6149705936
2575.5430527475
2951.5853148055
2181.2141447555
1690.1082667830
229.5288466085
188.9747680376
202.4417865872
221.1131246212
1511.4049427043
3561.1125481506
2795.4025173664
237.0018507033
255.9078688294
120.4210619764
3561.1125481506