0.0888605403
0.0869188114
0.0871259617
0.0890904239
0.0927968986
0.0985121014
0.1599785724
0.1194869004
0.1157325719
0.1252697844
0.1451178977
0.1089004985
0.1063102195
0.1044245095
0.1045735825
0.1076187563
0.1144951240
0.1266546401
0.1464697871
0.2542516205
0.6219739235
0.7771718724
0.5551552539
0.5734740767
1.7959492399
0.7194628536
0.1463708918
0.1192752872
0.1031033173
0.0937763166
0.0554087497
0.0554994762
0.0567684636
0.0592373298
0.0632094030
0.0692840604
0.2159541815
0.2506507878
0.1451264537
0.1980477821
0.2406404365
0.3816967334
0.0852990168
0.0832834556
0.0828409930
0.0847544076
0.0896496552
0.0983776538
0.1810866940
0.9229630731
0.6652316254
0.4728975977
0.6268580398
0.6942902684
0.6881035635
0.0928508577
0.0761555013
0.0658735299
0.0599038393
0.0567142361
0.0505134258
0.0513589691
0.0547088067
0.0606239607
0.0684621607
0.1234469588
0.5309072119
0.2471611524
0.3129000721
0.3394555929
0.5101016772
146.3859502449
0.3266332199
0.4997462462
0.7582372662
0.5713214148
0.4567712678
0.6464193552
0.4493986859
0.5411074194
0.0831446159
0.0668183473
0.0572031937
0.0522442519
0.0484814476
0.0490074622
0.0515280051
0.0559084216
0.0620609658
0.0703730231
0.5412765465
0.5220892007
0.2088624686
0.4708758188
0.4127700313
0.3537418232
0.7029384638
0.5124041695
0.4934522707
0.4345183959
0.5560349146
0.5375720043
0.7380775244
0.0919277727
0.0746582962
0.0623458240
0.0545143382
0.0501614131
0.0485809925
0.0490819287
0.0523074785
0.0583244119
0.0678641641
0.5202364081
0.5801754828
0.2858280414
0.3106707939
0.5026251408
0.5175721454
0.2769884115
0.6199715522
0.7941698683
0.0852747216
0.0687689765
0.0575655091
0.0511671413
0.0512487240
0.0522061586
0.0580788273
0.1366531112
0.4526238758
0.4110436128
0.5657256870
0.6447758128
0.4830555459
0.3779293618
0.0657919205
0.0554671686
0.0574785669
0.0614912898
0.3351442802
0.7629569687
0.6028352312
0.0657974762
0.0690517461
0.0484814476
146.3859502449