0.0042128912
0.0041057232
0.0041066831
0.0041950110
0.0043689233
0.0046412354
0.0078637748
0.0056870779
0.0054699224
0.0059758785
0.0070088832
0.0051038085
0.0049726862
0.0048799563
0.0048889618
0.0050403608
0.0053802909
0.0059829690
0.0069722153
0.0123385912
0.0315504198
0.0398157058
0.0284804927
0.0289613437
0.0934301522
0.0376009738
0.0071835308
0.0057883959
0.0049543314
0.0044710116
0.0025800179
0.0025834311
0.0026430411
0.0027595579
0.0029471068
0.0032336442
0.0102102164
0.0120378504
0.0070352687
0.0094091660
0.0116343288
0.0181872241
0.0039371010
0.0038355477
0.0038122529
0.0039016725
0.0041325502
0.0045467262
0.0083521217
0.0428467651
0.0312219413
0.0220898226
0.0295009202
0.0317889878
0.0331421199
0.0043817764
0.0035811436
0.0030858213
0.0027977476
0.0026435577
0.0023790290
0.0024230621
0.0025900878
0.0028810327
0.0032543344
0.0057036550
0.0239346933
0.0114606789
0.0142107900
0.0154606206
0.0231011027
0.7906775540
0.0145739781
0.0222186663
0.0338557395
0.0256153815
0.0205853565
0.0289567028
0.0201121392
0.0244573839
0.0039295279
0.0031574022
0.0026981497
0.0024606943
0.0022952063
0.0023233576
0.0024475242
0.0026584058
0.0029453603
0.0033196354
0.0240656598
0.0231689933
0.0094143277
0.0209212623
0.0183666408
0.0157560888
0.0311440448
0.0227945404
0.0220093214
0.0194801962
0.0247957298
0.0242062113
0.0327578830
0.0043219353
0.0035257800
0.0029498487
0.0025798476
0.0023735831
0.0023028409
0.0023284724
0.0024814961
0.0027593469
0.0031900206
0.0237710234
0.0261132364
0.0130327254
0.0140627086
0.0228268596
0.0236427744
0.0126584535
0.0286227258
0.0360764871
0.0040078650
0.0032463579
0.0027242189
0.0024237811
0.0024277463
0.0024725048
0.0027433356
0.0063355075
0.0213493934
0.0191051260
0.0266185391
0.0305318479
0.0227970426
0.0178700215
0.0031072049
0.0026252562
0.0027192682
0.0029045499
0.0159336877
0.0369711029
0.0292148514
0.0031098488
0.0032635873
0.0022952063
0.7906775540