251.9376294477
251.5363545226
254.9663519672
261.8424728390
272.4312623583
287.3866853935
358.6881381590
322.6881106659
330.4068256625
334.3165092115
364.2069889765
324.5005014175
319.9145972996
315.8901513771
315.8698537174
322.0444429805
336.2545040960
360.7742256701
398.7684159608
621.6634618373
1058.9187563846
1099.9295919552
812.6257376962
1066.4290086478
1673.5148213004
878.7745342686
329.6896191967
291.6609206776
269.3709454270
257.2365367257
173.2736054383
173.8064607380
177.4426244345
184.3158930078
195.2854753978
212.0685750406
599.2335748410
650.6687294849
364.0672521190
541.9732876506
605.8185077889
1019.0477496786
272.7548283615
269.3686989661
269.2711582138
275.0767392573
288.5748498614
311.5757594764
555.7659791890
2675.2181246308
1860.0457681393
1349.0674494694
1735.9378316788
2104.6202088770
1737.1433435397
265.6997515928
223.7987899762
198.5853753490
184.0298797999
176.3060248703
149.2098607146
150.1493702636
156.5038671849
168.9778215040
189.2637658646
371.6014698608
1693.6484435564
728.9290640038
985.3134103896
1060.3615147155
1613.4936181941
158.2910675502
1101.0318652285
1692.2278434820
2505.1677045285
1878.2152995203
1477.2753186949
2118.4238854508
1506.3701600328
1712.9793635007
236.7297158941
192.1168038529
167.0218967921
154.1601170531
140.0778494825
140.3632588262
145.6735883310
156.5265743582
174.6692104392
203.2425345439
1913.4029990410
1804.3621464972
690.1887936681
1646.2448659606
1432.7226522925
1227.4513087517
2479.0636963207
1803.9560375552
1745.7583647787
1527.2441292251
1950.5179721286
1919.2884552037
2590.5763918347
271.1091471442
216.2137539965
179.6688913521
157.4895591209
145.2727801342
140.9002151103
141.5611564656
150.5907547139
170.0950440413
204.5730600397
1919.1463012971
2119.1110707497
1031.4073166585
1118.3603390008
1845.9303648176
1906.2449580491
987.0696219492
2298.6843447781
2930.6374558565
260.1065561371
204.0103642846
168.4589568226
148.9957053986
151.7342594769
154.7676963633
175.3354628803
473.3774728563
1698.1313745910
1528.0690977870
2131.2996238486
2438.1903356289
1807.0286554118
1402.1536094532
200.1850567492
165.4739326019
175.9176830698
191.3150180622
1250.9483024317
2923.9127206243
2297.8145953848
205.1584393033
220.1595940663
140.0778494825
2930.6374558565