0.0028844595
0.0028071187
0.0028065071
0.0028678304
0.0029898332
0.0031817004
0.0054861992
0.0039293291
0.0037650317
0.0041302697
0.0048644732
0.0034982453
0.0034030670
0.0033350821
0.0033395376
0.0034455179
0.0036860919
0.0041145029
0.0048195329
0.0086454478
0.0223980359
0.0284386930
0.0202567892
0.0205062210
0.0674636323
0.0267780204
0.0050043054
0.0040089403
0.0034140012
0.0030690809
0.0017523007
0.0017546661
0.0017963118
0.0018777558
0.0020090274
0.0022099796
0.0071803493
0.0084798035
0.0049065222
0.0065981572
0.0081775709
0.0128676548
0.0026847420
0.0026091188
0.0025893369
0.0026499938
0.0028116408
0.0031043435
0.0058201792
0.0303923571
0.0221027336
0.0156117943
0.0209149936
0.0225128753
0.0235414848
0.0030204367
0.0024560854
0.0021074092
0.0019049817
0.0017968172
0.0016224518
0.0016540961
0.0017721168
0.0019769901
0.0022382607
0.0039649680
0.0168899562
0.0080569654
0.0099857722
0.0108703375
0.0163029395
14.9841213802
0.0101437796
0.0154984392
0.0238047032
0.0179400206
0.0144141549
0.0203194474
0.0139426181
0.0172606039
0.0027047742
0.0021654187
0.0018445454
0.0016789371
0.0015652005
0.0015856154
0.0016726540
0.0018192921
0.0020169272
0.0022720086
0.0163722482
0.0160058377
0.0065121330
0.0143456147
0.0126184506
0.0108139963
0.0213513647
0.0155554590
0.0149235737
0.0131645352
0.0168808746
0.0161335450
0.0224287915
0.0029562097
0.0024126564
0.0020164862
0.0017611294
0.0016188139
0.0015651371
0.0015832944
0.0016877198
0.0018746394
0.0021598371
0.0153051439
0.0172175131
0.0085026025
0.0092768554
0.0148449722
0.0152560643
0.0082870411
0.0181727184
0.0233988037
0.0027071541
0.0022024602
0.0018508344
0.0016470385
0.0016393805
0.0016687655
0.0018454043
0.0041308838
0.0131319574
0.0120150552
0.0163949916
0.0186291703
0.0140385627
0.0110222639
0.0020870073
0.0017705890
0.0018176682
0.0019330962
0.0097356759
0.0218211330
0.0172918039
0.0020676346
0.0021513031
0.0015651371
14.9841213802