0.7292059211
0.7146186120
0.7172205631
0.7339757451
0.7648647130
0.8121061788
1.2951108165
0.9754732003
0.9539082169
1.0220667613
1.1830747795
0.8994235116
0.8780510530
0.8621959085
0.8629364205
0.8873562139
0.9430167155
1.0415874109
1.2020719143
2.0893248776
4.9770679380
6.0752217956
4.3720832045
4.6535139081
13.4334049336
5.6502346955
1.1819369946
0.9681465594
0.8407171898
0.7674658066
0.4586742646
0.4595487867
0.4701124045
0.4905660055
0.5234394958
0.5737597129
1.7998512470
2.0835542409
1.1958847381
1.6470313800
1.9935972453
3.1828569389
0.7084375259
0.6916464576
0.6878213159
0.7035320357
0.7439728158
0.8161495314
1.5082229729
7.7205674650
5.5532269756
3.9449926613
5.2323914544
5.8063192740
5.7293658241
0.7653897112
0.6282370915
0.5440620038
0.4952728621
0.4692554748
0.4158451036
0.4224100246
0.4491329182
0.4966383067
0.5606347141
1.0212789193
4.4382548702
2.0599660691
2.6123013782
2.8363422635
4.2682903318
228.1183688327
2.7265141548
4.1750256590
6.3427793287
4.7728114078
3.8121959306
5.3993234681
3.7440508172
4.5222794844
0.6842640994
0.5497132461
0.4708022832
0.4301515421
0.3980870203
0.4020549724
0.4222269571
0.4576975178
0.5082294594
0.5774374845
4.5061708132
4.3537801584
1.7379209167
3.9247304742
3.4413238368
2.9481129952
5.8633502511
4.2699771258
4.1081718402
3.6144257350
4.6294930231
4.4661472056
6.1511677590
0.7572484862
0.6140861988
0.5123879466
0.4478949139
0.4120591651
0.3986570578
0.4024859213
0.4287378842
0.4783344502
0.5576684113
4.3132620375
4.8202051471
2.3700378130
2.5789175199
4.1717589042
4.2931143744
2.2961545389
5.1365268092
6.5907519675
0.7023993068
0.5655792412
0.4729431507
0.4201179995
0.4207379799
0.4284663742
0.4769862365
1.1290131708
3.7422459809
3.4027594980
4.6797030416
5.3310900439
3.9938704626
3.1234159705
0.5411390782
0.4556951017
0.4724010144
0.5055976918
2.7685277047
6.2980290269
4.9755680475
0.5413125395
0.5683189171
0.3980870203
228.1183688327