0.6184027900
0.6051053547
0.6067993815
0.6207785771
0.6469710060
0.6872778277
1.1154943018
0.8308722992
0.8085880814
0.8712595642
1.0121740425
0.7599725828
0.7413407665
0.7276414181
0.7283378253
0.7494905148
0.7976639529
0.8830916037
1.0225342865
1.7899836816
4.3506310262
5.3660037433
3.8497709111
4.0460203547
12.0813195414
5.0002538358
1.0179123653
0.8295196243
0.7171522005
0.6524219490
0.3860554343
0.3867448768
0.3956979607
0.4130719827
0.4410138412
0.4837853659
1.5296088819
1.7782637811
1.0224363951
1.4007570908
1.7045578096
2.7121339082
0.5952653161
0.5805850526
0.5771153609
0.5903670067
0.6247483832
0.6863149966
1.2722156210
6.5436384921
4.7181044467
3.3470759016
4.4486454161
4.9049907530
4.9000830356
0.6488257722
0.5314525915
0.4593072233
0.4174751120
0.3951572401
0.3516152438
0.3574520627
0.3807028913
0.4218027351
0.4764697703
0.8627375693
3.7338102538
1.7434940020
2.1998551186
2.3900416265
3.5934399969
518.0463277825
2.2821914003
3.4933455049
5.3198126935
4.0040868671
3.2025712371
4.5312217815
3.1345686503
3.8067578537
0.5802744873
0.4658061681
0.3984567502
0.3637464891
0.3371695973
0.3407579805
0.3582105910
0.3885957582
0.4313477863
0.4891600401
3.7533447980
3.6353630935
1.4569596483
3.2731145637
2.8720084747
2.4604487319
4.8859874250
3.5582341698
3.4212219060
3.0115362583
3.8588002391
3.7145805529
5.1272917106
0.6403951700
0.5200500199
0.4340813366
0.3793667102
0.3489433469
0.3375369913
0.3409259455
0.3632170849
0.4048385804
0.4707586136
3.5738521712
3.9996135765
1.9683104628
2.1428512705
3.4587972254
3.5577960614
1.9093089330
4.2526883385
5.4614967547
0.5923103979
0.4780172964
0.4001560902
0.3555980558
0.3556303052
0.3621258787
0.4025419786
0.9411953616
3.0929323455
2.8160324619
3.8662140479
4.4020928259
3.3019919671
2.5844908016
0.4563717091
0.3849406512
0.3981859001
0.4255737803
2.2891191399
5.1906623847
4.1030725461
0.4555393959
0.4773186673
0.3371695973
518.0463277825