0.0088857183
0.0086470530
0.0086451960
0.0088344873
0.0092110592
0.0098032680
0.0169150824
0.0121095922
0.0116027415
0.0127298263
0.0149976606
0.0107779802
0.0104834326
0.0102728806
0.0102860492
0.0106127993
0.0113553062
0.0126781187
0.0148556386
0.0266761917
0.0691614898
0.0877678646
0.0624970482
0.0633479325
0.2081294221
0.0826220133
0.0154284550
0.0123562223
0.0105200068
0.0094554875
0.0053964650
0.0054037982
0.0055323134
0.0057836081
0.0061886408
0.0068087038
0.0221730553
0.0261755508
0.0151343426
0.0203564857
0.0252443842
0.0396946622
0.0082691670
0.0080347701
0.0079728659
0.0081595006
0.0086581669
0.0095618549
0.0179332938
0.0939253428
0.0683139240
0.0482099438
0.0645838473
0.0695364403
0.0726687147
0.0093097916
0.0075680442
0.0064920753
0.0058674810
0.0055337765
0.0049973776
0.0050949727
0.0054589697
0.0060908250
0.0068965732
0.0122249531
0.0521248620
0.0248912724
0.0308170399
0.0335695181
0.0502969494
41.4295628875
0.0312356274
0.0477629238
0.0733915803
0.0552928527
0.0444607897
0.0626621976
0.0429541709
0.0532531831
0.0083360533
0.0066722916
0.0056824657
0.0051716136
0.0048209327
0.0048838523
0.0051521476
0.0056040954
0.0062130427
0.0069986491
0.0504038505
0.0492870971
0.0200624218
0.0441653669
0.0388622886
0.0332896188
0.0657148415
0.0478597141
0.0459034131
0.0404878872
0.0519579943
0.0495840753
0.0690738440
0.0091078026
0.0074333282
0.0062122763
0.0054250388
0.0049862480
0.0048199636
0.0048758324
0.0051973411
0.0057725556
0.0066495001
0.0469905042
0.0528916610
0.0261277017
0.0284928935
0.0455917827
0.0468111608
0.0254677204
0.0557366844
0.0718439261
0.0083350076
0.0067826791
0.0057000940
0.0050723263
0.0050470961
0.0051372721
0.0056800085
0.0126751389
0.0402534340
0.0368414076
0.0502350154
0.0570726426
0.0430244803
0.0337913973
0.0064239214
0.0054509227
0.0055933839
0.0059471994
0.0298380480
0.0667720183
0.0529196881
0.0063611636
0.0066158208
0.0048199636
41.4295628875