3.6879915408
3.6184890162
3.6341374074
3.7201759973
3.8767841045
4.1151526372
6.4809263569
4.9218513770
4.8294887915
5.1539383870
5.9551044577
4.5628654813
4.4563333251
4.3767398155
4.3799398817
4.5015503110
4.7792006400
5.2705919069
6.0693483372
10.5085491184
24.6468535042
29.8794866892
21.5145512435
23.1824210769
65.1448389874
27.6456151360
5.9087746496
4.8587181690
4.2332607874
3.8744067149
2.3331816359
2.3378561277
2.3913986242
2.4948803844
2.6611132881
2.9155933169
9.1079077597
10.5172445170
6.0293143178
8.3312468004
10.0529395924
16.0837616140
3.6082520016
3.5247017950
3.5060544388
3.5858037041
3.7902328267
4.1544031267
7.6647679911
39.1376476261
28.1089161954
19.9833789098
26.4722013260
29.4876999594
28.8868097956
3.8753953048
3.1851008354
2.7620004315
2.5168619389
2.3861994080
2.1085477658
2.1405138699
2.2730768092
2.5098065489
2.8319581110
5.1821615632
22.5928094826
10.4480311238
13.2906892507
14.4257802009
21.7221750170
396.3762518038
13.9222663610
21.3202373085
32.3488801194
24.3366752569
19.4208762130
27.5250271897
19.1092402298
23.0122263481
3.4636137774
2.7837629593
2.3859503558
2.1810650340
2.0160540449
2.0350735370
2.1355494006
2.3136114516
2.5696706070
2.9235910484
23.0703731784
22.2596294104
8.8633836633
20.0814292627
17.5990191277
15.0779984675
30.0150143673
21.8572934893
21.0350214694
18.5015218400
23.6923924552
22.8845721085
31.4781731248
3.8397401640
3.1108723366
2.5949424138
2.2685191301
2.0871870061
2.0193099432
2.0379660920
2.1705386446
2.4231752470
2.8300464482
22.1483575082
24.7324540157
12.1525943801
13.2209553073
21.4147003916
22.0443362956
11.7658638926
26.3892229334
33.8442555394
3.5677986526
2.8685887008
2.3969641230
2.1285880062
2.1334695458
2.1726747723
2.4209718347
5.7754434463
19.2430006766
17.4853682289
24.0713417774
27.4294716469
20.5328921459
16.0498430374
2.7482420838
2.3117873311
2.3997373679
2.5705855753
14.2325724522
32.4384259982
25.6176202166
2.7527266847
2.8935893059
2.0160540449
396.3762518038