0.0022104846
0.0021533617
0.0021536144
0.0022002300
0.0022922781
0.0024365757
0.0041476833
0.0029952396
0.0028753810
0.0031472301
0.0036933761
0.0026802338
0.0026104458
0.0025609754
0.0025654048
0.0026454213
0.0028256102
0.0031453750
0.0036702995
0.0065110384
0.0167174447
0.0211816383
0.0151189425
0.0153078970
0.0501326116
0.0199435929
0.0037890433
0.0030477087
0.0026045524
0.0023477280
0.0013505228
0.0013523133
0.0013838169
0.0014454262
0.0015446610
0.0016963810
0.0053960583
0.0063595497
0.0037067890
0.0049689385
0.0061442841
0.0095966244
0.0020656169
0.0020112018
0.0019982152
0.0020451384
0.0021673674
0.0023871428
0.0044124932
0.0227592609
0.0165683346
0.0117251026
0.0156417720
0.0169073542
0.0175879029
0.0023054866
0.0018808706
0.0016183389
0.0014657615
0.0013841455
0.0012465748
0.0012700522
0.0013586539
0.0015129031
0.0017106840
0.0030174120
0.0127720499
0.0060701132
0.0075658501
0.0082278738
0.0122932763
4.6779704118
0.0077451940
0.0118338083
0.0180697931
0.0136480413
0.0109556351
0.0154327824
0.0106817538
0.0130655386
0.0020665130
0.0016579107
0.0014150493
0.0012896006
0.0012022144
0.0012172939
0.0012830279
0.0013944540
0.0015458348
0.0017430541
0.0127212115
0.0123160475
0.0049981741
0.0110843295
0.0097359349
0.0083464473
0.0165103051
0.0120561877
0.0116060182
0.0102481637
0.0131062524
0.0126826183
0.0173838261
0.0022684921
0.0018499353
0.0015467362
0.0013518905
0.0012433326
0.0012043452
0.0012180112
0.0012983442
0.0014436327
0.0016678718
0.0122217036
0.0136092186
0.0067428107
0.0073170146
0.0118012260
0.0121623860
0.0065540752
0.0145676517
0.0185849697
0.0020921912
0.0016970660
0.0014246136
0.0012675131
0.0012661001
0.0012893262
0.0014290447
0.0032631699
0.0106953475
0.0096765844
0.0133398827
0.0152302467
0.0114239716
0.0089552710
0.0016169619
0.0013683952
0.0014118190
0.0015055052
0.0079424323
0.0180817337
0.0142937066
0.0016107360
0.0016838415
0.0012022144
4.6779704118