0.0000269411
0.0000262181
0.0000262112
0.0000267821
0.0000279190
0.0000297072
0.0000512311
0.0000366704
0.0000351423
0.0000385425
0.0000454177
0.0000326455
0.0000317564
0.0000311226
0.0000311654
0.0000321551
0.0000343997
0.0000383969
0.0000449779
0.0000806760
0.0002093804
0.0002654270
0.0001892094
0.0001917531
0.0006288487
0.0002502618
0.0000467357
0.0000374419
0.0000318867
0.0000286656
0.0000163682
0.0000163900
0.0000167781
0.0000175372
0.0000187605
0.0000206329
0.0000669970
0.0000791716
0.0000458285
0.0000614922
0.0000763318
0.0001198982
0.0000250405
0.0000243352
0.0000241519
0.0000247178
0.0000262227
0.0000289474
0.0000541155
0.0002828749
0.0002059481
0.0001453197
0.0001947789
0.0002092201
0.0002199002
0.0000281918
0.0000229316
0.0000196806
0.0000177927
0.0000167837
0.0000151594
0.0000154543
0.0000165550
0.0000184653
0.0000208994
0.0000369296
0.0001566917
0.0000750522
0.0000927207
0.0001010123
0.0001512440
0.0297358717
0.0000939287
0.0001435208
0.0002201365
0.0001661964
0.0001336868
0.0001882274
0.0001291029
0.0001602011
0.0000252495
0.0000202239
0.0000172318
0.0000156867
0.0000146306
0.0000148207
0.0000156326
0.0000169999
0.0000188412
0.0000212140
0.0001517577
0.0001480634
0.0000604128
0.0001327996
0.0001169894
0.0001001619
0.0001977744
0.0001441885
0.0001383887
0.0001221040
0.0001564050
0.0001498533
0.0002079038
0.0000276006
0.0000225366
0.0000188426
0.0000164601
0.0000151315
0.0000146397
0.0000148086
0.0000157836
0.0000175285
0.0000201901
0.0001433060
0.0001602382
0.0000795227
0.0000863096
0.0001386708
0.0001428119
0.0000775039
0.0001710752
0.0002184077
0.0000253200
0.0000205984
0.0000173112
0.0000154059
0.0000153504
0.0000156253
0.0000172823
0.0000387013
0.0001250547
0.0001132257
0.0001559103
0.0001777516
0.0001335933
0.0001049311
0.0000195537
0.0000165816
0.0000170493
0.0000181413
0.0000929729
0.0002111856
0.0001672296
0.0000194119
0.0000202311
0.0000146306
0.0297358717