0.0175210120
0.0170875241
0.0170955511
0.0174606637
0.0181756705
0.0192926260
0.0323801260
0.0235688346
0.0226941267
0.0247586552
0.0289523500
0.0212290827
0.0207037520
0.0203345150
0.0203787129
0.0210020994
0.0223922057
0.0248493151
0.0288734600
0.0506356497
0.1285816044
0.1622039441
0.1161476474
0.1180006549
0.3801110194
0.1530316731
0.0296115498
0.0239327435
0.0205373021
0.0185702536
0.0107724078
0.0107865174
0.0110321277
0.0115122207
0.0122846620
0.0134637437
0.0418082780
0.0492165967
0.0289425651
0.0386036926
0.0476229919
0.0742579979
0.0164311820
0.0160308420
0.0159476358
0.0163229352
0.0172744300
0.0189711788
0.0345171346
0.1750655174
0.1275492006
0.0904144594
0.1204000125
0.1303341768
0.1348667041
0.0181686227
0.0148842036
0.0128510609
0.0116676757
0.0110337892
0.0099101466
0.0100891206
0.0107736476
0.0119686828
0.0135087208
0.0236413109
0.0987210615
0.0470549600
0.0586459965
0.0637022921
0.0951314701
3.5242902039
0.0607774683
0.0926347235
0.1402846590
0.1063322195
0.0853393091
0.1201212079
0.0841071851
0.1008187687
0.0163057634
0.0131200529
0.0112271719
0.0102480898
0.0095570694
0.0096712535
0.0101825952
0.0110550557
0.0122498129
0.0138202174
0.1017230420
0.0972138698
0.0392915576
0.0880611125
0.0771708660
0.0662312847
0.1311892954
0.0961306716
0.0930670875
0.0823686614
0.1046710210
0.1028650770
0.1380936143
0.0179949593
0.0146667977
0.0122720312
0.0107377340
0.0098829352
0.0095983539
0.0097039818
0.0103426515
0.0115110071
0.0133374325
0.1017584967
0.1113854948
0.0555655523
0.0598693866
0.0975401489
0.1011180148
0.0538815942
0.1226317913
0.1543604341
0.0167607138
0.0135454974
0.0113571731
0.0101030508
0.0101400789
0.0103305043
0.0114803319
0.0269148468
0.0916098842
0.0819006388
0.1142789294
0.1311071593
0.0977748686
0.0765630335
0.0130038032
0.0109695500
0.0113932074
0.0121895548
0.0683007739
0.1587676518
0.1253716444
0.0130502783
0.0137277252
0.0095570694
3.5242902039