0.8518816831
0.8347099539
0.8376796910
0.8572255202
0.8933173892
0.9485508745
1.5155459449
1.1398036660
1.1143942305
1.1944563859
1.3832306881
1.0503718261
1.0253199056
1.0067504834
1.0076194513
1.0362105131
1.1013794790
1.2168092968
1.4047970286
2.4437684590
5.8336424916
7.1215395449
5.1267412960
5.4522066645
15.7333652313
6.6329362392
1.3830060250
1.1322333120
0.9827499556
0.8968020396
0.5354114969
0.5364282926
0.5487713016
0.5726738356
0.6110925792
0.6699017569
2.1035675166
2.4363140217
1.3985647164
1.9251651678
2.3316794237
3.7212548731
0.8268475998
0.8071559404
0.8026473186
0.8209881635
0.8682469772
0.9526266476
1.7611666655
9.0208496563
6.4902699262
4.6099325658
6.1156892603
6.7814481105
6.7014315215
0.8941046608
0.7337208043
0.6352767544
0.5782167906
0.5477886723
0.4856189557
0.4933254304
0.5246222316
0.5802240121
0.6550253034
1.1925586084
5.1810338720
2.4061218043
3.0497810696
3.3116942930
4.9833092131
246.3207848845
3.1810306545
4.8706956252
7.4018201872
5.5699777132
4.4494606947
6.3012291420
4.3681495997
5.2795263602
0.7993360245
0.6420953552
0.5498504665
0.5023304178
0.4649462222
0.4696108920
0.4932188176
0.5346877958
0.5936879791
0.6743885052
5.2540710016
5.0778771200
2.0278222001
4.5768621308
4.0134914716
3.4383051678
6.8373320149
4.9790227651
4.7899803663
4.2145056374
5.3985428924
5.2065822738
7.1729729575
0.8843266608
0.7172335632
0.5984677785
0.5231246632
0.4812577820
0.4655861478
0.4700750724
0.5007372253
0.5585977321
0.6510606081
5.0261223991
5.6177523441
2.7623383070
3.0060163123
4.8617503025
5.0025913547
2.6766538604
5.9849702029
7.6805297972
0.8200078479
0.6604276808
0.5523122565
0.4906375707
0.4912820877
0.5002955186
0.5568577942
1.3164203899
4.3593609282
3.9645592806
5.4512745163
6.2097209307
4.6528177725
3.6390644210
0.6317352909
0.5320714863
0.5514438614
0.5901027677
3.2252043492
7.3343388551
5.7948148030
0.6317869438
0.6631613024
0.4649462222
246.3207848845