8.7614887837
8.7872471477
8.8645513666
8.9879730782
9.1561708778
9.3687344494
9.6510625582
9.8592756228
10.0580830165
10.2043530145
10.3358534377
10.4195073490
10.5323662012
10.6570272587
10.8007464245
10.9707673102
11.1677911182
11.3798603260
11.5808273274
11.8876128132
12.2494009491
12.1688112983
11.7124164286
11.4734230680
11.4774057339
10.2774488286
9.4477308929
9.1168054944
8.9087655646
8.7971299824
6.2580427532
6.2610442865
6.3294408588
6.4633604311
6.6699474273
6.9612931976
7.9917472768
8.2502966131
8.1604221620
8.8010320331
8.9770602645
9.9521948942
9.0130122283
9.2269096376
9.4435448160
9.6772301902
9.9360696473
10.2083364347
11.5366168708
19.5339176217
15.5371932092
13.9475215760
13.5251524720
19.6772006240
10.5397184786
7.8082092173
7.1762939741
6.7531875705
6.4837903036
6.3273298703
5.3412096158
5.3418387649
5.4655218390
5.7285899230
6.1761236474
8.7004251992
21.9561837361
9.9915394436
15.0431493456
15.1063275703
20.3197167099
1.2983410456
24.3800412823
35.1404610327
39.4826423550
34.2446961092
26.5560586119
36.2964606205
37.1300000538
22.0412044787
7.2702729918
6.3229549443
5.7730889117
5.4725587691
5.1416433877
5.1341451918
5.2743767805
5.5890690869
6.1480817433
7.0719732284
64.9100903561
47.4464549691
17.6188176694
49.2952404751
41.2150042731
36.1979990432
74.2685323290
58.3566037783
62.1428007062
56.9507550172
65.5706347438
83.9887578427
79.5515875062
9.2274828229
7.4063225159
6.3040542158
5.6601994644
5.3032645847
5.4614106607
5.4854349689
5.8389026668
6.6528548760
8.2122177725
111.2871852222
101.6314734995
54.4751578071
53.9418563062
99.0451041341
109.0184979163
51.0911080405
146.6972504644
160.8320382607
10.5818214308
7.9470622087
6.4963475989
5.7607784826
6.3752445883
6.5569271017
7.6707161634
26.3064978926
129.5249869422
103.4674079128
161.0935547537
192.9679737845
137.3835642699
106.3094129285
8.8153594695
7.0146532574
8.2080322732
9.2787798735
99.2903655381
268.2091749815
209.3009964178
10.0160326262
11.5647989799
1.2983410456
268.2091749815