0.0056586470
0.0055168362
0.0055212540
0.0056442726
0.0058840366
0.0062583823
0.0105810657
0.0076774408
0.0073921071
0.0080642141
0.0094548328
0.0068941949
0.0067124167
0.0065812769
0.0065889567
0.0067921074
0.0072541312
0.0080760656
0.0094254360
0.0167796943
0.0426149182
0.0536571237
0.0382673616
0.0392178380
0.1256378647
0.0503035723
0.0096537295
0.0077753162
0.0066533485
0.0060041788
0.0034688705
0.0034740853
0.0035559499
0.0037156232
0.0039727979
0.0043665003
0.0140795097
0.0165377228
0.0095404993
0.0129167360
0.0159120387
0.0251239408
0.0053270705
0.0051828474
0.0051459889
0.0052656306
0.0055822073
0.0061536741
0.0114989074
0.0598211127
0.0433899336
0.0306794835
0.0409868833
0.0444958158
0.0457752611
0.0059316110
0.0048342198
0.0041574053
0.0037646614
0.0035549246
0.0031943289
0.0032535499
0.0034789673
0.0038725502
0.0043814909
0.0078223827
0.0335296859
0.0158895935
0.0197986984
0.0215534927
0.0323269482
54.2027108687
0.0202262359
0.0309388335
0.0474115266
0.0357007836
0.0286692517
0.0404481843
0.0278082956
0.0342213264
0.0053091478
0.0042536790
0.0036280480
0.0033053049
0.0030753397
0.0031129982
0.0032801450
0.0035647446
0.0039538150
0.0044639585
0.0328469414
0.0320244912
0.0129630018
0.0287474494
0.0252627185
0.0216528685
0.0428160742
0.0311967143
0.0299289484
0.0263831719
0.0338315455
0.0323918955
0.0449619208
0.0058202842
0.0047422443
0.0039616178
0.0034605137
0.0031814342
0.0030760419
0.0031101155
0.0033146508
0.0036859190
0.0042594638
0.0308471579
0.0346617669
0.0171015653
0.0186327997
0.0299051718
0.0307270618
0.0166384691
0.0366311266
0.0471661219
0.0053455211
0.0043378052
0.0036406895
0.0032382639
0.0032276454
0.0032857742
0.0036395295
0.0082542730
0.0265131456
0.0242289346
0.0331145625
0.0376518595
0.0283333005
0.0222246753
0.0041194263
0.0034884750
0.0035893304
0.0038230969
0.0196458015
0.0441660618
0.0349617032
0.0040901714
0.0042646669
0.0030753397
54.2027108687