0.0086208552
0.0083942598
0.0083948915
0.0085791800
0.0089436172
0.0095154931
0.0163034273
0.0117294541
0.0112515655
0.0123262225
0.0144919900
0.0104682411
0.0101869370
0.0099855721
0.0099988017
0.0103133662
0.0110274111
0.0122983299
0.0143879915
0.0257286173
0.0663003295
0.0839906813
0.0598408254
0.0607574149
0.1987330543
0.0789360853
0.0148787157
0.0119393000
0.0101826860
0.0091648285
0.0052516840
0.0052589652
0.0053833955
0.0056265839
0.0060184736
0.0066183283
0.0214311364
0.0252459336
0.0146058459
0.0196747823
0.0243426276
0.0383038904
0.0080514462
0.0078282354
0.0077704346
0.0079520785
0.0084346900
0.0093075326
0.0174142719
0.0908710316
0.0660179385
0.0466300229
0.0623842918
0.0674130907
0.0699900540
0.0090279049
0.0073469324
0.0063087975
0.0057061282
0.0053841203
0.0048542971
0.0049474921
0.0052973023
0.0059056584
0.0066847171
0.0118710009
0.0506635101
0.0241153193
0.0299375768
0.0325940062
0.0488642156
49.0879078450
0.0304634258
0.0465837149
0.0714732426
0.0538558578
0.0432668428
0.0610027475
0.0418946718
0.0517648884
0.0080840483
0.0064738515
0.0055169868
0.0050231727
0.0046801701
0.0047400476
0.0049984902
0.0054353606
0.0060268246
0.0067941438
0.0493280839
0.0481609201
0.0195561042
0.0431869331
0.0379893134
0.0325431568
0.0642950467
0.0468278423
0.0449342335
0.0396305576
0.0508300618
0.0486004589
0.0675644117
0.0088453694
0.0072149253
0.0060292621
0.0052660749
0.0048408312
0.0046805943
0.0047341586
0.0050462244
0.0056073539
0.0064670685
0.0461747313
0.0519194022
0.0256353680
0.0279458101
0.0447820635
0.0459999378
0.0249688583
0.0548113314
0.0705859890
0.0081085721
0.0065911389
0.0055365158
0.0049261197
0.0049056410
0.0049938079
0.0055255725
0.0124158227
0.0396446695
0.0362474316
0.0494878086
0.0562494527
0.0423688001
0.0332512161
0.0062503882
0.0052994920
0.0054446586
0.0057935083
0.0293804229
0.0659088137
0.0522085549
0.0061970322
0.0064524676
0.0046801701
49.0879078450