0.0032583667
0.0031758224
0.0031765750
0.0032446168
0.0033785474
0.0035882089
0.0060697456
0.0043941759
0.0042263723
0.0046168109
0.0054120351
0.0039451551
0.0038444204
0.0037732820
0.0037804798
0.0038972517
0.0041590635
0.0046230249
0.0053844832
0.0095140663
0.0243081864
0.0306932509
0.0219519693
0.0223099443
0.0720231463
0.0289708481
0.0055465096
0.0044719621
0.0038295070
0.0034572004
0.0019969598
0.0019995628
0.0020454925
0.0021352812
0.0022797805
0.0025004745
0.0078671778
0.0092749862
0.0054273682
0.0072527495
0.0089656847
0.0140113236
0.0030441352
0.0029663453
0.0029488182
0.0030179690
0.0031958458
0.0035146088
0.0064384805
0.0329512490
0.0240242804
0.0170003558
0.0227018213
0.0244371900
0.0255136890
0.0033850528
0.0027684658
0.0023868644
0.0021648492
0.0020459730
0.0018410183
0.0018749090
0.0020036563
0.0022279498
0.0025156984
0.0043959178
0.0183882687
0.0088248567
0.0109300518
0.0118923836
0.0177570459
0.7026715404
0.0112063529
0.0170754429
0.0260008355
0.0196882041
0.0158264154
0.0222476357
0.0154681365
0.0187910874
0.0030364762
0.0024413612
0.0020872488
0.0019040734
0.0017765884
0.0017982391
0.0018940337
0.0020568101
0.0022783728
0.0025673885
0.0185486667
0.0178204564
0.0072509412
0.0161095619
0.0141420098
0.0121351772
0.0239791502
0.0175680639
0.0169804066
0.0150438062
0.0191156774
0.0187366002
0.0252223433
0.0033421364
0.0027270345
0.0022822560
0.0019965178
0.0018371875
0.0017836678
0.0018034254
0.0019218390
0.0021370987
0.0024712046
0.0185268056
0.0202491253
0.0101334873
0.0109097837
0.0177537767
0.0184222950
0.0098386581
0.0223826466
0.0280711502
0.0031059782
0.0025146252
0.0021099891
0.0018773413
0.0018825369
0.0019173649
0.0021282883
0.0049351344
0.0168146171
0.0149722392
0.0209576735
0.0240897653
0.0179531547
0.0140715090
0.0024112581
0.0020360370
0.0021123167
0.0022577569
0.0125724566
0.0293901461
0.0232168391
0.0024179183
0.0025414020
0.0017765884
0.7026715404