0.0000523794
0.0000509581
0.0000509394
0.0000520521
0.0000542724
0.0000577679
0.0001000117
0.0000714087
0.0000683940
0.0000750900
0.0000885514
0.0000634824
0.0000617344
0.0000604872
0.0000605653
0.0000624986
0.0000668920
0.0000747215
0.0000876177
0.0001576211
0.0004098865
0.0005208455
0.0003705248
0.0003755375
0.0012362203
0.0004905695
0.0000911999
0.0000729743
0.0000620804
0.0000557632
0.0000317654
0.0000318079
0.0000325655
0.0000340474
0.0000364360
0.0000400927
0.0001308293
0.0001546147
0.0000894292
0.0001201422
0.0001491974
0.0002343121
0.0000486423
0.0000472516
0.0000468826
0.0000479813
0.0000509220
0.0000562553
0.0001054988
0.0005534471
0.0004030313
0.0002842455
0.0003810436
0.0004092974
0.0004294003
0.0000548791
0.0000445935
0.0000382379
0.0000345483
0.0000325769
0.0000294438
0.0000300228
0.0000321767
0.0000359124
0.0000406657
0.0000719680
0.0003063404
0.0001466486
0.0001812137
0.0001974246
0.0002956280
0.2183018426
0.0001832386
0.0002800793
0.0004309643
0.0003246532
0.0002612221
0.0003679067
0.0002520311
0.0003132485
0.0000491413
0.0000393290
0.0000334870
0.0000304713
0.0000284152
0.0000287889
0.0000303749
0.0000330422
0.0000366273
0.0000412390
0.0002954036
0.0002889554
0.0001177799
0.0002588867
0.0002278433
0.0001952074
0.0003850927
0.0002805471
0.0002691189
0.0002374415
0.0003046050
0.0002907407
0.0004048742
0.0000536584
0.0000438099
0.0000366178
0.0000319768
0.0000293891
0.0000284105
0.0000287411
0.0000306356
0.0000340174
0.0000391614
0.0002755940
0.0003100780
0.0001533352
0.0001671145
0.0002673826
0.0002746574
0.0001495072
0.0003272605
0.0004211953
0.0000490899
0.0000399661
0.0000335947
0.0000298969
0.0000297444
0.0000302742
0.0000334625
0.0000745231
0.0002367493
0.0002164198
0.0002953906
0.0003358226
0.0002530978
0.0001988353
0.0000378466
0.0000321220
0.0000329550
0.0000350316
0.0001756230
0.0003936768
0.0003119496
0.0000374731
0.0000389676
0.0000284105
0.2183018426