1.1286857062
1.1056119809
1.1093720591
1.1351960144
1.1830255841
1.2563085677
2.0142871054
1.5115707385
1.4764517487
1.5845012270
1.8359406457
1.3907404787
1.3573509605
1.3326426162
1.3338098607
1.3718484885
1.4585473873
1.6121588897
1.8624617578
3.2448751334
7.7777856655
9.5122441548
6.8453133206
7.2605967435
21.0723605470
8.8609886831
1.8378905579
1.5031244998
1.3035492189
1.1887541653
0.7083674757
0.7096970853
0.7260520836
0.7577370191
0.8086707006
0.8866375930
2.7888833773
3.2329432275
1.8562987273
2.5526480168
3.0950281433
4.9363460294
1.0936029612
1.0673392518
1.0612753931
1.0855492644
1.1482040397
1.2601518248
2.3312804424
11.9535384269
8.6046554317
6.1095954712
8.1089425029
8.9798801064
8.8962899585
1.1846387585
0.9717251096
0.8410004121
0.7652252802
0.7248139106
0.6430710168
0.6533811386
0.6950657476
0.7690352669
0.8682875726
1.5789927079
6.8546834619
3.1873693475
4.0357016475
4.3829787233
6.5941218116
275.8311225885
4.2040989249
6.4369529151
9.7869353373
7.3647987565
5.8849715710
8.3323257882
5.7730467582
6.9858718729
1.0591531085
0.8506598695
0.7282693566
0.6652145353
0.6158958174
0.6221574944
0.6535636702
0.7086188079
0.7867504372
0.8933454353
6.9368021012
6.7076503635
2.6806917505
6.0442545534
5.3011067879
4.5413818387
9.0278384353
6.5743314129
6.3238412673
5.5646997804
7.1283988358
6.8718377416
9.4716179728
1.1711038196
0.9500869526
0.7928152828
0.6929719569
0.6374828061
0.6166940264
0.6226916906
0.6633257267
0.7398228358
0.8618263005
6.6283232893
7.4109227576
3.6446148106
3.9666461117
6.4123999178
6.5978035233
3.5325302430
7.8915502042
10.1290811488
1.0852765844
0.8744719634
0.7314725100
0.6498385717
0.6505017402
0.6624191283
0.7370879375
1.7382218355
5.7459415130
5.2270113095
7.1846101768
8.1834167968
6.1332317891
4.7976048864
0.8361016942
0.7044265978
0.7297450305
0.7806794370
4.2514267841
9.6617891255
7.6341810411
0.8357974588
0.8769447257
0.6158958174
275.8311225885