6.3048785628
6.1851324248
6.2112853867
6.3579820332
6.6254618197
7.0328412894
11.0922886333
8.4123298194
8.2537832736
8.8097994635
10.1813077498
7.7968861014
7.6147782122
7.4788552167
7.4845634965
7.6928071889
8.1680003964
9.0089584621
10.3760531654
17.9667979994
42.2082321069
51.1636338088
36.8632908076
39.6682806392
111.5264181223
47.4862961861
10.1150104693
8.3138233552
7.2408289477
6.6250242703
3.9857907967
3.9937305135
4.0851975178
4.2620157536
4.5460752411
4.9809215247
15.5589334405
17.9696916850
10.3039692610
14.2320691663
17.1779046278
27.4768545996
6.1629954653
6.0201836483
5.9883196696
6.1245925302
6.4739075529
7.0962035153
13.0914186432
66.8452729348
48.0131524613
34.1324881407
45.2187488437
50.3581486037
49.3548131119
6.6223206025
5.4423868305
4.7190289872
4.2998942239
4.0764721638
3.6030701191
3.6579477500
3.8849709375
4.2901581820
4.8408919100
8.8531768496
38.5794374771
17.8458670094
22.6964961761
24.6343326513
37.0940958082
492.9061441942
23.7705277668
36.4040114208
55.2351669062
41.5547437965
33.1639201558
47.0028520252
32.6319067643
39.2978818894
5.9187878276
4.7570407467
4.0771048411
3.7269215640
3.4454353445
3.4781608859
3.6501768174
3.9547402449
4.3922613207
4.9964292012
39.3918265430
38.0082388920
15.1363185958
34.2884173585
30.0531613094
25.7454658944
51.2472325871
37.3199486185
35.9180183004
31.5933304708
40.4572699293
39.0769853035
53.7504408891
6.5608955402
5.3159198554
4.4344696058
3.8767035400
3.5668749277
3.4510279026
3.4830814407
3.7097536503
4.1413184868
4.8359468244
37.8227536135
42.2323804364
20.7537237946
22.5764256253
36.5685964111
37.6430402668
20.0933773991
45.0643834861
57.7946914184
6.0959709118
4.9017553015
4.0961099634
3.6376335517
3.6459295663
3.7129920998
4.1370777244
9.8647320630
32.8642558449
29.8608089657
41.1053220452
46.8447852417
35.0697818797
27.4122166968
4.6959506233
3.9504711311
4.1005760528
4.3923385001
24.3076962580
55.4015286307
43.7543043073
4.7034307395
4.9438871220
3.4454353445
492.9061441942