0.0000368615
0.0000369185
0.0000370859
0.0000373383
0.0000376586
0.0000380375
0.0000386746
0.0000390464
0.0000393756
0.0000399814
0.0000404491
0.0000407376
0.0000412243
0.0000417347
0.0000422624
0.0000427866
0.0000432742
0.0000436824
0.0000439643
0.0000443324
0.0000457350
0.0000477508
0.0000447413
0.0000426787
0.0000570402
0.0000411104
0.0000384239
0.0000376910
0.0000372108
0.0000369469
0.0000266954
0.0000266520
0.0000267849
0.0000270820
0.0000275378
0.0000281514
0.0000294826
0.0000303912
0.0000308658
0.0000320361
0.0000330301
0.0000345166
0.0000342008
0.0000349998
0.0000357603
0.0000364649
0.0000370811
0.0000375614
0.0000382443
0.0000419211
0.0000399707
0.0000382838
0.0000375679
0.0000372239
0.0000342226
0.0000304524
0.0000291233
0.0000281141
0.0000273968
0.0000269348
0.0000234171
0.0000233330
0.0000236144
0.0000242598
0.0000252862
0.0000271196
0.0000319674
0.0000309982
0.0000335193
0.0000351405
0.0000378974
0.0000047305
0.0000406221
0.0000440727
0.0000458870
0.0000452136
0.0000427180
0.0000431820
0.0000419233
0.0000348843
0.0000285572
0.0000263446
0.0000248371
0.0000238967
0.0000234813
0.0000233532
0.0000237112
0.0000245781
0.0000260269
0.0000281601
0.0000593435
0.0000454998
0.0000383356
0.0000532041
0.0000512179
0.0000514819
0.0000668286
0.0000646173
0.0000691931
0.0000711380
0.0000691317
0.0000901539
0.0000667948
0.0000350995
0.0000305686
0.0000274400
0.0000253869
0.0000241272
0.0000263488
0.0000262801
0.0000274416
0.0000300929
0.0000347998
0.0002289022
0.0001269642
0.0001159147
0.0000953601
0.0001890637
0.0002548582
0.0001143767
0.0004636941
0.0002655064
0.0000458179
0.0000362240
0.0000306887
0.0000276908
0.0000331409
0.0000337227
0.0000386114
0.0000851034
0.0007801543
0.0004108275
0.0009433296
0.0013366917
0.0008508161
0.0006690276
0.0000460192
0.0000365779
0.0000471350
0.0000533615
0.0007341494
0.0030454253
0.0023903606
0.0000597935
0.0000747015
0.0000047305
0.0030454253