0.0041770397
0.0040643457
0.0040631693
0.0041519813
0.0043289328
0.0046073582
0.0079596462
0.0056927551
0.0054534855
0.0059844061
0.0070527716
0.0050647236
0.0049260947
0.0048270549
0.0048332874
0.0049870115
0.0053362875
0.0059585703
0.0069830701
0.0125452027
0.0325545401
0.0413429751
0.0294268657
0.0298371212
0.0981258335
0.0389616128
0.0072604255
0.0058127283
0.0049474182
0.0044456912
0.0025353754
0.0025387817
0.0025991681
0.0027172790
0.0029076628
0.0031991160
0.0104215545
0.0123080295
0.0071193635
0.0095651189
0.0118673713
0.0186673174
0.0038841749
0.0037738919
0.0037447714
0.0038324662
0.0040667978
0.0044915057
0.0084212998
0.0441067747
0.0320861584
0.0226521183
0.0303393674
0.0326530164
0.0341827166
0.0043759371
0.0035568352
0.0030507601
0.0027569685
0.0025999897
0.0023486484
0.0023946523
0.0025660152
0.0028633644
0.0032422169
0.0057395923
0.0244683289
0.0116913157
0.0144685920
0.0157614799
0.0236126596
18.9970890123
0.0146648446
0.0224195829
0.0344474934
0.0259583025
0.0208744776
0.0294119844
0.0201665968
0.0249996060
0.0039182279
0.0031361555
0.0026707464
0.0024305357
0.0022660409
0.0022957350
0.0024220205
0.0026346042
0.0029207794
0.0032896079
0.0236662731
0.0231355283
0.0094173921
0.0207316150
0.0182434787
0.0156267215
0.0308480225
0.0224649608
0.0215541521
0.0190036471
0.0243879133
0.0232815792
0.0324229606
0.0042802521
0.0034937325
0.0029199630
0.0025499449
0.0023436963
0.0022656227
0.0022919727
0.0024431494
0.0027133928
0.0031251226
0.0220709096
0.0248296388
0.0122682478
0.0133773505
0.0214039475
0.0219739337
0.0119601803
0.0261747898
0.0337424044
0.0039168350
0.0031877589
0.0026791552
0.0023841730
0.0023722636
0.0024146698
0.0026695951
0.0059544819
0.0189005717
0.0173051486
0.0235918289
0.0268028025
0.0202053090
0.0158682458
0.0030190173
0.0025619624
0.0026287888
0.0027949290
0.0140131215
0.0313780439
0.0248718541
0.0029894244
0.0031089776
0.0022656227
18.9970890123