193.4472074129
191.1247051815
192.6883820455
197.5513778173
205.8045041856
218.0109049553
315.8932778366
252.3548149851
254.1276709334
263.5418203671
299.5484242045
243.4607300231
238.5409770329
234.6747779185
234.7144634103
240.4600727464
253.6755907336
276.9199872194
314.2080729855
527.3004161083
1112.1115041926
1246.7406672163
924.3572524311
1080.0767176431
2324.3959094796
1158.9491853382
287.9250595663
242.8542548639
216.1243637103
200.9934538572
126.5264114690
126.8532687735
129.6821048523
135.0889923935
143.7479880066
157.0065735650
475.5029642429
538.5657832879
305.6748423913
433.3197346633
510.3089567252
830.3233938726
197.2313192832
193.4139940591
192.7176279165
196.9931626794
207.6202281367
226.2873827385
412.9320781822
2070.0423759910
1470.4469700715
1051.4605089203
1380.3454777656
1581.2714560041
1466.5371268972
203.7979947410
169.0045525821
147.8497860171
135.6217223145
129.1229904776
112.0164629129
113.3136478663
119.4336075559
130.6959118029
147.0289917928
276.8850137704
1231.9568859939
554.9745287918
721.5202884020
781.2440965408
1181.4829889772
1394.6256740683
774.2223759376
1187.6072515201
1786.0586487143
1341.5621677229
1064.4700160050
1515.4772239600
1060.8036917971
1251.7597170934
181.7327339317
146.5234445843
126.2400179053
115.8215031264
106.2485152508
106.9274074694
111.7005151147
120.5942593210
134.1447724997
153.9192230142
1305.8885818491
1249.0339337427
489.2556181874
1131.8086851362
989.3990884326
847.5469306095
1697.4069288872
1235.4442766329
1191.3964408062
1045.5197090191
1337.6505854891
1301.1924136228
1777.2228502980
203.8709412823
164.1231087499
136.6537122116
119.5538696825
110.0867949814
106.5400913962
107.3105325520
114.2043354312
128.0379228577
151.2359511122
1275.7765353668
1418.3848260095
693.9425696010
754.1308078122
1231.2261637456
1268.9967694866
668.7923838590
1523.6467536448
1949.5607419969
191.6527539914
152.5830015198
126.8772519369
112.4675959339
113.3654213589
115.4871383174
129.4893815665
324.8188709441
1116.7838057949
1010.7059791168
1399.1325721679
1597.0574742432
1190.4689971831
927.5682128697
147.4770720833
123.1807984017
129.0166523134
138.9982485310
824.5032936431
1899.8734992146
1497.1986809447
149.0035405624
157.8831046398
106.2485152508
2324.3959094796