0.0000050042
0.0000048700
0.0000048686
0.0000049743
0.0000051849
0.0000055162
0.0000095112
0.0000068087
0.0000065237
0.0000071584
0.0000084308
0.0000060619
0.0000058973
0.0000057800
0.0000057880
0.0000059716
0.0000063877
0.0000071287
0.0000083484
0.0000149743
0.0000388295
0.0000492576
0.0000351164
0.0000355600
0.0001168609
0.0000464329
0.0000086764
0.0000069523
0.0000059218
0.0000053242
0.0000030408
0.0000030448
0.0000031167
0.0000032574
0.0000034841
0.0000038310
0.0000124131
0.0000146627
0.0000085000
0.0000114083
0.0000141553
0.0000222147
0.0000046501
0.0000045197
0.0000044859
0.0000045909
0.0000048700
0.0000053751
0.0000100410
0.0000523977
0.0000381537
0.0000269360
0.0000360893
0.0000387635
0.0000406364
0.0000052324
0.0000042576
0.0000036550
0.0000033050
0.0000031179
0.0000028163
0.0000028709
0.0000030751
0.0000034295
0.0000038808
0.0000068404
0.0000290133
0.0000139115
0.0000171848
0.0000187223
0.0000280271
0.0204403910
0.0000174025
0.0000265763
0.0000408201
0.0000307972
0.0000247722
0.0000348693
0.0000239257
0.0000296530
0.0000046873
0.0000037556
0.0000032007
0.0000029141
0.0000027185
0.0000027537
0.0000029044
0.0000031581
0.0000034997
0.0000039399
0.0000281208
0.0000274457
0.0000112035
0.0000246224
0.0000216710
0.0000185704
0.0000366262
0.0000267166
0.0000256652
0.0000226615
0.0000290135
0.0000278551
0.0000384768
0.0000051256
0.0000041857
0.0000035002
0.0000030581
0.0000028115
0.0000027211
0.0000027524
0.0000029335
0.0000032578
0.0000037528
0.0000267130
0.0000297948
0.0000147971
0.0000160692
0.0000258275
0.0000266106
0.0000144190
0.0000319113
0.0000406874
0.0000047070
0.0000038285
0.0000032175
0.0000028634
0.0000028547
0.0000029059
0.0000032147
0.0000072091
0.0000234218
0.0000211959
0.0000292044
0.0000333536
0.0000250293
0.0000196421
0.0000036375
0.0000030839
0.0000031733
0.0000033777
0.0000174538
0.0000398127
0.0000315010
0.0000036145
0.0000037701
0.0000027185
0.0204403910