42.0627378433
42.2207619432
42.7045314896
43.4957044624
44.6141193419
46.0893862391
48.2174063905
49.4607400846
50.5794476105
51.2516041052
51.9731251214
52.0898367388
52.4487793573
52.8052135361
53.3312532144
54.1912869797
55.4825561262
57.2067425337
59.2404466899
65.3160400492
72.0008841027
71.2810263866
64.3041193520
66.7929776533
74.5356668829
53.4532034776
46.6553592614
44.3763241841
43.0046485751
42.2892225204
29.9372033017
29.9798292579
30.4001032437
31.2131221667
32.4957839016
34.3834557366
53.5299289699
52.7384660177
42.6082902075
53.4985322705
53.3922323744
74.4946328238
45.4335401775
46.1549850310
46.9459653632
48.0692445097
49.6868938138
51.8184840861
71.5067551708
214.8787618348
146.2074523276
118.8472859621
129.0255461289
201.4705836201
96.4747867584
39.7318630137
35.4962833587
32.8276038936
31.2117068209
30.3131688066
25.3289862507
25.3656975558
26.0742820355
27.5794313093
30.2283597898
52.9254038368
198.0124280179
74.7646953711
118.1232460106
121.1312109623
180.1450311106
8.9834314390
167.1335971976
252.6435675367
327.4681991647
257.2715745245
198.2425381314
285.2908090652
241.4527350617
198.1529904274
36.4192061099
30.7892070549
27.6570884399
26.0136118423
23.9749124006
23.9618716655
24.6982907900
26.3403598982
29.2996807033
34.2787529892
364.1921947563
303.3330973441
109.0969287944
293.2207202888
248.6297009393
215.3517740826
443.9184519640
332.5960739355
336.9635818109
298.6958366108
366.3404539213
407.1322440720
470.3220695436
44.9895885810
35.6125482083
29.8894260044
26.5763018310
24.7709105036
24.8545634015
24.9831855705
26.6497843201
30.4722924298
37.7162531615
466.8050247600
473.2722422360
237.6645271086
247.6903081050
432.3743371660
459.0547823890
223.7591882273
581.7649985218
696.4873361855
47.9250504099
36.2848596011
29.6416016032
26.2344961084
28.0911469791
28.8666020712
33.5567479605
109.2251138911
465.7641920170
397.1028820640
583.2142653514
681.1703669374
493.7948438776
381.1381198223
38.2445418033
30.7989415638
34.7248359515
38.8277813009
347.7221985010
874.0845011072
682.8576422212
41.6363015141
46.7528771654
8.9834314390
874.0845011072