0.0102192058
0.0099513128
0.0099526721
0.0101717180
0.0106043693
0.0112830369
0.0193210324
0.0139053391
0.0133427893
0.0146121288
0.0171814920
0.0124138148
0.0120795898
0.0118400217
0.0118550691
0.0122276433
0.0130740990
0.0145810404
0.0170589347
0.0305236646
0.0785534446
0.0994920835
0.0708597299
0.0720457377
0.2351902369
0.0934754016
0.0176300396
0.0141486879
0.0120683625
0.0108631053
0.0062273815
0.0062361164
0.0063838103
0.0066723887
0.0071374069
0.0078492580
0.0254480860
0.0299807558
0.0173266085
0.0233586867
0.0288889870
0.0454945551
0.0095494756
0.0092839806
0.0092149148
0.0094301857
0.0100028003
0.0110387341
0.0206667433
0.1079399515
0.0784106416
0.0553820741
0.0741119268
0.0800715577
0.0831512927
0.0107065083
0.0087122635
0.0074809289
0.0067661950
0.0063843647
0.0057551241
0.0058654966
0.0062799946
0.0070009781
0.0079248217
0.0140838609
0.0601434141
0.0286329511
0.0355442120
0.0386929346
0.0580139197
59.1525918562
0.0361475002
0.0552747774
0.0848424294
0.0639195800
0.0513473535
0.0724044726
0.0497008716
0.0614472698
0.0095858244
0.0076758283
0.0065410096
0.0059554162
0.0055480204
0.0056188811
0.0059251004
0.0064428828
0.0071441722
0.0080543046
0.0584849173
0.0571224479
0.0232019199
0.0512166299
0.0450469696
0.0385883927
0.0762413932
0.0555315262
0.0532820679
0.0469826073
0.0602639275
0.0575930540
0.0800961839
0.0104871844
0.0085538460
0.0071478286
0.0062428339
0.0057385816
0.0055480161
0.0056113931
0.0059811876
0.0066462772
0.0076653013
0.0546922617
0.0615129694
0.0303739432
0.0331182866
0.0530543240
0.0544817299
0.0295803553
0.0649076815
0.0836115421
0.0096113646
0.0078129754
0.0065628030
0.0058391543
0.0058141989
0.0059185582
0.0065485510
0.0147064382
0.0469228542
0.0429154538
0.0585681167
0.0665726516
0.0501560956
0.0393672882
0.0074078304
0.0062810351
0.0064522081
0.0068651992
0.0347788721
0.0779607761
0.0617618765
0.0073434512
0.0076451771
0.0055480161
59.1525918562