58.5992978141
57.5340825526
57.8086165059
59.1936004509
61.6949759610
65.4913113909
102.4489824749
77.8528660345
76.8554953465
81.5671017718
94.2382182884
72.6660116392
70.9712276607
69.6960448779
69.7326899260
71.6471814353
76.0335315588
83.8003768833
96.4201369888
167.0421232706
387.6883749028
461.2807377041
335.6228602858
366.7841695137
967.1349632263
432.8394638161
93.3161024223
76.8868279766
67.1053638435
61.5003680029
37.1827637252
37.2618868198
38.1174741697
39.7674518923
42.4167293714
46.4737157541
145.5145871269
167.9013771656
95.9466749775
133.0163490508
160.3006299660
257.0419503845
57.5785671587
56.2442661283
55.9423427339
57.2089247816
60.4629100062
66.2613818929
122.4150899316
626.0394636091
449.3240795112
319.3068149337
423.1104826483
471.5591905407
461.4258384022
61.6390128814
50.6791419239
43.9710973565
40.0874693997
38.0193444819
33.5202295437
34.0173049927
36.0986286466
39.8237016226
44.9215735485
82.5143951454
361.2185028942
166.8204001587
212.3720853846
230.6032854669
347.4744236694
1071.8041819432
222.5085039383
340.8991847202
517.4267055453
389.0632846454
310.3735474473
440.0290195339
305.2108993345
367.9217389576
55.0441596794
44.2351149481
37.9219831549
34.6729448769
32.0120394044
32.3036969391
33.8824553472
36.6921628077
40.7528928264
46.3931625401
368.4670839684
355.6635872067
141.4556600428
320.8315900489
281.2095307663
240.8887799943
479.7252792803
349.2245603205
336.0087304280
295.4369816796
378.4560871482
365.3258973616
502.9435238328
61.0487150668
49.4276391956
41.2154312347
36.0270354493
33.1459974765
32.0546404049
32.3419761838
34.4386459657
38.4535261075
44.9432651925
353.4265137595
394.8576725646
193.8739933341
211.0040672721
341.8478800219
351.8156622423
187.6906700526
421.0589079563
540.2603642731
56.7329419647
45.5802491001
38.0677273028
33.7966335847
33.8749730512
34.4930531251
38.4458157100
91.9993676144
306.8650099293
278.9216650430
383.9307091656
437.4610798485
327.4820660359
255.9096271859
43.6751673934
36.7180215182
38.1253900630
40.8485915893
226.9001597177
517.2242250187
408.4406670315
43.7564690394
46.0081616623
32.0120394044
1071.8041819432