736.1322196229
730.5121391234
738.6409892885
758.7022749587
791.2928981208
838.6300234573
1158.3716860008
957.6043735260
977.0349932489
996.0452188176
1126.8002736851
940.3591513375
921.2320140990
905.4811817793
904.3957888882
924.8835093557
973.4109994966
1059.1761316507
1196.4297590296
2016.6356778541
3941.7081539152
4229.7536148979
3115.9345005194
3975.6104884438
7040.3404869288
3764.6237267830
1050.5091406496
899.0417936973
809.7358976186
759.9154454139
491.2815861265
492.7928007362
503.9039916486
524.9501553454
558.5884247897
610.2055103107
1881.3381145164
2118.6642548984
1173.2913230484
1704.6263827020
1988.9898580431
3291.7472110380
770.7767877156
755.5117629569
752.3230266451
768.6194676602
809.8046813485
882.4070951034
1626.3368060919
8250.4628883039
5838.8845733645
4167.4449509400
5483.2542146883
6289.7301082952
5803.0467146059
785.7033639709
652.2741988321
571.7971549188
525.4594851294
500.9388265995
430.3365741342
434.3817916437
455.9639456479
496.6227090492
558.4641262189
1075.6509215305
4886.8585355512
2195.9489150090
2857.0630090598
3099.1471375014
4697.9639533366
1452.5168806404
3053.1723557000
4689.7202450038
7081.1318568345
5304.0482102937
4202.5907598990
5990.2487426045
4165.0375870301
4962.0556797184
698.3348572228
562.5274603494
484.9536858478
445.1744582136
406.0651691543
407.8317481514
424.8890499565
457.8245880200
509.8323205430
587.8750152456
5111.6419106367
4911.1149895857
1919.4947335571
4443.8008620957
3887.4263409617
3327.4489135150
6670.3987136594
4845.7797580038
4662.6997116081
4085.9119262252
5237.4721676501
5070.0347360819
6971.5081602280
784.4376640456
629.7412136275
523.4606262613
457.6447726649
421.1906312008
406.6605659354
408.9513197646
434.7970849125
488.1649020527
579.0906719662
4948.3221122019
5524.0016512908
2693.8012474088
2933.6115462503
4785.5589079086
4925.9505476625
2595.2552741464
5901.1312532323
7574.3400512139
736.8553416537
585.0765415844
485.5428258166
429.8440635421
433.0643535915
440.8695233911
495.0036052303
1253.5336684805
4309.1054899029
3908.7289612178
5402.4180313355
6161.2910108795
4593.6480909193
3576.8721158745
565.3754199676
471.2438817932
493.8109746456
532.4149365174
3176.7237398910
7308.5391421973
5758.5281662157
571.3194657256
605.7177163754
406.0651691543
8250.4628883039