274.4355329994
274.1788885480
277.9529529447
285.3696925011
296.7206851878
312.6922211663
384.8053235222
350.1871620694
358.6017516119
362.7065156190
392.8399480166
353.3491500087
348.7877995929
344.7525200141
344.8731009609
351.4870668636
366.5263654213
392.3058043053
431.9613582012
662.2254020220
1103.9267945789
1142.1787919127
847.2936411660
1108.4900314480
1715.2370548162
900.9146546126
354.7327579293
315.3844731804
292.3285268674
279.8195006288
189.3997814637
189.9718749914
193.8794312129
201.2696086051
213.0617733085
231.0853749858
639.0035657673
689.4775115872
388.7845169183
578.6160380924
642.1504708925
1079.6279060913
298.0133414266
294.7673017132
294.9144395267
301.2898833626
315.8169598817
340.3690517928
601.7627786193
2857.6962056385
1981.1821154416
1442.3115734218
1846.1233171978
2263.3063148110
1826.9896423892
288.1767000023
243.4345815628
216.4945774288
200.9241801556
192.6515684492
162.7565546989
163.7182600638
170.4801275696
183.8306656994
205.7188787697
403.9423578183
1835.3616001650
783.5855076125
1067.3328371582
1146.3665411359
1744.8617463310
140.8992105189
1204.5414305992
1850.8206065408
2726.9877168712
2046.1939483356
1607.3177377063
2307.0733730634
1650.2957378844
1855.2079845276
257.0046034700
208.9292939415
181.9409212204
168.1050734580
152.7484018504
153.0219240592
158.7327600184
170.4906687747
190.2878305708
221.6618942031
2111.9772166747
1982.3669368543
755.3422229767
1812.2605759746
1575.5559999120
1350.2079883581
2730.5045517828
1988.4779502589
1927.3196722091
1686.2415762880
2150.9980810480
2125.7770465735
2854.3959302387
295.4691944187
235.4217001729
195.6671353068
171.6208737126
158.3896920982
153.8230216868
154.5403602952
164.4282641433
185.9059252862
224.0753819363
2137.9946157387
2353.4195062671
1145.9155778080
1240.8936760117
2053.3975890868
2122.5716215934
1095.3846394928
2564.1297079753
3262.2331523062
284.7968256045
222.8934355460
183.9087833174
162.6529359663
166.0301838382
169.4238174107
192.2483226350
525.0936999235
1900.2280185926
1706.3548424175
2385.1164710684
2730.8227240357
2021.4255159037
1567.7549647390
219.4358964908
181.1198232389
193.1187192801
210.3640896974
1400.0545438666
3284.0770509296
2579.6738095485
225.5484899011
242.6227864307
140.8992105189
3284.0770509296