12.1553704283
11.9302731193
11.9808263287
12.2592287203
12.7657852949
13.5361045511
21.1423417995
16.1665367748
15.8453868188
16.9285892483
19.4600623760
15.0147948408
14.6829586167
14.4368257596
14.4548501347
14.8521084274
15.7496044432
17.3310303818
19.8927131658
33.9757716024
79.4177545765
96.6001395242
69.7030665154
74.1851963583
212.2117479854
89.4359656673
19.3372244311
15.9428835248
13.9199481425
12.7587931234
7.7070762693
7.7218068219
7.8955094689
8.2317037958
8.7717501949
9.5975377198
29.3460063734
33.7603327511
19.5078443306
26.8882709459
32.3058984294
51.5628339213
11.9058457347
11.6504173380
11.6006151379
11.8656063671
12.5305610473
13.7066259305
25.0278269549
126.0543144173
90.4021713731
64.4659221923
85.0393464885
95.5088446379
92.1775689053
12.7054796887
10.4714101053
9.1000777126
8.3044744183
7.8798031390
6.9546075613
7.0583806908
7.4903742381
8.2628174696
9.3153658159
17.0029931657
73.7120837098
33.8656871136
43.3640234451
46.9749524767
70.7206844932
445.8029255414
45.9120368519
70.2870633376
106.0271324277
79.8704796896
63.6650858014
90.2935404517
63.1529914366
75.0374640526
11.3686024561
9.1537094739
7.8585493905
7.1912008525
6.6500521489
6.7121027070
7.0413501112
7.6263826256
8.4708845659
9.6439380618
76.9988234270
73.8052271636
29.2617641950
66.7732747322
58.4354297593
50.0850719538
99.8620120331
72.8081469642
70.2368721228
61.7915042381
78.9814152883
76.7973484899
104.7850992918
12.6502883971
10.2420944631
8.5465567211
7.4767684779
6.8830670272
6.6697255620
6.7318674104
7.1715435884
8.0133786942
9.3778339096
75.0224990295
83.3312158205
40.9863445909
44.4896286724
72.3578813749
74.6038732876
39.6144012961
89.6010124291
114.4775097728
11.8160453415
9.4795574559
7.9156547262
7.0296788052
7.0642469711
7.1977600891
8.0339868467
19.4422202791
65.7153004178
59.4778676931
82.2053696907
93.8231661741
70.0908683325
54.7372613702
9.1164058318
7.6566846024
7.9751032660
8.5591059987
48.6287016750
111.5706844049
88.0402772344
9.1637932659
9.6617066293
6.6500521489
445.8029255414