5.0408042501
4.9451989630
4.9661998458
5.0835526575
5.2974608537
5.6232154494
8.8677154246
6.7262391773
6.5995754900
7.0447103916
8.1409743164
6.2342997946
6.0886682171
5.9799549363
5.9844808860
6.1509448151
6.5308447414
7.2031760214
8.2961398803
14.3656216847
33.7472492827
40.8976259208
29.4764000169
31.7166667902
89.1066346363
37.9259565208
8.0852088454
6.6459526621
5.7885871935
5.2965616997
3.1870858464
3.1934422402
3.2665869994
3.4079799033
3.6351259722
3.9828471472
12.4414639113
14.3688099380
8.2397388430
11.3812420406
13.7357256895
21.9718101479
4.9282086786
4.8139959339
4.7884974859
4.8974552152
5.1767821414
5.6744063766
10.4694425446
53.4558049351
38.3949469427
27.2974897255
36.1611150049
40.2749113585
39.4676930572
5.2952092516
4.3517246368
3.7733454441
3.4382216422
3.2595854837
2.8809906028
2.9248600843
3.1063694316
3.4303338985
3.8706925362
7.0795091024
30.8544259297
14.2706243141
18.1515473162
19.7016656733
29.6656622483
461.5633528460
19.0101123252
29.1137147461
44.1726324990
33.2339459467
26.5232284732
37.5893719946
26.0966364716
31.4275483655
4.7327060032
3.8037234823
3.2600365094
2.9800272303
2.7549001935
2.7810525220
2.9185771859
3.1620868935
3.5119216042
3.9950364551
31.5025007993
30.3957714122
12.1041710194
27.4194650549
24.0337546823
20.5886523576
40.9839518787
29.8455751825
28.7241480170
25.2641993692
32.3517419904
31.2466773201
42.9822201394
5.2461601099
4.2506130933
3.5457695131
3.0997633183
2.8520142847
2.7593406741
2.7849529150
2.9661794928
3.3112435465
3.8666671825
30.2421684028
33.7663051619
16.5932600250
18.0526878775
29.2401499539
30.0970409847
16.0657486877
36.0300374506
46.2107782808
4.8742729179
3.9193779272
3.2751722319
2.9085635970
2.9151468668
2.9687486315
3.3078147743
7.8872913617
26.2725763039
23.8724905167
32.8640476772
37.4493160858
28.0345768781
21.9142454283
3.7547335523
3.1586655247
3.2786184573
3.5118644378
19.4326248174
44.2860309523
34.9759211034
3.7606269343
3.9528102638
2.7549001935
461.5633528460