44.8709187454
44.0368340206
44.2364065457
45.2914746304
47.2054012571
50.1151211723
78.7646773355
59.6871502153
58.8309585444
62.5450678100
72.3151240729
55.5816147441
54.2764230693
53.2971651882
53.3277138001
54.8022916003
58.1784593154
64.1579775143
73.8797151697
128.1723365360
299.2615169928
357.4383980522
259.7628296407
282.5290689336
755.6303481544
335.4059705418
71.7541017321
59.0379378898
51.4653240065
47.1230164887
28.4143826686
28.4737859854
29.1284229177
30.3917454409
32.4205583563
35.5272455167
111.3976922388
128.6646038566
73.5741686745
101.8502877363
122.8911170969
196.8874188224
43.9783104084
42.9504305494
42.7163016600
43.6850499419
46.1773219298
50.6214450531
93.5681965113
478.9166170073
343.9202111467
244.3431489212
323.9258215656
360.4880197359
353.6766210603
47.1842960060
38.7759104846
33.6269116219
30.6453983325
29.0573581226
25.6472748693
26.0332924891
27.6386389173
30.5070465560
34.4180562285
63.1117886365
275.9031993834
127.5944878199
162.2577159462
176.1976176848
265.4191964820
974.7809641701
169.7872917763
260.0793480635
394.9495854830
296.9978285757
237.0189208867
335.9327300269
232.9158537365
281.0637866178
42.1429864059
33.8621412646
29.0212907638
26.5295876059
24.5052348447
24.7331503045
25.9490828376
28.1068886989
31.2148059549
35.5173015917
280.9011543782
271.2705576357
107.9880365916
244.6369378854
214.4471752990
183.7053250939
365.7046067362
266.2465618254
256.1326547021
225.2501858110
288.5475649092
278.4459677011
383.4651438703
46.7105470008
37.8327449900
31.5506395892
27.5780522794
25.3717857809
24.5367363790
24.7598681706
26.3665305614
29.4334580867
34.3786203127
269.1869756653
300.8019486542
147.7415282110
160.7940234928
260.3843541037
267.9694134354
143.0646982586
320.6335928322
411.4413387301
43.3816439162
34.8730490643
29.1335118039
25.8677264653
25.9200888651
26.3928854631
29.4072694902
70.1689639407
233.6259566414
212.3899691721
292.2573846641
332.9859391138
249.3283406604
194.8880659399
33.3997684383
28.0908005386
29.1533422314
31.2258134516
172.7672280113
393.5480070609
310.8173457026
33.4461613343
35.1517347841
24.5052348447
974.7809641701