0.0143038697
0.0139512990
0.0139580123
0.0142552551
0.0148370921
0.0157457997
0.0263941397
0.0192229148
0.0185134866
0.0201920853
0.0236062529
0.0173228101
0.0168957342
0.0165958892
0.0166325540
0.0171402715
0.0182713592
0.0202700741
0.0235435233
0.0412564831
0.1046725441
0.1319901377
0.0945421784
0.0960822431
0.3090828153
0.1245623454
0.0241407501
0.0195205757
0.0167579745
0.0151575162
0.0088000392
0.0088114612
0.0090114032
0.0094022340
0.0100309355
0.0109903592
0.0340465731
0.0400846258
0.0235897041
0.0314451724
0.0387927674
0.0604561256
0.0134095760
0.0130848845
0.0130184193
0.0133246538
0.0140989406
0.0154787063
0.0281005571
0.1422861016
0.1037299600
0.0735326103
0.0979431123
0.1058523519
0.1097783647
0.0148192858
0.0121470896
0.0104924628
0.0095291175
0.0090129521
0.0080943729
0.0082398351
0.0087969929
0.0097697489
0.0110231819
0.0192376636
0.0800969943
0.0382788424
0.0476372902
0.0517539525
0.0772373939
2.6873989714
0.0493339192
0.0751451979
0.1137665203
0.0862911499
0.0692768587
0.0974414855
0.0682793555
0.0818114946
0.0133022434
0.0107090177
0.0091675556
0.0083699195
0.0078077177
0.0079004184
0.0083168784
0.0090277406
0.0100013527
0.0112809379
0.0827186737
0.0789101735
0.0319405457
0.0715530299
0.0627041626
0.0538257378
0.1065760647
0.0781694550
0.0757470739
0.0671010135
0.0851347382
0.0839749676
0.1121901297
0.0146882592
0.0119743738
0.0100219270
0.0087709070
0.0080737366
0.0078459479
0.0079318324
0.0084532859
0.0094081008
0.0109021989
0.0835839858
0.0910644168
0.0455482742
0.0489737332
0.0799657455
0.0830440447
0.0441558276
0.1010389427
0.1265934356
0.0137064454
0.0110729796
0.0092835287
0.0082585647
0.0082969417
0.0084530532
0.0093970236
0.0221013004
0.0759720336
0.0676159765
0.0947373432
0.1088989684
0.0810806621
0.0634846366
0.0106472736
0.0089770442
0.0093367121
0.0099949106
0.0567416060
0.1327805055
0.1048159256
0.0107032861
0.0112742050
0.0078077177
2.6873989714