0.6107666714
0.5983996122
0.6004976882
0.6144967526
0.6403718282
0.6799849119
1.0875949320
0.8175987466
0.7989408514
0.8568601976
0.9923487597
0.7529062747
0.7349165588
0.7215896664
0.7222174526
0.7427421470
0.7895222441
0.8723880133
1.0073638258
1.7530925665
4.1914634850
5.1222685510
3.6854862632
3.9144905713
11.3495742421
4.7667149238
0.9924945445
0.8122750512
0.7048439959
0.6430668161
0.3837060187
0.3844305185
0.3932787747
0.4104169456
0.4379645358
0.4801322738
1.5082092506
1.7472506418
1.0031043325
1.3803929005
1.6724099850
2.6685095636
0.5924914673
0.5783494723
0.5751047855
0.5882507267
0.6221388119
0.6826572420
1.2622368702
6.4670170650
4.6533957698
3.3050155066
4.3850559159
4.8608080225
4.8067889588
0.6410645141
0.5260021368
0.4553675505
0.4144246211
0.3925899373
0.3481399945
0.3536846150
0.3761671336
0.4160938347
0.4697604600
0.8548839383
3.7128108450
1.7249609946
2.1856861406
2.3733944723
3.5712092241
212.6048390881
2.2790339878
3.4892760381
5.3030205492
3.9907254225
3.1883382963
4.5146980702
3.1293051171
3.7833945503
0.5731486112
0.4603822424
0.3942120634
0.3601226636
0.3333637816
0.3367247628
0.3536785004
0.3834382778
0.4257431980
0.4835582104
3.7630437427
3.6372963726
1.4528909382
3.2781746419
2.8748387003
2.4626836781
4.8969404042
3.5661345094
3.4304545039
3.0184952121
3.8665196647
3.7287407298
5.1374725111
0.6339821691
0.5142420931
0.4291020451
0.3750769604
0.3450544905
0.3338187523
0.3370487931
0.3590405641
0.4005057804
0.4667232183
3.5986684233
4.0225802890
1.9781095608
2.1526886855
3.4809477493
3.5820613514
1.9167445627
4.2850975670
5.4991720138
0.5877709358
0.4734576252
0.3959797956
0.3517720475
0.3522053319
0.3586670262
0.3991815553
0.9429229161
3.1207699497
2.8383980658
3.9021656432
4.4451543099
3.3310630386
2.6054050415
0.4528280798
0.3814307967
0.3952648741
0.4229387977
2.3089451734
5.2495949077
4.1476692823
0.4528042099
0.4752309976
0.3333637816
212.6048390881