41.0994768138
40.3260099478
40.5033018317
41.4668383892
43.2190873684
45.8855728243
72.3075107511
54.7047416959
53.8761444490
57.3274785510
66.3144990350
50.8784361989
49.6792450363
48.7810268614
48.8104280062
50.1655816009
53.2669832291
58.7604722640
67.6950592625
117.5398715534
275.3413273857
329.4927134615
239.2964346664
259.6444984486
699.5652285703
309.2711411873
65.8769055124
54.1598496832
47.1812754011
43.1780507500
25.9965303620
26.0503280967
26.6496582579
27.8067034835
29.6650364083
32.5106014813
102.0177933513
117.8927105516
67.4459264970
93.2834390073
112.6437743277
180.3529806911
40.2245178542
39.2800876728
39.0642472186
39.9510545994
42.2341542477
46.3067152921
85.6144823088
438.3944353401
314.9410297679
223.7370196102
296.6415125158
329.8892930506
324.1616082443
43.2104420878
35.5007212478
30.7782434950
28.0434564727
26.5866695192
23.4810566353
23.8373912355
25.3137335124
27.9492028223
31.5351829552
57.7670794390
252.3448529270
116.7939267571
148.4177799125
161.1817809108
242.7745974597
971.3582576956
155.2076390090
237.7440329930
361.0963225343
271.5725640374
216.7485966426
307.1704027524
212.9281076420
257.0949908316
38.5972223059
31.0104533274
26.5731567523
24.2889967500
22.4415529223
22.6526585805
23.7699687464
25.7496030949
28.5954375706
32.5277364292
256.6421238628
247.8898259231
98.7417787066
223.5328916764
195.9824875302
167.8810472066
334.1404054067
243.2563433503
234.0295057129
205.8194878883
263.6619420097
254.3713288547
350.4014812927
42.7656819500
34.6446055165
28.8937088348
25.2552267146
23.2343504143
22.4698541062
22.6758166118
24.1480128820
26.9533270468
31.4703692589
245.8149082236
274.7446263054
134.9473276430
146.8836655292
237.7976597299
244.6987651933
130.6855782966
292.8018232009
375.7708677062
39.7045627191
31.9268864026
26.6763555032
23.6874775086
23.7315959810
24.1643930149
26.9190757648
64.1306769483
213.3022639493
193.9263532717
266.8185752284
304.0000453359
227.6417705914
177.9428702839
30.5701066567
25.7166558332
26.6822282505
28.5739900934
157.7454888593
359.2148101126
283.7188934818
30.6045692757
32.1573650896
22.4415529223
971.3582576956