3.7704588796
3.7021604789
3.7193937686
3.8074867651
3.9667395478
4.2084184102
6.5575659521
5.0267560725
4.9312247597
5.2598258149
6.0522833164
4.6702445106
4.5645325345
4.4853091460
4.4890330010
4.6118353136
4.8915478074
5.3856753591
6.1870335232
10.6311275110
24.6955729971
30.0050712727
21.5492917579
23.1889557299
65.8894737431
27.5173408183
5.9882870650
4.9390190388
4.3141580818
3.9559787826
2.3947717136
2.3995771468
2.4540554045
2.5593309808
2.7284200773
2.9871924573
9.2450036703
10.6362924195
6.1002367806
8.4540254903
10.1563345168
16.2794102903
3.7052594262
3.6228003812
3.6053318290
3.6872529391
3.8953458919
4.2647729444
7.8389921992
39.7983505861
28.5311704388
20.3174825075
26.8537503511
30.0869269550
29.1473915495
3.9582233646
3.2584494732
2.8296023707
2.5810610491
2.4485409421
2.1596049103
2.1914908279
2.3252433948
2.5648479217
2.8929433798
5.3059741454
23.1448420140
10.6529720205
13.6085088326
14.7566962509
22.2299050350
389.8807381162
14.3291538071
21.9485552659
33.2201986221
24.9936897728
19.9273034487
28.2638379738
19.6750879119
23.5621798644
3.5385534929
2.8463414397
2.4419001077
2.2335935502
2.0636194533
2.0824908818
2.1843196979
2.3657190977
2.6282815663
2.9936274453
23.8623228846
22.9682205855
9.1208637369
20.7427858094
18.1684758435
15.5647052844
31.0182305167
22.5911875063
21.7584916757
19.1327164857
24.4899274882
23.7064968741
32.5290241692
3.9313120803
3.1826728686
2.6547431636
2.3214725161
2.1364331890
2.0680018288
2.0868508736
2.2227459129
2.4832715235
2.9051447193
23.0253941178
25.6704993529
12.6098320206
13.7105727864
22.2459061104
22.9087347387
12.1955775974
27.4528824638
35.1724400386
3.6619848430
2.9400117867
2.4552055432
2.1800546869
2.1877872832
2.2284904014
2.4858866263
5.9805376256
20.0529835317
18.1991387137
25.0890293280
28.6046774141
21.3916752004
16.7127314810
2.8218206215
2.3712886145
2.4658108996
2.6442238285
14.8305560564
33.8875422522
26.7511950812
2.8313582508
2.9808644658
2.0636194533
389.8807381162