861.1645949079
857.5467458547
868.4882052783
892.3067483047
929.8478977808
983.5632202402
1288.6154008246
1113.3810893604
1139.0408390827
1155.1988982100
1282.9858098212
1107.1384562457
1087.6404723149
1071.0343753937
1070.0085580626
1092.4177477316
1145.2265539252
1237.7685298979
1383.9036585752
2257.6429382454
4117.1044638307
4338.0636627385
3186.5944712561
4169.3895416504
6878.5155135297
3645.9081248896
1174.8083367435
1022.4809996516
932.9931824205
883.6981166290
584.5065807233
586.3503616140
599.1734140471
623.4070031718
662.1067294584
721.4422481657
2151.0160663740
2381.3730106524
1316.2287693390
1944.2669138001
2222.6634636356
3719.8309901551
919.6167666888
904.3370956880
901.9520423850
921.3572233237
968.8314526263
1051.4044778968
1915.0661049563
9525.0035039080
6683.5891863873
4801.5580840223
6261.2817397797
7358.6404576424
6465.0455336786
916.7624110714
765.9864821990
675.2702319946
623.0188010622
595.3585190075
507.2357145388
511.1349805517
534.5296665573
579.5601658571
650.6228342061
1269.7243215824
5802.1258664258
2557.0937211010
3383.0720931919
3658.2190337193
5557.9671618729
992.4398395355
3683.2278882317
5660.5684195750
8481.3538976669
6351.0604459644
5014.3780305485
7168.8827673068
5025.6676343159
5880.4185747132
815.1853896716
658.6329560029
569.9341890157
524.4779101836
477.1035050963
478.5394997972
497.5072306975
535.2696458565
596.7777978106
691.5225160950
6257.8407698782
5969.5383188104
2310.0551066327
5418.8758834689
4730.6309535451
4050.0068360875
8147.3413234817
5920.3690744310
5708.0252259722
4996.2395573436
6397.0965690483
6229.5779093210
8511.0951862029
923.5678046604
738.9166698968
613.9314803069
537.2815856034
494.9288999160
478.5721860630
480.9509845933
511.4035199876
575.8619211970
687.8064710600
6139.4132996265
6827.4633280650
3323.7994206780
3614.6747796721
5926.0777742931
6106.6340625335
3192.1744474886
7332.1733158827
9390.7611647340
875.2976936053
690.9712764800
571.9792183655
506.0532559638
512.1591742302
521.7840284048
588.3134367706
1535.1460017425
5376.9055597409
4862.8625261209
6745.4511411237
7701.8893428334
5727.0387470037
4451.8508238272
672.0797068844
557.9686964310
588.4024228174
636.9039419613
3961.0018350737
9173.8362901363
7219.2868694203
683.3112308251
728.3712881339
477.1035050963
9525.0035039080