43.6831123809
42.8721444707
43.0668436520
44.0939295213
45.9567168640
48.7884377407
76.6517599185
58.1072787650
57.2701409843
60.8864887986
70.3865154645
54.1119385990
52.8427804911
51.8905114844
51.9205519754
53.3555265498
56.6406663779
62.4585540246
71.9166574339
124.7376268866
291.1346436556
347.8145112669
252.7030167563
274.8266457534
735.7788282571
326.2236910942
69.8337667572
57.4638919935
50.0975363291
45.8736179596
27.6659853813
27.7237790964
28.3609211758
29.5905158447
31.5651742947
34.5889066791
108.4147207315
125.1994268667
71.5974279105
99.1250178543
119.5890270814
191.5930810676
42.8204106635
41.8211810088
41.5939897064
42.5372432743
44.9631534915
49.2884552808
91.0902110523
466.1227708831
334.7100871234
237.8367000482
315.2351492464
350.9182921826
344.1435890025
45.9336907940
37.7503696736
32.7391729176
29.8374040322
28.2918024636
24.9702078737
25.3456753766
26.9078370763
29.6994073510
33.5064411408
61.4448321729
268.6146570510
124.1999830136
157.9565711575
171.5385766759
258.3906687155
980.3054588128
165.3284805258
253.2581521503
384.5587779804
289.2140736715
230.7629580295
327.0816555630
226.8334879674
273.6284353582
41.0268435330
32.9663059825
28.2544611176
25.8291376702
23.8579786637
24.0796270885
25.2630396423
27.3635203752
30.3895407925
34.5796012693
273.5704268675
264.1731213261
105.1533745161
238.2415037254
208.8584668874
178.9091409153
356.1817534305
259.2853377132
249.4588878029
219.3718404645
281.0213594803
271.1925776021
373.4737516911
45.4773139396
36.8328711580
30.7167497270
26.8494285404
24.7016551302
23.8891529777
24.1062842259
25.6705880267
28.6572712465
33.4739154014
262.1994146318
293.0035963795
143.8971895114
156.6119058174
253.6386697049
261.0247881737
139.3290291511
312.3419164555
400.8109891511
42.2401251687
33.9536294510
28.3648116570
25.1850826600
25.2371885357
25.6977108467
28.6337489693
68.3434929465
227.5989770616
206.8849922900
284.7147929861
324.4221117413
242.9011392855
189.8449356231
32.5212918523
27.3509837769
28.3872660095
30.4063762195
168.3045105851
383.4462114410
302.8313308990
32.5684472413
34.2310904620
23.8579786637
980.3054588128