612.7544550513
607.2541673811
613.5505082218
630.0154910288
657.0942023999
696.6455005580
979.5921352034
798.1341225816
812.7489423607
831.1121800203
944.8493944961
780.0359815001
763.7131146003
750.4441160949
749.6509776083
767.1056503975
808.3082515293
881.1966269559
998.1902640289
1693.4373668433
3389.7371848292
3668.2065172193
2708.6146037338
3401.4733455394
6240.8415428707
3326.0836584517
887.8980983699
755.7161583366
677.6624448740
633.9270304722
406.3120498799
407.5286854135
416.7644266135
434.2865405020
462.3035467822
505.2890714395
1565.0506313791
1770.6465657984
984.5904582732
1420.1503719145
1666.7278690268
2744.6311640383
636.4577845863
623.4459764596
620.6561768639
634.1689301617
668.4666161426
729.0630345110
1344.9355576119
6839.6940884270
4852.7972364571
3459.4002683857
4559.1952142923
5200.1339327065
4854.1511501030
653.1505164937
541.4144430562
473.9134240976
435.0291153571
414.4420801847
357.1439900747
360.7357836400
379.1672410073
413.6292741575
465.3109168186
890.6951799136
4028.6953527059
1818.9214525660
2357.3290268545
2558.2918626018
3874.7445078506
1544.6104096866
2510.6830986818
3855.2248993735
5826.9544072230
4367.1049188838
3463.4048682863
4932.7058410690
3427.3393348426
4092.8871449676
580.7274205497
467.5587344804
402.7286320826
369.4714846339
337.4759246866
339.1317406344
353.5987875919
381.2220765075
424.3432192413
488.4367642498
4195.3677921941
4033.8779054903
1580.5144064543
3648.3218795600
3192.6340259786
2733.0079300792
5473.7908506993
3977.6212616330
3827.3373009647
3355.6315451151
4300.8259564816
4161.2640120591
5723.1677712774
651.0354653475
523.2341132477
435.0748172947
380.3268172667
349.9881466853
337.9240095557
339.9456561750
361.4645532170
405.4889022661
480.0199648431
4056.6019788068
4528.8825419352
2210.6407803127
2407.1669390533
3923.2401454596
4038.4705659322
2131.2050992153
4837.5365726094
6208.5481696775
610.4977552782
485.5225586559
403.2492314348
357.0983188184
359.4618641841
365.9117657005
410.3940564188
1031.3376973465
3531.6469501513
3204.2473277865
4426.5257273283
5048.2193399772
3765.6130961118
2933.5249323377
468.5596820185
390.9818704195
409.1385256943
440.7062898140
2604.6885095177
5986.0158473831
4717.8277389621
472.8774395745
500.7411225733
337.4759246866
6839.6940884270