12.5479054756
12.3116709838
12.3651913590
12.6582735046
13.1915728695
14.0032117762
22.0531293560
16.7271611184
16.4352255201
17.5187574228
20.2492074691
15.5270461547
15.1640100405
14.8925390536
14.9029681761
15.3165645699
16.2613922123
17.9338403943
20.6525848680
35.7758898287
83.8334814933
101.1973096752
73.0602769450
78.9279077799
218.7520176763
94.1910761876
20.1026190727
16.5303907000
14.4026554973
13.1819371384
7.9382669693
7.9543330188
8.1366927921
8.4890220043
9.0549768504
9.9214529841
31.0245306985
35.8264781492
20.5247844494
28.3744709937
34.2384945811
54.7970133171
12.2787378050
11.9936784341
11.9296973940
12.2008450571
12.8965991588
14.1363592159
26.0934739449
133.3271498879
95.7553248297
68.0643420797
90.1819740606
100.4262856307
98.4260831983
13.1853209411
10.8363226121
9.3968223906
8.5629103327
8.1185003806
7.1719862513
7.2806165042
7.7311678469
8.5357721629
9.6310375071
17.6318294664
76.9213158566
35.5741581461
45.2459824326
49.1173750729
73.9679847838
637.6067065891
47.3800075412
72.5676948049
110.1262393910
82.8420480963
66.1105183062
93.6970900377
65.0282283436
78.3522657553
11.7819878513
9.4687519673
8.1154685350
7.4186120622
6.8562644434
6.9208152138
7.2622455689
7.8674118374
8.7378489869
9.9412397504
78.4808627103
75.7412550640
30.1584356263
68.3212865145
59.8842341951
51.3015673248
102.1256125253
74.3621769650
71.5607874768
62.9375354077
80.6051055795
77.8354471902
107.0994970442
13.0604682392
10.5806340368
8.8253862511
7.7149991165
7.0982314473
6.8667337741
6.9300102272
7.3805709597
8.2393843109
9.6227666757
75.3083297386
84.1082994717
41.3235017626
44.9622826704
72.8240950713
74.9535626055
40.0095978307
89.7187592052
115.0853575964
12.1338508921
9.7555526333
8.1513139923
7.2384647066
7.2545602176
7.3876714960
8.2317235107
19.6366027973
65.4109579338
59.4423267241
81.8202156726
93.2342253102
69.8024434924
54.5594025343
9.3454729383
7.8610975280
8.1596648448
8.7403117728
48.3767194797
110.2456116297
87.0654703157
9.3600685255
9.8385273383
6.8562644434
637.6067065891