0.7661069692
0.7506356564
0.7532905059
0.7708611712
0.8033190191
0.8529989508
1.3634755705
1.0251009974
1.0021787898
1.0743053240
1.2442037883
0.9445264972
0.9219808304
0.9052726535
0.9060547978
0.9317780133
0.9904106163
1.0942673453
1.2634186626
2.1983231527
5.2499915225
6.4095534500
4.6147852523
4.9063156443
14.1614243624
5.9712691261
1.2442287407
1.0184901264
0.8839266156
0.8065527036
0.4814111063
0.4823245271
0.4934249863
0.5149220661
0.5494749725
0.6023666243
1.8918994960
2.1914159727
1.2580000518
1.7314614507
2.0973609282
3.3469376086
0.7434279124
0.7257058344
0.7216439828
0.7381350304
0.7806368596
0.8565298555
1.5836243338
8.1125720764
5.8370983589
4.1457914948
5.5002503859
6.0980922319
6.0279650441
0.8040540225
0.6597927338
0.5712416805
0.5199155695
0.4925450086
0.4366842738
0.4436231017
0.4717855413
0.5218113082
0.5890898602
1.0723681876
4.6584021971
2.1638324970
2.7422173139
2.9777079895
4.4806639119
230.2935217301
2.8598859781
4.3788770432
6.6547579701
5.0077605181
4.0005278638
5.6650751237
3.9268979342
4.7470636916
0.7188332558
0.5774186322
0.4944522160
0.4517119152
0.4181094693
0.4223113018
0.4435518452
0.4808528707
0.5339068132
0.6064519347
4.7229564126
4.5648870157
1.8231182714
4.1143517956
3.6080751757
3.0909687095
6.1461195918
4.4758323531
4.3058049738
3.7886504104
4.8527321095
4.6801081198
6.4478549292
0.7952117504
0.6449778110
0.5381814744
0.4704262110
0.4327754808
0.4186806298
0.4227218739
0.4502966453
0.5023163806
0.5854266252
4.5175475801
5.0494100883
2.4830256069
2.7020881010
4.3699002015
4.4963807070
2.4060305708
5.3793710749
6.9031443037
0.7373256314
0.5938670769
0.4966605291
0.4412045833
0.4417700202
0.4498741197
0.5007185662
1.1834312300
3.9179529349
3.5633039339
4.8992490490
5.5808979558
4.1817672745
3.2707308486
0.5680383601
0.4784415228
0.4958366816
0.5305803508
2.8987927946
6.5914936419
5.2079071752
0.5680572253
0.5962400150
0.4181094693
230.2935217301