262.9322918198
261.9039866204
265.2775084416
272.5510940065
283.9861167048
300.3259604627
391.5533933200
339.7021528614
347.5805783583
352.3934678077
390.6572474074
338.1732600708
332.3174291228
327.3142740866
327.0175606017
333.8175584858
349.8226486561
377.8393243609
422.0139353937
685.9161376049
1242.6281556252
1307.2913886020
960.3478543310
1258.1884173785
2064.1006003245
1092.6402232840
357.2066669127
311.3860106097
284.4759303201
269.6703425168
178.7191993117
179.2830526628
183.1902277703
190.5734197968
202.3632410220
220.4374208547
654.6188798014
723.4179927921
399.9875381361
591.6030092726
674.9127277768
1130.5197128354
281.2339956635
276.6589033024
275.9786486263
281.9142309670
296.3804949024
321.5031182833
584.7450377675
2901.3257354440
2034.2164924361
1462.5093283110
1904.9848593256
2244.9061938683
1961.7652560296
279.7552880999
233.9042254911
206.3208438916
190.4313947374
182.0190226685
154.9660053044
156.1345692779
163.2266037008
176.9046734440
198.5598302233
387.8815776824
1772.9436989732
779.7522642958
1033.4690477970
1117.1156135473
1697.6190906794
276.4176100373
1127.4660318147
1732.8863213485
2594.0500197941
1942.6589757180
1533.1379307843
2192.5020785614
1538.5761873266
1796.4505288652
248.7850894887
201.0763755162
174.0659070672
160.2241254878
145.7235559523
146.1462331980
151.9115075937
163.4208565609
182.2186951742
211.2407724734
1918.9194311560
1828.9626060247
707.0449653282
1660.8081310567
1449.5319115227
1241.0672164243
2497.4923133420
1814.9393688444
1750.2884886622
1531.8766928402
1961.1132301226
1911.0770923300
2608.9431548257
282.1175010030
225.6414621710
187.4714408489
164.0853552984
151.1669335030
146.2009901137
146.9212592123
156.2282294236
175.9702914790
210.3157356266
1885.4910082401
2095.7883734014
1020.1517229675
1109.2543989310
1819.5031310128
1875.1594187548
979.4309866139
2252.2316769596
2883.8179627209
267.6334952019
211.1511882138
174.7474518131
154.5993453669
156.5425126808
159.4990282013
179.9118301309
470.8823731511
1652.4033864170
1493.9739554760
2073.1701736964
2367.3972505739
1759.9198498644
1367.7793821460
205.5233795063
170.5616759003
179.9852178372
194.9001745493
1217.2113618620
2821.1822544096
2219.8285399843
209.0939313052
223.0076588536
145.7235559523
2901.3257354440