461.8869528940
457.3575754197
461.8518511781
474.0914372781
494.3825136689
524.1211718866
744.2781162713
601.7356069941
611.6994123696
627.0953627816
714.3636240194
586.3662243916
574.0486784451
564.1354183242
563.6772859465
577.0130562896
608.3206755768
663.6648205255
752.5730135449
1277.8215898738
2594.5718744996
2826.1281336172
2090.3370246737
2592.2682167090
4888.2469418521
2588.7615609480
674.8490565536
572.7300283569
512.3634825210
478.4450901569
305.0931066001
305.9812877880
312.9088159072
326.0707660108
347.1212767252
379.4051729405
1171.4863111712
1329.0918489637
743.2469619400
1065.1779682225
1254.1188572949
2055.1355731185
477.2700005077
467.5166561091
465.4687043281
475.6553239167
501.4359272834
546.9637160549
1006.9323182508
5109.7291071111
3629.7011487643
2587.5558403194
3409.4886009263
3884.4070662324
3637.8814723159
491.2737153060
407.0903424663
356.1618337707
326.8048511667
311.2507972540
268.7295215285
271.5362171450
285.6233313199
311.8463371712
350.8262131734
668.4632334703
3010.4029661515
1360.2928305524
1762.2875613141
1912.0003638827
2894.2542506779
1449.7449065190
1878.4694232325
2883.5369105486
4354.7716961473
3265.8454319151
2590.9641786477
3688.9109648514
2566.7899887578
3059.0570565222
437.0635687397
351.9229751589
303.0640833596
277.9900491378
254.1841323496
255.5207561538
266.5472714167
287.4630841312
319.8946678320
367.8435877295
3143.3388051142
3019.6411406922
1183.6813091851
2731.8359826685
2390.3707034452
2046.4805606829
4097.9486550692
2979.0418508335
2867.7770658543
2515.0946324197
3222.3994439242
3120.7581194186
4286.5279789269
489.7881144480
393.8650276502
327.6003977568
286.3990851256
263.5649026691
254.5786772512
256.1675326407
272.4194552471
305.4940309778
361.3186578571
3044.8391743410
3396.7443050664
1659.1213567443
1805.9357810598
2943.5897275814
3030.8182837960
1599.7638631068
3632.1633693370
4658.9129657106
459.2984602453
365.4846903945
303.6671486689
268.9693131872
270.7496568866
275.6277405848
309.0291220638
774.9495093464
2653.4734182328
2406.4996126801
3325.4797021332
3792.9031595440
2829.2206645266
2204.4734497941
352.6928408934
294.4197686880
308.0294949927
331.7222489942
1957.5853571662
4500.0870598269
3546.8881376421
355.8959506002
376.7903346327
254.1841323496
5109.7291071111