333.8142706038
330.2527530308
333.2543694092
341.8643019205
356.2749874258
377.4710035496
539.9554658618
434.3222046862
440.0599859254
453.0508403132
515.6124960880
422.0316669815
413.4648905148
406.6467083306
406.5516138296
416.2872958847
438.8624603800
478.6230176868
542.3710756519
911.9850415633
1876.9630815000
2068.3872035768
1535.3591291833
1853.8991894175
3674.3156494822
1918.9034750905
490.6045015497
415.6009430611
371.1911102193
346.1535758326
219.6610037468
220.2651792629
225.1962653686
234.5920496121
249.6286545624
272.6693628958
829.8780396728
939.1989918872
530.2896264489
755.4830904967
888.3841718529
1450.3982379233
343.0622123879
336.3724132806
335.1010043243
342.4820336810
360.9129322331
393.3197854556
719.4995036825
3618.5858916740
2568.3929148504
1835.2664434623
2411.0787605092
2761.9453625568
2560.6399295662
352.9590234613
292.8143404068
256.3389098536
235.2810766648
224.1052563677
193.7952388377
195.8933948994
206.1775326055
225.2432116193
253.3283548765
480.2864415627
2150.0611475031
967.8670242409
1258.6857328708
1363.6305482207
2063.5603017764
1520.6542125308
1349.4936810872
2070.8940414158
3117.2613607151
2339.8101775461
1855.7705271365
2642.8962268728
1846.9581872756
2184.3276048170
314.4122763602
253.4337746471
218.3992504804
200.4123616635
183.5159747343
184.5600026203
192.6161766924
207.8010510638
231.2116537957
265.6973787845
2272.3993080781
2175.5786233173
851.4993504503
1970.9703536953
1723.2805675711
1475.8488304804
2956.7059087192
2151.0250204876
2073.1973125034
1818.7350674011
2327.9476841381
2261.9850385242
3094.2786432851
352.8893285107
283.8374200194
236.2074395592
206.6066213127
190.2149840839
183.9567328531
185.1847325788
197.0073424109
220.9608121753
261.3521443533
2215.6927340711
2465.6542875962
1205.2568763044
1310.4782580505
2139.4823279262
2204.6303953261
1161.4338810142
2645.4052945569
3387.3424876875
331.7223925115
263.8586456516
219.2618410371
194.2767618883
195.8117285536
199.4266982627
223.7036955075
563.1301796687
1937.3676692274
1754.1658770228
2427.8225052081
2770.7051932676
2065.2236510718
1608.9300753488
255.0467778453
212.8725093457
223.0140961489
240.3305404668
1429.7596222369
3294.0794513217
2595.6664383025
257.7312130341
273.1636495880
183.5159747343
3674.3156494822