0.1305004353
0.1277152403
0.1280654513
0.1309845832
0.1364555866
0.1448721170
0.2341060270
0.1753518850
0.1701999292
0.1837758716
0.2128501651
0.1602323256
0.1564149151
0.1536198401
0.1538111593
0.1582556595
0.1683222519
0.1861334849
0.2151548599
0.3737801549
0.9077786830
1.1291206709
0.8068166223
0.8401708610
2.5890752075
1.0439345602
0.2140482570
0.1746594144
0.1511597244
0.1376191864
0.0815714760
0.0817109608
0.0835829397
0.0872202281
0.0930705842
0.1020204344
0.3188217263
0.3697932145
0.2134819188
0.2921745985
0.3546373913
0.5636888964
0.1256944315
0.1227139372
0.1220498526
0.1248598943
0.1320670129
0.1449239812
0.2671734577
1.3640969046
0.9826375495
0.6983465360
0.9259880651
1.0258823807
1.0159368694
0.1365807012
0.1120323102
0.0969289159
0.0881642530
0.0834838696
0.0742596861
0.0754832539
0.0803675190
0.0890086015
0.1005127875
0.1817765891
0.7841920110
0.3648673991
0.4620206290
0.5013715653
0.7537090739
203.7279196944
0.4820450469
0.7377045576
1.1199311207
0.8434917323
0.6742197700
0.9543669208
0.6628038380
0.7991881822
0.1222466891
0.0982261853
0.0840949676
0.0768088984
0.0712237287
0.0719791902
0.0756573093
0.0820701455
0.0911125682
0.1033740480
0.7978328836
0.7701350966
0.3079758731
0.6944030899
0.6087918678
0.5216686451
1.0368082578
0.7555142556
0.7273022256
0.6402753920
0.8196344518
0.7916949742
1.0883373187
0.1351742260
0.1097402755
0.0916206652
0.0801032922
0.0737016178
0.0713548086
0.0720766107
0.0768036007
0.0856509294
0.0997084386
0.7654009557
0.8542942488
0.4206164263
0.4573694229
0.7397961782
0.7615772791
0.4075973671
0.9118142336
1.1687981105
0.1253609023
0.1010646419
0.0845787946
0.0751654625
0.0752746640
0.0766734176
0.0853091103
0.2009155809
0.6650927595
0.6043460316
0.8314047476
0.9473655337
0.7098331597
0.5553234700
0.0966755081
0.0814851566
0.0844363455
0.0903348457
0.4923271868
1.1201588953
0.8850688755
0.0966744401
0.1014536628
0.0712237287
203.7279196944