13.2649086872
13.0178822002
13.0738737193
13.3803781644
13.9378969291
14.7858904150
23.1641411156
17.6623991161
17.3269224518
18.4943575692
21.3052556086
16.3987274251
16.0273696446
15.7508085704
15.7666050115
16.2014393673
17.1887212199
18.9318655250
21.7598567932
37.3915924194
87.4571456883
106.0861440233
76.5237172092
81.9647306313
231.8609049609
98.3270645925
21.1603954295
17.4278884242
15.2040099889
13.9278471888
8.4039638353
8.4204367294
8.6113793850
8.9806488620
9.5738095859
10.4812962481
32.3631192068
37.2893225464
21.4585451260
29.6270234684
35.6562009003
56.9944608333
12.9893774024
12.7009282795
12.6408753768
12.9289717143
13.6588571948
14.9539385656
27.4325974696
139.0324424977
99.7745728101
71.0501226045
93.9054491198
105.0698969380
102.0961264354
13.8979172096
11.4406023784
9.9333517451
9.0594567072
8.5933170951
7.5870454189
7.7008814989
8.1742480925
9.0203116463
10.1729317125
18.5920258138
80.8188212117
37.2423554786
47.5452511423
51.5523131223
77.6182692649
482.5283658043
50.0952393531
76.7029202088
116.0074522356
87.3391685398
69.6512652709
98.7536652215
68.8408580686
82.2926700181
12.4282185976
9.9989958575
8.5782431026
7.8463643435
7.2539675104
7.3218272493
7.6817507266
8.3207235529
9.2418453136
10.5189273943
83.5720488116
80.3349727310
31.9125442385
72.5916227674
63.5706019002
54.4750993464
108.5395372643
79.0923846695
76.2234313992
67.0509095796
85.7733073890
83.1653112808
113.8621964252
13.8070887522
11.1816084810
9.3289292706
8.1586787025
7.5089636362
7.2711304986
7.3385008596
7.8168505087
8.7311358708
10.2092651244
80.9339019647
90.0887837021
44.2936099052
48.1235795153
78.1369442063
80.5098001214
42.8414122301
96.5709425627
123.5659361152
12.8678972604
10.3327048502
8.6303308567
7.6641058837
7.6932677698
7.8368706319
8.7411173349
21.0272657760
70.6697513293
64.0580486377
88.3983496006
100.8326224630
75.3904747804
58.8979784642
9.9210562742
8.3377078678
8.6721434867
9.2998259504
52.2863753134
119.6581761047
94.4531045165
9.9579506791
10.4860170407
7.2539675104
482.5283658043