0.5414296817
0.5301589595
0.5317491051
0.5438916940
0.5665295357
0.6012829372
0.9653257196
0.7261179117
0.7058131775
0.7608298964
0.8797665182
0.6653790181
0.6497921670
0.6383659001
0.6391909657
0.6574890138
0.6988765713
0.7720281808
0.8910761899
1.5419793439
3.7198337771
4.6146438521
3.3008677479
3.4470038377
10.5239575770
4.2633665153
0.8828363864
0.7218181836
0.6257666736
0.5704549072
0.3393556628
0.3399447045
0.3476950356
0.3627459033
0.3869483735
0.4239660755
1.3173821828
1.5256559127
0.8816380216
1.2075282890
1.4628685613
2.3258292377
0.5230531106
0.5109350758
0.5083205599
0.5200138097
0.5498303110
0.6029083996
1.1084141245
5.6387487569
4.0589308842
2.8868144198
3.8232930170
4.2476261937
4.1847703196
0.5662916775
0.4650068699
0.4027069560
0.3665503351
0.3472411706
0.3084328697
0.3134219821
0.3334867388
0.3690529395
0.4165988869
0.7542559315
3.2541361991
1.5103448765
1.9169706016
2.0792358232
3.1261305894
375.8315563620
2.0070329344
3.0713910183
4.6548690914
3.5066397388
2.8013671831
3.9666339612
2.7605032000
3.3156562993
0.5068995241
0.4075167764
0.3491100789
0.3189959581
0.2956798404
0.2987454635
0.3138936913
0.3403973534
0.3779340955
0.4290715267
3.3337514642
3.2116259670
1.2820058455
2.8984978937
2.5399653321
2.1767196819
4.3290935571
3.1554817086
3.0396865196
2.6758490910
3.4236246557
3.3135533848
4.5441851413
0.5613055542
0.4554620903
0.3802437584
0.3325027372
0.3059746493
0.2963269040
0.2992833112
0.3189020644
0.3557857680
0.4146331980
3.2131963892
3.5806073003
1.7629684628
1.9158729438
3.1034717547
3.1964701195
1.7073931505
3.8310340342
4.9049066003
0.5214884976
0.4199789259
0.3513163032
0.3121786791
0.3129042958
0.3187496414
0.3549039020
0.8410415298
2.7995527402
2.5405102422
3.4999112980
3.9902096912
2.9873115891
2.3361139482
0.4022759162
0.3388049070
0.3515172646
0.3763511596
2.0724541687
4.7266997008
3.7334715102
0.4027920871
0.4231865367
0.2956798404
375.8315563620