0.0043145262
0.0042081258
0.0042124428
0.0043066482
0.0044894188
0.0047743055
0.0080359907
0.0058467522
0.0056365120
0.0061400158
0.0071914487
0.0052614433
0.0051238234
0.0050243611
0.0050301697
0.0051843467
0.0055349397
0.0061583470
0.0071811029
0.0127629302
0.0322547334
0.0405167442
0.0289040526
0.0297168640
0.0944811229
0.0379711744
0.0073316892
0.0059126402
0.0050651722
0.0045750547
0.0026502706
0.0026543424
0.0027167618
0.0028384318
0.0030343550
0.0033342686
0.0107258537
0.0125782188
0.0072586955
0.0098352261
0.0121057484
0.0191255473
0.0040716217
0.0039625147
0.0039348957
0.0040263507
0.0042676671
0.0047027868
0.0087798065
0.0456156981
0.0330619039
0.0233839803
0.0312474112
0.0339531233
0.0348162405
0.0045228928
0.0036882305
0.0031736479
0.0028750706
0.0027156395
0.0024374570
0.0024820923
0.0026528295
0.0029513391
0.0033385493
0.0059715888
0.0256094134
0.0121173664
0.0151196139
0.0164556506
0.0246904432
47.3213108457
0.0154780476
0.0236780452
0.0362655247
0.0273078595
0.0219087149
0.0309206637
0.0212794476
0.0261322944
0.0040478877
0.0032438820
0.0027676988
0.0025220750
0.0023456166
0.0023739012
0.0025006757
0.0027170682
0.0030138628
0.0034044162
0.0251670601
0.0245238432
0.0099174797
0.0220167698
0.0193538465
0.0165591654
0.0327859847
0.0239009463
0.0229508535
0.0202042575
0.0259228075
0.0248324073
0.0344332814
0.0044409774
0.0036170698
0.0030213867
0.0026393715
0.0024266523
0.0023464043
0.0023721123
0.0025280020
0.0028119000
0.0032517758
0.0236927642
0.0265902387
0.0131136729
0.0142980296
0.0229569152
0.0235812860
0.0127582899
0.0281353170
0.0362121155
0.0040821563
0.0033104869
0.0027776416
0.0024703554
0.0024632300
0.0025076682
0.0027788077
0.0063204719
0.0203775702
0.0186082640
0.0254492682
0.0289395176
0.0217756356
0.0170671355
0.0031457973
0.0026627423
0.0027414385
0.0029211705
0.0150961349
0.0339649203
0.0268942736
0.0031254111
0.0032606353
0.0023456166
47.3213108457