216.8936974711
214.5140227556
216.3810166272
221.8695125110
231.0930973226
244.6745268282
349.5118427175
282.1214610236
284.7809589334
294.3874872994
333.4225104450
273.5371827478
268.2010064472
263.9768502427
264.0290000296
270.3571191246
284.8951305326
310.4137561948
351.2252271609
584.8494755803
1210.4685122721
1347.1953828891
1000.6660952788
1180.6431521610
2466.3201427623
1245.6426424691
318.8286518443
270.1250326879
241.2602452022
224.9602735691
142.5872915410
142.9625517343
146.1259697458
152.1657508676
161.8345814575
176.6367744394
530.1940160659
598.1963241240
339.5823256620
483.0385700652
566.1808707927
923.2186402211
222.4578257091
218.3437435473
217.6515745763
222.4686278748
234.3374137415
255.1110070398
463.9024395419
2312.9561711210
1639.6751733802
1174.2938754391
1538.1011125209
1772.6567334759
1624.7313024031
228.3664114465
189.7215992684
166.2453717876
152.6756512770
145.4642240374
125.8544915700
127.2393821853
133.9477246884
146.3627900002
164.5629517191
311.0695333264
1386.4954656451
621.4129144333
811.5282463771
878.0091200640
1328.5724945866
1436.0011344002
875.4772093015
1343.0713147719
2015.2790523063
1513.7548805341
1199.8807138651
1709.5902115961
1199.6696050391
1408.0870602234
203.6376868514
164.3187642773
141.7213300133
130.1160943466
119.2497522441
119.9559881045
125.2213162264
135.1190110635
150.3446655001
172.7550005018
1483.2634851559
1415.5071519990
552.8315446561
1284.0373074155
1121.7455496584
960.9795933700
1926.6478844079
1402.4789173174
1353.3667038693
1187.3105776265
1518.4449182902
1480.0260503453
2016.9797789949
228.9961334388
184.1647709045
153.3152054054
134.1644820444
123.5679019029
119.6304726666
120.4632336069
128.1957665647
143.8402424516
170.2435097659
1455.6377958736
1616.1711886685
790.3877150386
858.5090421509
1403.9459999937
1447.5876765750
761.0588082262
1739.5280313865
2223.9373217163
215.8316460477
171.5341152547
142.5243221681
126.3083730917
127.4808598762
129.8869325490
145.8099635649
369.1253276964
1276.9281899342
1154.4116644785
1600.1000280776
1827.2018566630
1360.8733662574
1059.7643236701
166.1126870664
138.5757486911
145.4108247811
156.8394523408
942.5650113861
2176.8953686926
1714.8463644074
168.1380654285
178.4452985990
119.2497522441
2466.3201427623