0.0086106503
0.0083849468
0.0083863301
0.0085713330
0.0089365548
0.0095093914
0.0162911738
0.0117185524
0.0112480708
0.0123143274
0.0144850269
0.0104621483
0.0101793622
0.0099765078
0.0099886967
0.0103027780
0.0110169751
0.0122889156
0.0143809501
0.0257599298
0.0662968236
0.0838894274
0.0597535564
0.0608315659
0.1980418494
0.0788262741
0.0148595810
0.0119238491
0.0101696713
0.0091534579
0.0052468603
0.0052542956
0.0053789464
0.0056224394
0.0060147921
0.0066154636
0.0214889018
0.0253189560
0.0146217848
0.0197188533
0.0243948865
0.0384215698
0.0080468886
0.0078219805
0.0077630587
0.0079442802
0.0084272775
0.0093016506
0.0174269359
0.0911476876
0.0662387489
0.0467618581
0.0625967562
0.0675753126
0.0702708803
0.0090259175
0.0073430677
0.0063041987
0.0057012697
0.0053792202
0.0048492448
0.0049423163
0.0052918017
0.0058996743
0.0066786233
0.0118705607
0.0507342763
0.0241671759
0.0299832722
0.0326450838
0.0489409732
66.0316935766
0.0304589872
0.0465823440
0.0715281308
0.0538769710
0.0432913493
0.0610364027
0.0418700076
0.0518196181
0.0080801559
0.0064691722
0.0055120236
0.0050181489
0.0046745516
0.0047342681
0.0049923549
0.0054287006
0.0060195731
0.0067861469
0.0492231273
0.0481090132
0.0195466734
0.0431223147
0.0379419480
0.0324948527
0.0642065793
0.0467506723
0.0448408553
0.0395434374
0.0507352726
0.0484567782
0.0674425634
0.0088373135
0.0072084024
0.0060232921
0.0052603455
0.0048352164
0.0046739848
0.0047273223
0.0050387333
0.0055986267
0.0064559975
0.0459736297
0.0517397951
0.0255393358
0.0278495596
0.0446014423
0.0458011224
0.0248807807
0.0545460219
0.0702919994
0.0080957126
0.0065820220
0.0055290561
0.0049193391
0.0048972385
0.0049849106
0.0055147553
0.0123704347
0.0394150671
0.0360620916
0.0491959211
0.0559051524
0.0421239738
0.0330615620
0.0062386982
0.0052903721
0.0054329912
0.0057798192
0.0292096906
0.0654415030
0.0518379670
0.0061825938
0.0064349609
0.0046739848
66.0316935766