1.4703874385
1.4425466313
1.4482372517
1.4815981554
1.5426151740
1.6355735353
2.5635999832
1.9613445183
1.9142633160
2.0532865610
2.3578890458
1.8135930614
1.7736401547
1.7441255687
1.7465517921
1.7948477096
1.9037038570
2.0954244982
2.4059854325
4.1037001750
9.6588950353
11.8914714264
8.5266888236
8.9703626669
26.7637433691
10.9067952052
2.3475962635
1.9332389432
1.6862144538
1.5443062673
0.9306103024
0.9323101717
0.9532306488
0.9937849259
1.0589531997
1.1585791121
3.5351176450
4.0655213210
2.3525153987
3.2392539153
3.8916063734
6.2075621912
1.4365657932
1.4058732944
1.3999725220
1.4320356057
1.5123520911
1.6543438171
3.0183337392
15.1823415500
10.8886305197
7.7686524613
10.2431568357
11.5106896853
11.0966407107
1.5356363701
1.2654397667
1.0994254951
1.0030591663
0.9515886404
0.8409731036
0.8537122485
0.9063831319
1.0004286753
1.1281039001
2.0549492395
8.8888336306
4.0847695501
5.2303248762
5.6637929643
8.5244410355
202.5506887542
5.5379844623
8.4769599235
12.7835742323
9.6317280477
7.6786591313
10.8896670963
7.6200939845
9.0481973250
1.3747666005
1.1070526002
0.9503403922
0.8695603881
0.8047048981
0.8123951340
0.8525225913
0.9236286721
1.0259499549
1.1676615152
9.2920220169
8.9049830513
3.5324795235
8.0564706983
7.0501321590
6.0429230130
12.0463903998
8.7840231108
8.4747935502
7.4565306168
9.5299140737
9.2683114540
12.6419470822
1.5294962034
1.2387769329
1.0339319111
0.9045953692
0.8328095701
0.8072245960
0.8149077793
0.8682784756
0.9701543914
1.1349162297
9.0558915414
10.0566772051
4.9478930991
5.3700125586
8.7326841529
9.0043074069
4.7822069954
10.8149181128
13.8155398942
1.4286064733
1.1465773765
0.9576945605
0.8506532391
0.8548642647
0.8711233724
0.9722184128
2.3488446339
7.9338687123
7.1799755892
9.9234039200
11.3260477999
8.4615854855
6.6088503787
1.1025958528
0.9263573473
0.9647765256
1.0353422109
5.8714736978
13.4698871927
10.6296294928
1.1082228563
1.1682995808
0.8047048981
202.5506887542