0.7130382964
0.6990956578
0.7018078402
0.7182525810
0.7484283572
0.7944939216
1.2597672870
0.9532209652
0.9326345682
0.9982928841
1.1538150670
0.8803527158
0.8596850571
0.8443150661
0.8450359917
0.8687515988
0.9227967842
1.0184493691
1.1740349024
2.0347203973
4.8178803629
5.8798962096
4.2259310113
4.5082391772
13.0205817882
5.4464591914
1.1501341484
0.9436400420
0.8205841114
0.7498919559
0.4495622996
0.4504282910
0.4607484135
0.4807227484
0.5128214635
0.5619530584
1.7568451346
2.0305959381
1.1651726876
1.6073848773
1.9418605916
3.1034472406
0.6946508224
0.6784407815
0.6748105087
0.6902044758
0.7296982528
0.8000923425
1.4765551041
7.5428536997
5.4210174139
3.8534184888
5.1062293581
5.6802101081
5.5791297075
0.7484418160
0.6147677426
0.5327536680
0.4852169834
0.4598673339
0.4070646897
0.4133886286
0.4393166436
0.4854969750
0.5479606128
0.9998556872
4.3488639028
2.0143551335
2.5591336395
2.7776801401
4.1809227362
218.3491566269
2.6768539776
4.0991184250
6.2214451007
4.6814965351
3.7374198544
5.2953436624
3.6754533254
4.4299400231
0.6691153334
0.5377145645
0.4607191034
0.4210557278
0.3895167656
0.3933218630
0.4129359418
0.4475355539
0.4970216611
0.5650657589
4.4324300603
4.2784156190
1.7056835479
3.8586263571
3.3823498537
2.8977032971
5.7657522091
4.1989341746
4.0409574668
3.5548445819
4.5524062227
4.3954560418
6.0481520056
0.7411949118
0.6008241913
0.5012876245
0.4382347662
0.4032053333
0.3901454055
0.3938483725
0.4195320463
0.4682297371
0.5463605935
4.2510570564
4.7477744842
2.3338527204
2.5391602541
4.1105639188
4.2307846992
2.2600679712
5.0639291897
6.4953673672
0.6882295392
0.5537743353
0.4629253319
0.4111795552
0.4119992542
0.4195953050
0.4673493205
1.1106184392
3.6917790447
3.3553169808
4.6171882188
5.2609670326
3.9396529507
3.0802482012
0.5302573443
0.4463061293
0.4630220765
0.4958014122
2.7310585955
6.2193506940
4.9124798816
0.5308289183
0.5576962623
0.3895167656
218.3491566269