3.8175949478
3.7479098651
3.7651819553
3.8544687980
4.0160612377
4.2614236455
6.6557510331
5.0903757624
4.9956235805
5.3272614269
6.1373917786
4.7282425746
4.6202322507
4.5393054323
4.5428446921
4.6675164025
4.9517923952
5.4542887352
6.2697515982
10.7979078054
25.1265526824
30.4848563083
21.9128639804
23.6202923121
66.7366288258
28.0249380987
6.0746689837
5.0069059136
4.3710318361
4.0064940834
2.4227867743
2.4276691211
2.4829353022
2.5897190939
2.7612308561
3.0237428774
9.3858118508
10.8090731339
6.1969069987
8.5829966531
10.3234837547
16.5414965835
3.7485046227
3.6640956773
3.6459031551
3.7287357073
3.9397527342
4.3147639335
7.9403879434
40.3872861684
28.9671884416
20.6173575425
27.2691667976
30.5015151836
29.6423113663
4.0096378468
3.2993067794
2.8640289050
2.6117980080
2.4773330345
2.1857917750
2.2182312592
2.3540242170
2.5971352078
2.9296650251
5.3716695301
23.4360640178
10.8011182782
13.7808490328
14.9488377182
22.5166393706
401.6630130420
14.4896410514
22.1929545055
33.6124598900
25.2888788199
20.1681145291
28.5984555204
19.8912042970
23.8619331119
3.5840599934
2.8822203226
2.4720352444
2.2607784360
2.0888224854
2.1080256347
2.2112905564
2.3950636960
2.6607150045
3.0298386393
24.0928182562
23.2070595951
9.2214548193
20.9505769169
18.3541461108
15.7250621900
31.3263196954
22.8151622628
21.9669577770
19.3173089315
24.7308592053
23.9215621550
32.8498586557
3.9795008056
3.2222271362
2.6876860051
2.3500550521
2.1625650120
2.0929131532
2.1120065131
2.2494612438
2.5126527740
2.9383094870
23.2100659652
25.8894838483
12.7179823505
13.8307802575
22.4299875224
23.0947266764
12.3040788017
27.6661771773
35.4581145007
3.7042169745
2.9750190572
2.4847682199
2.2063260180
2.2133459871
2.2543530081
2.5140111421
6.0346525044
20.2010313738
18.3389768851
25.2676368005
28.8063501115
21.5523735650
16.8385246950
2.8539330875
2.3988691939
2.4932693248
2.6728809114
14.9383189607
34.1068371448
26.9260770090
2.8621649871
3.0119925238
2.0888224854
401.6630130420