1.1019778349
1.0801210492
1.0840907547
1.1093306845
1.1558112471
1.2268569345
1.9506302962
1.4741430441
1.4400726011
1.5440483992
1.7847321439
1.3590118490
1.3271610503
1.3035624759
1.3048296861
1.3416124609
1.4252596759
1.5732390865
1.8139529553
3.1418521143
7.4711324372
9.1543460647
6.5718556607
6.9751708144
20.4341390391
8.4731894114
1.7815860711
1.4606525369
1.2693518009
1.1593918798
0.6938984515
0.6952022494
0.7111036084
0.7419051048
0.7914095496
0.8671661951
2.7053811256
3.1284095461
1.7987090853
2.4765528634
2.9938879417
4.7779638916
1.0714713401
1.0465605148
1.0410514451
1.0648516883
1.1257809885
1.2343263985
2.2749334673
11.6047650797
8.3439893840
5.9321469516
7.8591668497
8.7401615517
8.5905671429
1.1555916941
0.9492108044
0.8225065207
0.7490409265
0.7098489881
0.6288430894
0.6386996638
0.6789354111
0.7505208429
0.8470859462
1.5424595094
6.6938463901
3.1020053498
3.9402991198
4.2758984120
6.4339909549
239.7527250844
4.1236222824
6.3134431548
9.5770515883
7.2090134851
5.7561602632
8.1544070463
5.6648904343
6.8191264899
1.0334663041
0.8306452434
0.7117150229
0.6504338204
0.6020077097
0.6079689457
0.6383978181
0.6919762564
0.7684390478
0.8733618580
6.8364027295
6.5938208260
2.6293856788
5.9486509177
5.2138417592
4.4672199980
8.8880714734
6.4746021981
6.2331118709
5.4842888071
7.0209888747
6.7853496384
9.3248615515
1.1448304090
0.9282339601
0.7745852396
0.6772138457
0.6231155101
0.6030971267
0.6088890955
0.6486472156
0.7238929094
0.8444841156
6.5697216780
7.3311525099
3.6055733433
3.9209991148
6.3497978298
6.5373043140
3.4915179846
7.8288475817
10.0345520735
1.0633794719
0.8557542379
0.7154639597
0.6355525144
0.6369329171
0.6487212551
0.7225335125
1.7167960813
5.7126681174
5.1887785608
7.1436967773
8.1416721278
6.0959385374
4.7661987281
0.8196015390
0.6899054224
0.7158513613
0.7665565228
4.2268500330
9.6332674672
7.6087992785
0.8206450638
0.8622897533
0.6020077097
239.7527250844