1.0696087486
1.0478193020
1.0514245054
1.0759149699
1.1212399803
1.1906651281
1.9074800312
1.4321067482
1.3991905137
1.5010768190
1.7390678588
1.3181663426
1.2865702196
1.2631801877
1.2642841634
1.3002977187
1.3823801768
1.5278009589
1.7647272410
3.0735306807
7.3608503068
8.9954419630
6.4749671926
6.8722715065
19.9101838276
8.3801077117
1.7403976660
1.4237438175
1.2349723578
1.1264026738
0.6715308876
0.6727954473
0.6882947652
0.7183185344
0.7665801999
0.8404563368
2.6425599123
3.0626185861
1.7584144998
2.4186325184
2.9316848776
4.6766155460
1.0368097059
1.0119610861
1.0062362538
1.0292467755
1.0886142000
1.1946699911
2.2097080415
11.3279878567
8.1531588155
5.7895035165
7.6829804060
8.5111426464
8.4270357318
1.1226396892
0.9209642268
0.7971483893
0.7253792726
0.6871052593
0.6094989151
0.6192498299
0.6587081339
0.7287441439
0.8227709263
1.4966245532
6.4980858694
3.0206875641
3.8255834473
4.1546335236
6.2509501432
271.7223120404
3.9865587640
6.1039734847
9.2792650089
6.9830184883
5.5794079303
7.9002670240
5.4741898322
6.6222754351
1.0037049622
0.8061594112
0.6902138446
0.6304813640
0.5836966310
0.5896143768
0.6193509753
0.6715021040
0.7455536762
0.8466403365
6.5794109468
6.3613108719
2.5418184599
5.7324220520
5.0273801249
4.3069600832
8.5626036101
6.2354106825
5.9980548869
5.2778323625
6.7610903485
6.5183050463
8.9833233866
1.1099502050
0.9004134478
0.7513521980
0.6567383666
0.6041580807
0.5844638632
0.5901377857
0.6286447244
0.7011756257
0.8169065440
6.2885436305
7.0304721075
3.4573545191
3.7627189601
6.0835095376
6.2595317317
3.3508352942
7.4873694984
9.6100359253
1.0287561165
0.8288370629
0.6932638197
0.6158836135
0.6165562257
0.6278562704
0.6986794799
1.6485970833
5.4521449566
4.9593667711
6.8174308749
7.7652184749
5.8195533398
4.5520919965
0.7925563386
0.6676858855
0.6917591205
0.7400931991
4.0338877033
9.1688836339
7.2445796332
0.7923529041
0.8314427014
0.5836966310
271.7223120404