1.1865627079
1.1623351993
1.1663047295
1.1934608648
1.2437441245
1.3207786239
2.1170484320
1.5890240534
1.5521912299
1.6656510887
1.9298752049
1.4621446814
1.4270570034
1.4010885871
1.4023134024
1.4422893513
1.5334053598
1.6948398792
1.9578796854
3.4107688398
8.1728745160
9.9949355049
7.1925327000
7.6297157610
22.1428382880
9.3081985829
1.9316507278
1.5799378375
1.3702622330
1.2496620357
0.7447859943
0.7461851596
0.7633790014
0.7966879787
0.8502317630
0.9321941561
2.9318755759
3.3984706807
1.9512630617
2.6834984309
3.2533688549
5.1892011058
1.1498532311
1.1222558696
1.1158882311
1.1414096524
1.2072759315
1.3249560500
2.4509745511
12.5668788188
9.0455979827
6.4229016295
8.5247230678
9.4411691964
9.3516598199
1.2454117220
1.0216066898
0.8841983732
0.8045494829
0.7620724545
0.6760882524
0.6869185354
0.7307231816
0.8084626342
0.9127966767
1.6600942043
7.2070410188
3.3510426864
4.2431373625
4.6081849726
6.9331562002
281.5513078364
4.4206308221
6.7683851129
10.2908031369
7.7440495722
6.1876660733
8.7613140642
6.0703150437
7.3449940370
1.1134855988
0.8943078364
0.7656512911
0.6993683578
0.6475029729
0.6540787115
0.6870853850
0.7449560920
0.8271005975
0.9391932666
7.2945760444
7.0532748447
2.8187167207
6.3558249391
5.5742827099
4.7754390871
9.4935405655
6.9133717398
6.6499537169
5.8515517949
7.4960894351
7.2264839245
9.9597898616
1.2312298306
0.9988463881
0.8334996274
0.7285351422
0.6702000914
0.6483465211
0.6546473462
0.6973651241
0.7778003018
0.9061036798
6.9706754514
7.7936459973
3.8327643229
4.1714174419
6.7435514696
6.9386059029
3.7147923219
8.2994363790
10.6522188929
1.1410461330
0.9193790635
0.7690244106
0.6831957566
0.6839072288
0.6964375123
0.7749581341
1.8278188824
6.0429671972
5.4970473208
7.5560511084
8.6065133951
6.4502955695
5.0455868169
0.8790673501
0.7406081739
0.7672514407
0.8208202206
4.4711074257
10.1613375221
8.0290398951
0.8787751088
0.9220638780
0.6475029729
281.5513078364