6.3363457067
6.2194372957
6.2473486801
6.3951105514
6.6631237209
7.0704205861
11.0687024450
8.4463774809
8.2896550934
8.8414517626
10.1916898408
7.8433194310
7.6637363759
7.5293884320
7.5355095632
7.7429781731
8.2157892778
9.0515599488
10.4081836951
17.9340868911
41.8347348956
50.7230317081
36.5099069349
39.3085217021
110.8527073750
46.8252469332
10.1019158565
8.3209753889
7.2602339130
6.6519009618
4.0172162266
4.0252652025
4.1169482170
4.2941359074
4.5787467069
5.0143556238
15.5694949140
17.9397322433
10.2901719337
14.2398671193
17.1385024026
27.4456047620
6.2139920969
6.0736636192
6.0433745765
6.1807730221
6.5308973910
7.1532412958
13.1645677818
66.9676878446
48.0460756282
34.1939819347
45.2322658758
50.5627400581
49.1980408706
6.6521701064
5.4728574637
4.7500350019
4.3311533545
4.1078329055
3.6258059657
3.6799788774
3.9059706148
4.3102257362
4.8622045004
8.9076377729
38.8391845168
17.9083611898
22.8400857462
24.7765438617
37.3147999870
472.0643252998
24.0062823142
36.7669725951
55.6950155456
41.9043404048
33.4221656407
47.3890903711
32.9613465273
39.5476783601
5.9462416050
4.7816493496
4.1007965664
3.7501436011
3.4655366872
3.4976934260
3.6694390718
3.9746736644
4.4152249006
5.0265074569
39.9110011927
38.4460502391
15.2817387263
34.7086417732
30.4070130950
26.0501873698
51.8913893308
37.7927977667
36.3920082236
32.0036302852
40.9689728515
39.6325620327
54.4203776526
6.6009065456
5.3454829450
4.4589194587
3.8987825940
3.5877425132
3.4722765261
3.5041575013
3.7322920535
4.1685359960
4.8734308238
38.4490978441
42.8865777450
21.0695719018
22.9133575462
37.1567332809
38.2579030146
20.3857035407
45.8308551147
58.7353129103
6.1432736537
4.9348010765
4.1219956273
3.6602613154
3.6716338975
3.7396746714
4.1698976288
10.0006634627
33.4619773492
30.3796674555
41.8605082830
47.7183002286
35.6992373756
27.8952465030
4.7333630409
3.9791387372
4.1351743921
4.4326271148
24.7475452555
56.5012610293
44.6082018542
4.7464375424
4.9943048864
3.4655366872
472.0643252998