8.4077835712
8.2522314528
8.2887948914
8.4843031127
8.8392260570
9.3787443578
14.6867445791
11.2014258537
10.9944516380
11.7271286959
13.5169525022
10.4034214653
10.1661257817
9.9888649772
9.9976221080
10.2730328665
10.8999025016
12.0075514361
13.8051229729
23.7655615107
55.4792587619
67.2290131372
48.4516204886
52.0959607301
146.7323434107
62.2021713765
13.4062031457
11.0425199728
9.6345349862
8.8269058058
5.3292928880
5.3399098975
5.4613730944
5.6961580822
6.0732892664
6.6504317173
20.6105696856
23.7467491678
13.6374125390
18.8569934693
22.6943879222
36.3182893613
8.2419043858
8.0568363056
8.0173408091
8.1997535761
8.6637150265
9.4879238030
17.4431468983
88.6298951370
63.5863926311
45.2628122930
59.8559430023
66.9395092367
65.0895483770
8.8207880850
7.2584107157
6.3005924566
5.7454486134
5.4494395034
4.8102199632
4.8821701452
5.1820306235
5.7182932291
6.4500495943
11.8092145082
51.4471813127
23.7127057453
30.2570958104
32.8161223778
49.4237794018
505.2679782451
31.8314691944
48.7479111701
73.8050153456
55.5389062431
44.2952942425
62.8060420547
43.7153204853
52.3854496687
7.8857149624
6.3422181852
5.4397815233
4.9749895442
4.5979447073
4.6407069733
4.8686316028
5.2735884927
5.8578936389
6.6685252392
52.9759742833
50.9991208111
20.2657572127
46.0520259895
40.3409713677
34.5637404830
68.8569789013
50.1565790498
48.3086634719
42.4845246209
54.3777793056
52.6347105071
72.2203802736
8.7562240631
7.0908047311
5.9150676124
5.1723248052
4.7599214818
4.6074342323
4.6498506782
4.9526841911
5.5317241674
6.4675825956
51.1063867441
56.9741402822
27.9958847694
30.4369310882
49.3763301176
50.8488531514
27.0840638731
60.9334202274
78.0640264294
8.1526119937
6.5479880484
5.4693192165
4.8567465660
4.8728425484
4.9633459837
5.5348894362
13.2876872102
44.5142636106
40.3961476280
55.6821318975
63.4857986490
47.4900570627
37.1042077888
6.2825850022
5.2809841576
5.4894649915
5.8850850813
32.9229331411
75.2092304561
59.3754378839
6.3016656611
6.6322158119
4.5979447073
505.2679782451