2.4751554670
2.4262207514
2.4341657940
2.4888711635
2.5901098202
2.7449678646
4.3362813162
3.2965788455
3.2110060894
3.4543811604
3.9695623634
3.0408269464
2.9748785224
2.9269014435
2.9323797982
3.0144971812
3.1979410196
3.5202850156
4.0422397731
6.8658818546
16.3620382722
20.2269503084
14.5581675761
15.1070999905
45.8029817856
18.7483276624
3.9757466118
3.2679512506
2.8455817567
2.6024557427
1.5604673663
1.5631063468
1.5979007150
1.6655062877
1.7741749023
1.9401481754
5.8539795679
6.7428830077
3.9387643471
5.3782716946
6.4755765897
10.2639422311
2.4033898535
2.3534760166
2.3447181500
2.3988156354
2.5328256445
2.7689936311
5.0187257229
25.0517482947
17.9910149483
12.8497836744
16.9170815659
19.0203240719
18.3388626931
2.5728325889
2.1215529962
1.8436712214
1.6821669418
1.5957917885
1.4129473588
1.4348757853
1.5243182713
1.6834667004
1.8976828931
3.4321843158
14.7232841853
6.7657113197
8.6720326744
9.3818630731
14.1056128056
178.5313320844
9.2221252511
14.1060804378
21.2064296915
16.0024365993
12.7595678418
18.0882661082
12.7170122363
14.9892172253
2.3058807115
1.8584343724
1.5960218266
1.4606687748
1.3536902654
1.3671234572
1.4352393023
1.5553004632
1.7270052076
1.9635680651
15.5753774888
14.8678154779
5.8947251426
13.4735550589
11.7816155133
10.1030743142
20.1438174281
14.7058745510
14.2123386735
12.5136464993
15.9693840801
15.6003672913
21.1563594589
2.5678011101
2.0807591643
1.7376166715
1.5208514173
1.4005647901
1.3590652625
1.3724352087
1.4626413425
1.6340816550
1.9109172343
15.3261583615
16.9552950894
8.3567476453
9.0538561990
14.7534427476
15.2315016508
8.0734399730
18.3375861060
23.3547093361
2.4037870242
1.9289384456
1.6114963257
1.4317663762
1.4404527862
1.4682458965
1.6390452672
3.9721320566
13.5068166955
12.1901839584
16.8900841126
19.2986339518
14.4030015456
11.2479146973
1.8578689764
1.5606626644
1.6273761715
1.7472814693
10.0046475145
23.0375820546
18.1747751481
1.8699882269
1.9734531671
1.3536902654
178.5313320844