274.3980302657
273.5510592126
277.1594594339
284.7355658529
296.5600936044
313.3901376893
402.6590452655
353.6372341610
361.9558784158
366.6664812038
404.1674324676
353.2268691066
347.4541210645
342.4770295836
342.2406632126
349.2089141575
365.5207480038
393.9614377907
438.5770592892
704.0069954887
1250.2437257870
1309.4977990048
962.8641667271
1264.4740067040
2042.6281787707
1077.4342377689
368.1606374874
322.4902412346
295.6895893580
280.9965497093
187.2848289092
187.8733517232
191.9188918162
199.5627129003
211.7664183733
230.4652782772
674.7452846436
741.5029911497
410.9691688074
609.7452536415
691.0762514001
1159.9812738332
294.8102094479
290.3572924581
289.8231412878
296.0564135117
311.0430292033
336.9275246016
609.4574097720
2998.2193139378
2096.4452118133
1511.1778235929
1961.3915754774
2331.3672742356
2002.3916370834
291.2913735006
244.0976615689
215.7110494644
199.3504816593
190.6839107726
162.0064367520
163.1588420360
170.4003595870
184.4492554585
206.8990619947
405.1383459987
1851.5146126938
808.8947461674
1078.5404237036
1164.3459969908
1770.2279097035
246.5274294433
1185.0760413014
1821.4250866972
2717.9349724312
2035.7070621441
1604.8354616225
2297.2956529592
1618.1261506006
1875.1165376745
259.1654356604
209.7167598960
181.7825651630
167.4679933078
152.2440539910
152.6387802486
158.5759586316
170.5236170963
190.1934101376
220.7682906614
2029.0559206325
1928.0347085545
742.9157352825
1753.2112678370
1528.8784654932
1309.1851215359
2637.5379632726
1917.3208227523
1850.8300466384
1619.5644640309
2072.0669866002
2024.7307296009
2755.3880627645
294.7724439130
235.5373207757
195.6930365840
171.3548696670
157.9224131397
152.8539451026
153.5908980969
163.3384281419
184.1446249481
220.5334500058
2005.3771112128
2224.9515467112
1082.8979726193
1176.5417097561
1933.3922631902
1993.6796037369
1038.6038843471
2397.1736796464
3065.8874236083
280.5762220476
220.9528448832
182.7254984640
161.6395263571
163.9502177851
167.1000157356
188.7427178702
498.8260872284
1762.1714395093
1591.0829511997
2211.2144436134
2526.3787358511
1876.2618402116
1457.4955259736
215.5838148149
178.6874769854
188.9846827872
204.9174787950
1297.9925465391
3015.9604717058
2372.1616621701
219.8132789375
234.8809226161
152.2440539910
3065.8874236083