1.2062350593
1.1822751102
1.1866619094
1.2143983715
1.2654605054
1.3435105398
2.1385217418
1.6137317930
1.5777128635
1.6905460599
1.9555674152
1.4881974427
1.4529986882
1.4268718583
1.4281097338
1.4684138517
1.5602568041
1.7228621898
1.9875109439
3.4504722285
8.2064031147
10.0277471360
7.2076070557
7.6715089750
22.2448607797
9.3016588601
1.9520489063
1.5998139820
1.3898774339
1.2692204631
0.7593240182
0.7607710862
0.7782329587
0.8120430180
0.8663818856
0.9495557921
2.9742532471
3.4410786061
1.9752057181
2.7216335852
3.2921067490
5.2573130605
1.1728887991
1.1452610210
1.1390142357
1.1650248332
1.2318812338
1.3511396027
2.4953294238
12.7615651680
9.1766928647
6.5209949036
8.6456923802
9.6026676359
9.4591489739
1.2660878049
1.0394821651
0.9004108078
0.8197987401
0.7768085853
0.6881900468
0.6990012530
0.7431073497
0.8215622693
0.9273816601
1.6900518762
7.3448941037
3.4065547835
4.3230290634
4.6929360642
7.0626861389
276.6918749503
4.5158690053
6.9146962696
10.5006439674
7.9017624742
6.3104414204
8.9388472835
6.2008048246
7.4832423878
1.1319614469
0.9094985839
0.7790575054
0.7118578547
0.6587440696
0.6652726453
0.6985934452
0.7572423991
0.8408970471
0.9556106766
7.4692795944
7.2138014395
2.8782596292
6.5041404441
5.7023924414
4.8852156235
9.7174136896
7.0767426192
6.8092728196
5.9908512562
7.6729754807
7.4049888256
10.1939108125
1.2531352422
1.0161059858
0.8478266641
0.7411459880
0.6818706602
0.6597477808
0.6660669636
0.7095181944
0.7916986489
0.9232772893
7.1558079398
7.9942806945
3.9304952313
4.2765982442
6.9201580054
7.1218365972
3.8074202564
8.5225678844
10.9337050847
1.1628433254
0.9361152054
0.7827159326
0.6952756000
0.6964431711
0.7092609931
0.7897241081
1.8718695928
6.2108981550
5.6464642096
7.7669851584
8.8489468315
6.6284476796
5.1832929049
0.8959305109
0.7543427719
0.7822202590
0.8373386550
4.5948365861
10.4572699735
8.2609029688
0.8964729891
0.9414383246
0.6587440696
276.6918749503