0.4143872057
0.4056119617
0.4068170187
0.4162085269
0.4337455131
0.4606971069
0.7446980427
0.5563806434
0.5417601048
0.5832616234
0.6768885785
0.5096049315
0.4972218367
0.4881031907
0.4885719121
0.5026787527
0.5347971368
0.5917274897
0.6845913647
1.1957942415
2.8943834895
3.5675753479
2.5586470656
2.6932618691
8.0336818342
3.3177699236
0.6797189851
0.5545652392
0.4799260008
0.4369471916
0.2591349143
0.2596018375
0.2655969695
0.2772272847
0.2959296963
0.3245567385
1.0235076519
1.1885555057
0.6832761121
0.9371438889
1.1388415076
1.8132366304
0.3996814163
0.3899377409
0.3876627719
0.3965569571
0.4195723272
0.4607445686
0.8531515868
4.3811330169
3.1570429050
2.2406688405
2.9761166708
3.2873055550
3.2729283744
0.4347470918
0.3562950179
0.3080837441
0.2801292157
0.2652151586
0.2357905479
0.2396616318
0.2551547403
0.2825766626
0.3191538121
0.5785893711
2.5055121320
1.1681064906
1.4759069930
1.6030099814
2.4106080253
417.7856948145
1.5337422135
2.3478610985
3.5726089110
2.6890793656
2.1500397870
3.0428350288
2.1066092812
2.5540335714
0.3888155278
0.3121912201
0.2671374782
0.2439185480
0.2260318865
0.2284050276
0.2400521383
0.2603748923
0.2890503086
0.3279415050
2.5262488185
2.4449290839
0.9789120972
2.2020780140
1.9318298249
1.6550088239
3.2878238519
2.3943761444
2.3026182264
2.0267724331
2.5966240654
2.5013466494
3.4500031171
0.4294129638
0.3486093396
0.2909663140
0.2543101542
0.2339311113
0.2263094474
0.2285631953
0.2435054142
0.2714793996
0.3158872815
2.4094237903
2.6950056534
1.3261469507
1.4434299765
2.3313106982
2.3983903686
1.2858935599
2.8678050966
3.6816479302
0.3974903769
0.3206150199
0.2683275171
0.2384318062
0.2385481043
0.2429176487
0.2701329761
0.6335798814
2.0868054117
1.8992117406
2.6087346180
2.9709124440
2.2277612105
1.7432924541
0.3062810187
0.2582419560
0.2672848675
0.2857753925
1.5443362749
3.5050857612
2.7703654960
0.3059016840
0.3206973660
0.2260318865
417.7856948145