512.2351599064
507.2685538244
512.3201045899
525.9766683199
548.5865891489
581.7091963073
825.7247712229
667.7184389367
679.1448537967
695.7175859565
792.9232992447
650.8273953588
637.0073066210
625.8520823397
625.2453054051
640.0178984383
674.8180257099
736.4063539129
835.4167181439
1422.1467034734
2882.8716804088
3134.0622377454
2316.2948452957
2884.5960459412
5396.2822891580
2866.0713704446
748.2612946457
635.0348593798
568.1238896470
530.5500402295
338.4846833594
339.4826668868
347.1963706045
361.8436380952
385.2684337422
421.2043831119
1307.3749876692
1483.3594263368
826.6039953707
1187.4667502551
1398.1606064014
2296.0757162761
529.7229295863
518.7213190359
516.3398079595
527.6170251809
556.2912820284
607.0058710513
1119.9077680198
5700.8377182349
4051.0758417021
2885.9203327144
3806.6553166612
4327.8050409730
4069.1156021995
545.6116337164
451.9113027370
395.2560678772
362.6109138570
345.3222181474
298.0895822338
301.1934340999
316.8119247265
345.8991838811
389.1927203775
742.3330687555
3348.6874547109
1515.4562970341
1960.4014317473
2127.9026001445
3221.2609801376
1463.6889481097
2084.9042075256
3200.6682789881
4839.1237669947
3628.3212023741
2879.1629078197
4098.4880383318
2847.5233534809
3402.8977990077
485.2137336286
390.5607674898
336.2510369943
308.3843305846
281.8931113049
283.3610873592
295.5769169008
318.7639784791
354.7364999958
407.9265644252
3481.2805698209
3347.9522360507
1313.4036276588
3027.5254884064
2649.8486957024
2268.4397940232
4541.3077611934
3300.6829167876
3176.0847828199
2785.3088934839
3569.6601553004
3453.4749146658
4749.5193875264
543.3954505927
436.9888671323
363.4290771756
317.6778630925
292.3178790467
282.2519013896
283.9944238390
301.9884526837
338.6175022479
400.4154505924
3364.3012150809
3755.8805372204
1834.3047169957
1997.2978574037
3253.8317085619
3349.4820172496
1769.1678840704
4012.0874377951
5148.4351207129
509.1163356625
405.2382597028
336.7139187028
298.2261942172
300.0670802156
305.4402166236
342.3749333286
856.9432515224
2928.4473452699
2657.4459849570
3670.0521475701
4185.1703607278
3122.5899458105
2433.3898137450
390.8161470787
326.3024622099
341.2093736035
367.3540483299
2160.3057125009
4961.7535222230
3911.1352419045
394.1532809302
417.1131976888
281.8931113049
5700.8377182349