660.2531557037
655.9437771726
663.6154600181
681.7457469189
710.9103282341
753.0722330900
1023.6583150213
857.5614506738
875.9398537710
891.2260052125
1003.0050762847
845.4506392539
828.8595590104
815.0542171338
814.0760796764
832.0796543302
874.7347501513
949.9809918669
1069.9884881142
1788.6969174888
3424.0403116754
3651.8727323492
2686.3400796034
3462.0938812169
5982.3027497263
3195.6017550822
929.4248420339
799.4204944994
722.8601733379
680.3116959942
443.0288113221
444.4102839166
454.3555065620
473.1748192986
503.2448958046
549.3816653024
1680.5459160761
1883.5981687648
1041.1681014916
1521.2893463642
1764.8480061597
2931.8353309542
695.8126031825
682.6072099758
679.9931757423
694.6799518246
731.5135900486
796.2323708060
1463.7705507395
7391.7609515821
5218.6322878506
3730.6462162405
4897.8581127219
5654.5326958630
5149.0215357906
704.6946673726
586.0342336455
514.5366358607
473.3730899599
451.5927403454
386.9279716671
390.3532025059
409.2715519025
445.1463843735
500.3533410952
968.1503750068
4409.9290542860
1971.1644252232
2576.0036091197
2792.2142697433
4235.6823634759
1099.8139913943
2765.9303875601
4249.3329854099
6404.3563057032
4796.1481637557
3796.2677686248
5415.8431339810
3772.4533920216
4475.3629235376
626.3143330329
504.8855950423
435.6985747522
400.2285698494
364.7106354163
366.1358171108
381.1938289199
410.5478520486
457.3548652286
528.1727957336
4647.0412274017
4457.2479104458
1737.3118532553
4036.0747797883
3529.1592026545
3020.7473808512
6061.4401563808
4403.1312693031
4238.8931699350
3712.9910406320
4758.4022589515
4612.0754395042
6333.8096238579
705.1537490250
565.5128632778
469.9781686628
410.9817816317
378.3249601458
365.3744993127
367.3434640900
390.5553473333
438.8632635999
521.6502786943
4512.1732830163
5033.1211589143
2452.8876688172
2670.4716744875
4361.9410118308
4490.9112924858
2360.8939565269
5382.3852792019
6905.9228627602
663.8897457942
526.2716762667
436.4138621801
386.2662422268
389.6101587720
396.6998415101
445.9312810425
1138.7704649322
3933.8974561281
3566.1697591071
4933.1390383203
5627.6177742660
4192.9013545995
3263.1529524214
509.4107549690
424.1165781378
445.1732227400
480.4906299553
2899.4202543354
6681.8332622465
5262.8447830984
515.5938445801
547.4281021513
364.7106354163
7391.7609515821