20.3520423520
20.4185963586
20.6216343950
20.9505935291
21.4082643652
22.0003565621
22.8158015223
23.3656567918
23.8707301691
24.2118044875
24.5324451338
24.6837909758
24.9229542706
25.1776404676
25.4882902180
25.8991184376
26.4319349344
27.0676939811
27.7367946625
29.1203944021
30.6927993192
30.5132598237
28.7816350164
28.6532741750
29.7641235586
24.6931503077
22.2211552644
21.3068892822
20.7445945222
20.4470089322
14.5054348639
14.5186144522
14.6978215097
15.0469100033
15.5921621135
16.3783354289
21.2085075042
21.3594092897
19.6559932975
22.4559016950
22.6352084239
27.6154721428
21.4710182182
21.9247204556
22.3893643846
22.9415446714
23.6293104239
24.4382039174
30.2780035822
69.2562053551
49.9371915368
42.6065127858
43.1226383370
68.5590600254
31.9183951684
18.6223159387
16.8906945358
15.7678197402
15.0713719613
14.6757887600
12.3203149825
12.3300221431
12.6443146988
13.3129436124
14.4726168184
22.9512264393
72.9628134818
28.5225839490
45.5899663652
46.0192025016
65.9685557266
3.9762545558
69.9719237375
103.9645048485
126.2630909043
103.0908349888
79.3951942392
112.5367594175
103.8275305906
72.9866182852
17.2236542834
14.7690114854
13.3794593203
12.6368142171
11.7570038840
11.7461440773
12.0884554714
12.8543052714
14.2277611923
16.5265746811
167.5656098488
131.7005469216
47.4961968110
131.2499114660
110.4076007482
96.2217546143
198.4614436566
151.6198651584
157.1084864847
141.1240208278
168.6066477243
199.4639798205
211.5442074446
21.6229053145
17.2068921056
14.5344717248
12.9854393133
12.1358645341
12.3357362581
12.3971246720
13.2154774311
15.0978142909
18.6923440977
244.1200053492
236.2141781491
121.9271166507
124.2182994563
221.9879239057
239.5045985466
114.5276537982
311.9174841116
359.1472191427
23.8930379075
17.9930529801
14.6938046566
13.0154248682
14.1682283153
14.5708554213
17.0058161772
57.1863226242
261.1721080446
216.0961718610
326.0587266904
385.3064295937
276.9105711547
213.9263151613
19.4470890365
15.5612870071
17.8731113997
20.1050177505
197.3184965991
513.2861394181
400.7001664928
21.6193752906
24.6167476258
3.9762545558
513.2861394181