284.6391836551
284.5091890748
288.4434234778
296.0637619895
307.6720089590
323.9573248215
394.3756835536
362.0353352752
370.7632637221
374.9139080687
404.2595396480
366.2778648080
361.9146531443
358.0321874089
358.2882085858
365.0621087053
380.2953065031
406.2540707103
445.9365712240
674.2116504607
1104.6082360169
1139.4281862575
848.5623163235
1106.5209668512
1692.3408689890
890.4299082505
364.4158822899
325.2669757316
302.3308568349
289.9192219005
196.9449285488
197.5297987662
201.5349099574
209.1135318206
221.2039967112
239.6665994615
650.4384887954
698.3873248594
396.7929669274
589.7896066353
650.8898730093
1092.9085739906
309.7143077405
306.7301994479
307.1059125723
313.7636001728
328.6727060428
353.6911223853
620.3789524973
2911.3208706218
2014.2164199098
1470.8469924065
1874.1879397419
2318.8202044684
1837.9594674144
297.7515146515
252.1288501664
224.6395557869
208.7344949917
200.2745002343
168.9795519073
169.9278143153
176.8106916697
190.4612425472
212.9775433743
417.9107109267
1892.5859936754
802.7097094698
1100.4131854995
1179.9891822596
1796.0892958774
125.6382783954
1252.2680462493
1923.7230010176
2822.6865272032
2119.7493286544
1663.4566104459
2389.3242308400
1718.1472562922
1912.0363536066
265.7773680712
216.3787412478
188.6883106494
174.4881075568
158.5659014987
158.8207320113
164.6848387402
176.8265372241
197.3811356800
230.1096974881
2212.8374681530
2068.5964903891
785.6775089839
1894.5536911826
1645.3716737614
1410.4613366334
2855.5678722779
2080.9941147111
2019.8869496890
1767.4028168825
2252.0975649924
2234.4462576481
2986.0721603052
306.5394768559
244.0701007350
202.8953737786
178.0563587653
164.4001864237
159.8438563165
160.5876408810
170.8885457149
193.3578493717
233.4564375558
2258.4392857403
2479.1777207359
1207.6856724880
1306.1781013444
2166.2721156993
2241.1531584080
1153.3820108178
2711.8095649507
3443.6492162189
296.6374376000
231.7537530289
191.1021648106
169.0106923373
172.8616535170
176.4587858170
200.4919466685
552.7882893272
2015.3875676333
1806.2728562487
2529.7324143476
2898.4559909443
2143.4331303837
1661.5962920060
228.7968445945
188.6186357236
201.6105631291
219.9074388590
1485.2718398689
3494.4468506000
2743.9582858141
235.7521170602
254.1064150093
125.6382783954
3494.4468506000