162.2544758748
159.9376077107
161.0558114079
165.0634334887
172.0162570534
182.3984744163
272.3287924497
212.9840058171
213.2536318386
222.7970719527
255.0695241281
203.2023504184
198.8125543553
195.4161464347
195.4503532470
200.4511843950
211.9653447163
232.2905027119
265.0854890872
451.5875271492
988.5553666162
1128.8820459195
833.5950940019
952.4739263623
2186.5310067721
1059.0240579646
247.9281617682
207.1859785839
182.9883035741
169.2240865578
104.9403404885
105.1978671641
107.5782441709
112.1403277547
119.4528647418
130.6530092526
402.3590759934
459.3353620135
260.9333758766
366.9940751860
436.3860042795
706.4380276930
163.2395026094
159.8000776434
159.0908360519
162.6417021001
171.6142349645
187.4830433788
344.3356046655
1743.7169931147
1243.8730233865
886.7772655377
1169.2877017395
1323.4398356991
1256.5980384396
171.0216743753
141.3079105741
123.2041427798
112.7370372961
107.1722190245
93.5169470342
94.7115144540
100.0799535136
109.8509450241
123.7136516580
231.0046413777
1023.0972614975
465.7206779755
600.0389021999
650.6878929050
982.7682638397
1405.5598887003
637.0992390165
976.8886759590
1475.6277946273
1108.5884376801
881.4813899170
1252.8643634615
872.9025807841
1040.6233211170
152.5327607176
122.7887617925
105.5660356236
96.7146783432
88.9092647035
89.5640626837
93.7006096560
101.2730439570
112.5829866671
128.7890569020
1065.2986990563
1023.3575431285
403.3237988988
925.4095987012
809.9793432978
693.7789891774
1386.3422275214
1008.8832507900
971.7499273822
853.3200738229
1092.5551862679
1058.7735909643
1452.0512053718
170.2821980811
137.3788640658
114.4347572249
100.0681479839
92.1042510163
89.0819945161
89.7774920241
95.5554619620
106.9508882612
125.8002096422
1031.6990279720
1149.8988600928
563.2183469628
612.6104277155
996.8597585011
1026.6600472552
543.8238452477
1230.7146239821
1577.1450717029
159.2589647732
127.2534092462
105.9909131485
94.0018927857
94.5118795275
96.2521238617
107.6561870470
264.9636036232
899.5514794446
815.7572986598
1126.4345862850
1284.7209841838
959.3639858107
748.3499353007
122.5273592783
102.6041779129
107.0646688384
115.0794538947
664.4228605424
1523.9351505813
1201.9323195845
123.3445454764
130.2682474754
88.9092647035
2186.5310067721