159.2181997463
156.9603382117
158.0643537263
161.9972052889
168.8142663574
178.9896322297
266.8564795017
208.9370399958
209.2248517292
218.5506625568
250.0824958602
199.4262068188
195.1376903497
191.8183829927
191.8555255605
196.7543976074
208.0288801066
227.9249350917
260.0161724241
442.4759753423
967.1396651591
1104.0599354166
815.3624080357
931.8069369128
2137.6614355462
1035.0854124032
242.9838275844
203.1450410894
179.4846902689
166.0282974599
103.0294307498
103.2823465997
105.6165402407
110.0899390259
117.2601094212
128.2416326016
394.3754757568
450.0086267201
255.6991737248
359.7116773321
427.5007227242
692.1400353239
160.2738753420
156.9172238982
156.2314525988
159.7182816821
168.5167230472
184.0695285872
337.8669188780
1709.4561932281
1219.1544597243
869.3516699566
1145.9392442051
1298.0362807320
1230.6180226879
167.7893275889
138.6698659354
120.9285782342
110.6706097115
105.2167381643
91.7873015661
92.9548389455
98.2120401731
107.7850760055
121.3789497535
226.7019337491
1004.0354359608
456.7515028017
588.8247600814
638.4445277957
964.3161849782
1375.0801257908
625.6733622021
959.3813231095
1448.6331200762
1088.3540866503
865.2820457546
1229.9561396060
857.3229026138
1021.1584289600
149.6560878421
120.4878556065
103.6021512677
94.9239917698
87.2577656270
87.8968971011
91.9504499336
99.3766297942
110.4780652571
126.3992667511
1046.9742182488
1005.3816789337
396.0926194096
909.3070373981
795.7873927956
681.6444124122
1362.2759664800
991.4186198167
955.0519093397
838.6316071343
1073.6670060977
1040.8074452443
1426.8667544813
167.1237359415
134.8165831338
112.3000794648
98.2056857949
90.3932993739
87.4341176628
88.1151774909
93.7867697175
104.9814954713
123.5123339217
1014.7386567464
1130.7242555415
553.8129978884
602.3150178801
980.3741650923
1009.7555121646
534.6739278651
1210.6405540053
1551.1377640711
156.3630207708
124.9131914575
104.0329304221
92.2638297117
92.7816392515
94.4929180176
105.7047460475
260.4679668307
885.1127580454
802.5168394311
1108.3898851457
1264.2583940846
943.9335152234
736.2743719080
120.3067881707
100.7298548667
105.1358054985
113.0235292727
653.7579241365
1500.0185203800
1183.0143094697
121.1402608361
127.9688701409
87.2577656270
2137.6614355462