154.0723305970
151.8307095359
152.8705089331
156.6675793085
163.2725495277
173.1464510161
259.4236027452
202.3906240055
202.5062100464
211.7629317279
242.6380265375
192.8399840521
188.6429747805
185.4015675308
185.4347184633
190.2038167978
201.1850017513
220.5768391349
251.8859799106
429.8376067428
944.9058783680
1081.4159114745
798.1177779374
909.6033771898
2103.4447548693
1015.3096872598
236.1462227946
197.1294467625
173.9528184918
160.7623788111
99.5150936365
99.7576808659
102.0186734005
106.3533912811
113.3022123020
123.9455632401
382.4158423551
436.9655068608
248.2711807220
348.8510783516
415.2683972646
671.8281114882
154.7598339653
151.4682999774
150.7814048410
154.1493419400
162.6754548071
177.7662847928
326.7198465259
1656.3891288328
1182.1537372471
842.5048990991
1111.4749803083
1256.2076732391
1195.9786795719
162.4022589115
134.1295748683
116.8994877560
106.9371503647
101.6404243981
88.7521062167
89.8983975715
95.0224910062
104.3371136217
117.5187174022
219.2082206090
970.2827044695
442.2123003588
569.1592116351
617.3037410240
932.2160506649
1366.6287006136
603.5664942731
925.4439388397
1398.6140606070
1050.7626493851
835.7177613326
1187.5674381756
826.9938778980
987.0259628640
144.8496996348
116.5833923562
100.2064420534
91.7891562543
84.4031444170
85.0345555844
88.9774919430
96.1807859299
106.9142053862
122.2605063167
1008.2412415290
969.0397249362
382.2047222577
876.0681023574
766.9000047144
656.8689356830
1312.2531298831
954.9601207572
919.6874617573
807.6720471850
1034.1914034832
1001.7779328235
1374.5084367888
161.6142374311
130.4191800977
108.6433363033
94.9988770588
87.4341752367
84.5597323164
85.2257933066
90.7121349993
101.5100747611
119.3416124545
975.4584462618
1087.5461931498
532.7491597213
579.5189161569
942.6585969751
970.7513594425
514.5221371587
1163.4824992866
1491.2355460947
151.0633433377
120.7562854816
100.5991989509
89.2256584654
89.6836468431
91.3319760746
102.1236189783
250.7780312243
850.1309906680
771.1283488074
1064.4928659513
1213.9765918939
906.7143599036
707.3791474580
116.2205775534
97.3522779827
101.5405165682
109.1120468187
627.9551250319
1439.5023633381
1135.4421468909
116.9462333048
123.4636178842
84.4031444170
2103.4447548693