0.0027539037
0.0026806844
0.0026803053
0.0027387329
0.0028547691
0.0030371000
0.0052199836
0.0037461681
0.0035914914
0.0039378123
0.0046328859
0.0033397003
0.0032498906
0.0031858943
0.0031905228
0.0032913796
0.0035198379
0.0039263149
0.0045947848
0.0082157373
0.0212395694
0.0269616445
0.0192016843
0.0194604873
0.0638746759
0.0253870159
0.0047644633
0.0038203739
0.0032560695
0.0029289388
0.0016751705
0.0016774255
0.0017170687
0.0017945948
0.0019195282
0.0021107033
0.0068260959
0.0080393108
0.0046673157
0.0062662432
0.0077667715
0.0121902334
0.0025658035
0.0024948427
0.0024766817
0.0025347534
0.0026886281
0.0029667968
0.0055373486
0.0288853269
0.0210242447
0.0148488605
0.0198699808
0.0214063946
0.0223397847
0.0028809052
0.0023444168
0.0020129113
0.0018204084
0.0017175225
0.0015498030
0.0015797824
0.0016919163
0.0018867209
0.0021354909
0.0037820273
0.0160869071
0.0076688318
0.0095117872
0.0103520628
0.0155111932
15.5787879012
0.0096784720
0.0148014063
0.0226988687
0.0171281781
0.0137526285
0.0193728933
0.0133278975
0.0164229309
0.0025804329
0.0020668021
0.0017613349
0.0016036554
0.0014949262
0.0015142454
0.0015970584
0.0017367992
0.0019255402
0.0021697851
0.0157213116
0.0153201335
0.0062230650
0.0137345667
0.0120915834
0.0103584629
0.0204708960
0.0149095775
0.0143095841
0.0126306986
0.0161772904
0.0154978934
0.0215311463
0.0028235450
0.0023036732
0.0019254388
0.0016818577
0.0015461257
0.0014954135
0.0015126754
0.0016124742
0.0017915880
0.0020656866
0.0147484995
0.0165617879
0.0081829772
0.0089132286
0.0143018858
0.0146915629
0.0079734092
0.0175318115
0.0225362021
0.0025895651
0.0021051983
0.0017685712
0.0015737244
0.0015675534
0.0015958148
0.0017656984
0.0039705428
0.0127061409
0.0115985599
0.0158510994
0.0180282852
0.0135812261
0.0106633067
0.0019970589
0.0016932946
0.0017400813
0.0018516948
0.0094173713
0.0211403937
0.0167372173
0.0019806045
0.0020626583
0.0014949262
15.5787879012