730.1406613586
724.7971490531
732.9822115859
752.9276562133
785.2386318397
832.1070557797
1144.2187716979
949.4118897291
969.0144196205
987.2805996336
1115.3059043853
933.3675551035
914.5613716629
899.0292553654
897.9458720040
918.1509290132
966.0188101492
1050.5783523362
1185.7790037519
1994.3106234034
3875.4558743383
4151.2892252555
3056.7535865300
3911.9915144912
6878.0404830713
3677.4773323106
1037.9684405817
889.5549350097
802.0792522532
753.3314212055
488.0346197628
489.5423660544
500.5585630452
521.4186076136
554.7564884535
605.9116314846
1864.3293527144
2096.7766829196
1160.4701628293
1688.7477844235
1967.3591173473
3259.5024777394
765.9238240773
750.9231650063
747.8306670816
764.0158247124
804.8385753888
876.7396464028
1614.8638083186
8182.6016197945
5787.0539890769
4132.1247495045
5433.8735703910
6243.5974509704
5740.1566732260
779.3534237070
647.3041176522
567.6835107123
521.8409580143
497.5834593406
427.1349393247
431.0833781320
452.3528126899
492.4962649939
553.7571292143
1068.0029337648
4855.9935314209
2178.9812945235
2838.2102901870
3078.2487576584
4667.1363579825
1369.6508738276
3036.9322432762
4665.0934021553
7040.3476393006
5273.3945641849
4176.8063072619
5955.3398850432
4142.5829899133
4929.9981610696
692.6743893376
558.0752850841
481.2459894274
441.8513971929
402.9181382363
404.6197874308
421.4624273524
454.0712911498
505.7059693605
583.3696570694
5089.1973381111
4887.3692762797
1908.7802637821
4422.9248395204
3868.9370991677
3311.5870511860
6640.3439923148
4823.8755436203
4642.2744413277
4067.3994223861
5213.4992448559
5048.1959151496
6939.6253114026
778.5588593837
624.8432857899
519.3578766431
454.0846341837
417.9369434821
403.5445096436
405.7887214071
431.4318124073
484.4996363388
575.0627446021
4930.3562751649
5502.8082575896
2683.0273646470
2921.6906643011
4767.6034388566
4907.7489164792
2584.1116598153
5880.0531043208
7546.2745617505
731.7737174482
580.7794710726
481.8761980863
426.5708928291
429.8986034684
437.6657822238
491.5638076200
1247.6877840116
4294.6793148811
3895.1061376039
5384.5906890433
6141.5799090373
4577.9485771150
3564.2047321240
561.4761235851
467.8482131614
490.4743550957
528.9720915901
3165.8547527491
7286.8860246708
5740.8590301947
567.6241548423
602.0357029900
402.9181382363
8182.6016197945