0.0007868196
0.0007657461
0.0007655783
0.0007822833
0.0008155154
0.0008677712
0.0014953786
0.0010713427
0.0010266181
0.0011262369
0.0013263612
0.0009540794
0.0009281953
0.0009097247
0.0009109744
0.0009398658
0.0010054075
0.0011221001
0.0013141227
0.0023555544
0.0061027385
0.0077453625
0.0055190185
0.0055905386
0.0183694376
0.0072967336
0.0013643782
0.0010931943
0.0009311005
0.0008371229
0.0004780844
0.0004787270
0.0004900743
0.0005122665
0.0005480329
0.0006027742
0.0019554731
0.0023082932
0.0013370695
0.0017964168
0.0022269382
0.0035000803
0.0007323075
0.0007117730
0.0007064278
0.0007229761
0.0007670163
0.0008467322
0.0015847246
0.0082767718
0.0060212399
0.0042501697
0.0056913896
0.0061305103
0.0064000532
0.0008235591
0.0006698348
0.0005748459
0.0005196920
0.0004902172
0.0004426054
0.0004512202
0.0004833745
0.0005391982
0.0006103958
0.0010806768
0.0045994269
0.0021958159
0.0027203196
0.0029623724
0.0044385546
4.7905351453
0.0027625302
0.0042222387
0.0064823528
0.0048855598
0.0039275904
0.0055352317
0.0038006766
0.0046996203
0.0007375899
0.0005905995
0.0005031489
0.0004580083
0.0004270032
0.0004325587
0.0004562800
0.0004962573
0.0005501564
0.0006197516
0.0044696484
0.0043639695
0.0017750298
0.0039133821
0.0034427645
0.0029492642
0.0058233598
0.0042438593
0.0040722279
0.0035930058
0.0046067723
0.0044065009
0.0061228244
0.0008064491
0.0006581348
0.0005500798
0.0004804421
0.0004416304
0.0004270565
0.0004320024
0.0004604950
0.0005115287
0.0005894521
0.0041881624
0.0047051724
0.0023254241
0.0025345140
0.0040597066
0.0041717684
0.0022663405
0.0049731301
0.0064001048
0.0007389259
0.0006010333
0.0005050331
0.0004494116
0.0004474440
0.0004554753
0.0005037687
0.0011283899
0.0036000749
0.0032894769
0.0044922905
0.0051070630
0.0038479483
0.0030210941
0.0005697676
0.0004832866
0.0004963222
0.0005279441
0.0026697902
0.0059889020
0.0047452490
0.0005647088
0.0005877651
0.0004270032
4.7905351453