0.0003398207
0.0003308212
0.0003307692
0.0003379382
0.0003521768
0.0003745487
0.0006428472
0.0004615937
0.0004425797
0.0004851791
0.0005706999
0.0004117454
0.0004007514
0.0003929433
0.0003935610
0.0004059787
0.0004340376
0.0004839230
0.0005659553
0.0010101943
0.0026121971
0.0033142415
0.0023613170
0.0023938458
0.0078490051
0.0031222470
0.0005868100
0.0004708437
0.0004015200
0.0003613283
0.0002068711
0.0002071438
0.0002120113
0.0002215321
0.0002368709
0.0002603333
0.0008374347
0.0009882208
0.0005743316
0.0007703117
0.0009545085
0.0014950113
0.0003163905
0.0003077477
0.0003055858
0.0003127575
0.0003316477
0.0003657399
0.0006798771
0.0035325452
0.0025719250
0.0018166466
0.0024301005
0.0026177322
0.0027369805
0.0003549156
0.0002890794
0.0002483749
0.0002247261
0.0002120804
0.0001913512
0.0001950271
0.0002088025
0.0002327345
0.0002632873
0.0004644297
0.0019647373
0.0009398866
0.0011636759
0.0012671048
0.0018969140
0.7592519413
0.0011852145
0.0018111831
0.0027721604
0.0020933480
0.0016815195
0.0023693335
0.0016337197
0.0020070321
0.0003180160
0.0002549245
0.0002173774
0.0001979832
0.0001846393
0.0001870062
0.0001971914
0.0002143872
0.0002376182
0.0002676804
0.0019311837
0.0018780107
0.0007632921
0.0016853505
0.0014820790
0.0012711306
0.0025096447
0.0018329604
0.0017620472
0.0015565442
0.0019914980
0.0019171736
0.0026376957
0.0003483017
0.0002842537
0.0002376761
0.0002076779
0.0001909553
0.0001848578
0.0001869784
0.0001992999
0.0002214479
0.0002554085
0.0018418495
0.0020534155
0.0010187087
0.0011060360
0.0017803473
0.0018340722
0.0009912607
0.0021966970
0.0028063880
0.0003203539
0.0002602631
0.0002186199
0.0001945395
0.0001940595
0.0001975750
0.0002187334
0.0004945831
0.0016064665
0.0014581716
0.0020052573
0.0022851922
0.0017176186
0.0013462190
0.0002474811
0.0002096731
0.0002159160
0.0002299730
0.0011947616
0.0027122718
0.0021460207
0.0002460551
0.0002567831
0.0001846393
0.7592519413