21.9369616587
21.5303930839
21.6251252242
22.1345225803
23.0597151815
24.4663184688
38.3218731961
29.1923082362
28.6805369760
30.5708368297
35.2426403158
27.1376789242
26.5190472821
26.0572944657
26.0807603905
26.7995021138
28.4345776329
31.3232764206
36.0113211161
61.9934942299
144.7684896143
174.7796937863
126.3574723060
135.9623022998
378.0874603007
162.5496034236
34.9838736793
28.8147547241
25.1396684658
23.0313585255
13.9018703189
13.9296681622
14.2464663557
14.8587259178
15.8421124612
17.3469331707
53.7300270805
61.9294519724
35.5852032813
49.1717216057
59.1991685603
94.6897473646
21.4967656642
21.0147526793
20.9123872907
21.3883161736
22.5978485020
24.7460630653
45.4690558227
230.9190602563
165.7127148639
117.9501824061
155.9822594876
174.3815317247
169.6989575334
23.0026353231
18.9302589083
16.4336028137
14.9865478754
14.2149824856
12.5464219147
12.7342595733
13.5163294441
14.9144804703
16.8209411008
30.7784456303
134.0145591442
61.7783884815
78.8237827942
85.4959327068
128.7508974544
650.4489500547
82.9563494821
127.0376164116
192.2827960521
144.7221694698
115.4206033852
163.6472407950
113.9507234688
136.4670403801
20.5636162011
16.5398902740
14.1873612033
12.9757887402
11.9924241784
12.1040164689
12.6983097721
13.7538546265
15.2762423192
17.3877263521
138.1588451115
132.9346557783
52.8177073040
120.0716370565
105.1726446499
90.1158475297
179.5381368346
130.7960010047
126.0024592882
110.8261514903
141.8183255046
137.3611966923
188.3133920643
22.8364638729
18.4927613982
15.4266909037
13.4899475035
12.4146745346
12.0178232658
12.1283982351
12.9180062889
14.4277523092
16.8684466838
133.4791055175
148.7172683567
73.0927375873
79.4477109747
128.9282062487
132.8028461581
70.7104295050
159.2025572757
203.8522047630
21.2686185023
17.0804266673
14.2660581203
12.6681098596
12.7118334838
12.9479075254
14.4394730677
34.6944126722
116.3767159991
105.5642842159
145.5801310853
166.0118738301
124.1596692965
97.0040852408
16.3919196724
13.7770730705
14.3237687280
15.3572729251
86.0868885478
196.8035928657
155.3648289386
16.4454657944
17.3112669912
11.9924241784
650.4489500547