0.2211785492
0.2165132306
0.2171532160
0.2221449129
0.2314653653
0.2457863650
0.3963924190
0.2971851328
0.2888420996
0.3114096996
0.3607826318
0.2719203791
0.2653979111
0.2606005105
0.2608805677
0.2683931447
0.2854610193
0.3156855066
0.3649459406
0.6352448535
1.5368916015
1.9052864007
1.3617656267
1.4261522605
4.3441905306
1.7607111645
0.3622007604
0.2956869427
0.2560159286
0.2331709659
0.1384043447
0.1386483554
0.1418353043
0.1480220312
0.1579717682
0.1731977735
0.5435158417
0.6303363877
0.3628243621
0.4977308106
0.6039510153
0.9616610112
0.2134285804
0.2083131468
0.2071467053
0.2119040521
0.2241568305
0.2460409284
0.4546510419
2.3277601951
1.6763655497
1.1907274841
1.5798984323
1.7491726515
1.7337979088
0.2318426222
0.1901176947
0.1644659375
0.1495867573
0.1416451246
0.1259156320
0.1279761073
0.1362321061
0.1508520566
0.1703650683
0.3087779116
1.3357673346
0.6217107257
0.7867816585
0.8541162821
1.2844515524
289.9974986548
0.8195506891
1.2544159827
1.9065414403
1.4352747848
1.1471262334
1.6239228216
1.1258304618
1.3613667304
0.2074213601
0.1666106319
0.1426161095
0.1302476906
0.1207160962
0.1219821362
0.1281980977
0.1390520325
0.1543835070
0.1752040183
1.3530581663
1.3079921777
0.5232098559
1.1786533924
1.0336549668
0.8855709626
1.7599104993
1.2819465801
1.2333421272
1.0855219693
1.3902323196
1.3407991526
1.8467930372
0.2292622133
0.1860985846
0.1553421694
0.1357943272
0.1249282926
0.1209007933
0.1221099299
0.1301057870
0.1450903820
0.1689084213
1.2938323413
1.4459783658
0.7115792259
0.7741559711
1.2512753077
1.2876129185
0.6896515217
1.5403904534
1.9765116444
0.2124418001
0.1712844741
0.1433358091
0.1273706709
0.1275018226
0.1298561224
0.1444613982
0.3397697999
1.1220215654
1.0205107881
1.4026579526
1.5977094530
1.1975933506
0.9369637629
0.1637496210
0.1380297446
0.1429611428
0.1529143787
0.8303600651
1.8866378046
1.4908893696
0.1636608714
0.1716804147
0.1207160962
289.9974986548