0.0002342617
0.0002281145
0.0002280900
0.0002330065
0.0002427593
0.0002580749
0.0004415246
0.0003175457
0.0003046641
0.0003337167
0.0003923470
0.0002836116
0.0002760976
0.0002707622
0.0002711992
0.0002797117
0.0002989197
0.0003330557
0.0003891914
0.0006934074
0.0017890802
0.0022653856
0.0016167892
0.0016394622
0.0053531971
0.0021379324
0.0004031740
0.0003238673
0.0002764552
0.0002489676
0.0001428357
0.0001430214
0.0001463576
0.0001528832
0.0001633934
0.0001794637
0.0005744402
0.0006783597
0.0003945498
0.0005284793
0.0006550923
0.0010269830
0.0002180236
0.0002121232
0.0002106701
0.0002156039
0.0002285374
0.0002518557
0.0004667892
0.0024159278
0.0017600466
0.0012439045
0.0016635658
0.0017878124
0.0018770682
0.0002442016
0.0001991439
0.0001712743
0.0001550745
0.0001464078
0.0001320564
0.0001345649
0.0001439957
0.0001603854
0.0001813116
0.0003182593
0.0013404881
0.0006436411
0.0007950552
0.0008655398
0.0012957159
0.2074481206
0.0008094377
0.0012324772
0.0018874392
0.0014281840
0.0011471359
0.0016137275
0.0011130082
0.0013715200
0.0002188839
0.0001756613
0.0001499210
0.0001366150
0.0001274805
0.0001290908
0.0001360715
0.0001478694
0.0001638164
0.0001844496
0.0013171862
0.0012773160
0.0005216492
0.0011501705
0.0010126297
0.0008669802
0.0017118342
0.0012498766
0.0012037851
0.0010653400
0.0013583477
0.0013180646
0.0017940211
0.0002399718
0.0001959595
0.0001639534
0.0001433350
0.0001318339
0.0001277952
0.0001292409
0.0001377300
0.0001530219
0.0001765153
0.0012838941
0.0014155145
0.0007067567
0.0007635760
0.0012350282
0.0012779731
0.0006877538
0.0015442185
0.0019497529
0.0002216351
0.0001799296
0.0001511275
0.0001344908
0.0001344625
0.0001369036
0.0001516667
0.0003448722
0.0011510247
0.0010305943
0.0014342953
0.0016455843
0.0012301999
0.0009656707
0.0001717419
0.0001453344
0.0001501584
0.0001601365
0.0008595927
0.0019955598
0.0015756137
0.0001714546
0.0001795338
0.0001274805
0.2074481206