0.7710162592
0.7557674899
0.7583500074
0.7756021932
0.8074712384
0.8562024495
1.3544858060
1.0299286385
1.0026053594
1.0787202109
1.2407715963
0.9485874606
0.9275086194
0.9120566441
0.9134820405
0.9390988194
0.9966859084
1.0981075099
1.2625517523
2.1568846574
5.1370587431
6.3615909635
4.5590334666
4.7518674320
14.4671274696
5.8570940007
1.2409805355
1.0192132614
0.8869299509
0.8108245239
0.4859645675
0.4868099838
0.4977413737
0.5189659879
0.5530858138
0.6052353824
1.8469929201
2.1284120210
1.2354772546
1.6940513730
2.0405392203
3.2452777181
0.7493027742
0.7331421655
0.7300329027
0.7468216341
0.7888885486
0.8632982199
1.5745592874
7.9193409528
5.6864139528
4.0562014082
5.3500865937
5.9999312918
5.8088333313
0.8040793338
0.6621462345
0.5748346936
0.5241290041
0.4970318831
0.4401851620
0.4470424725
0.4750261762
0.5248295864
0.5919427427
1.0741090056
4.6299094389
2.1316754098
2.7256230650
2.9512449551
4.4395096537
166.2096911337
2.8828218003
4.4117395192
6.6538381514
5.0152945575
4.0004332256
5.6709090550
3.9693658676
4.7140135609
0.7201595707
0.5798454034
0.4975659911
0.4551406178
0.4216141249
0.4258023162
0.4470693224
0.4845477156
0.5381259776
0.6118673284
4.8356232827
4.6344331958
1.8407678176
4.1924360338
3.6690476381
3.1451947735
6.2666096164
4.5704177215
4.4101546837
3.8813428489
4.9599950788
4.8237681177
6.5786188179
0.8005102193
0.6487760183
0.5416349453
0.4738844592
0.4362745253
0.4229483525
0.4270888413
0.4551226575
0.5083237670
0.5939995482
4.7106311529
5.2313327415
2.5751710216
2.7944687220
4.5424437879
4.6836223329
2.4897955020
5.6252012035
7.1858395663
0.7471775945
0.6001988907
0.5015687850
0.4456104630
0.4476664432
0.4561994848
0.5088757635
1.2243589949
4.1258735203
3.7345883570
5.1596463834
5.8886082549
4.4005861789
3.4379411481
0.5768414330
0.4849549125
0.5047409908
0.5414170469
3.0541608614
7.0007266931
5.5252799772
0.5794303292
0.6104743641
0.4216141249
166.2096911337