2.0788895329
2.0375446236
2.0439506297
2.0895817660
2.1742089860
2.3037436490
3.6422983418
2.7670505551
2.6940306739
2.8997879572
3.3324874371
2.5515277047
2.4966083213
2.4568457833
2.4618134747
2.5308726974
2.6846889907
2.9547297911
3.3918649064
5.7510764822
13.7307608275
16.9998626318
12.2391333768
12.6673969807
38.5858383783
15.7793725033
3.3405050148
2.7456060389
2.3905273625
2.1860540348
1.3100370097
1.3122052643
1.3413123373
1.3978988073
1.4888541568
1.6277257392
4.8886845211
5.6337949375
3.3015933299
4.4960122757
5.4161113422
8.5660499572
2.0161854301
1.9748845927
1.9679480405
2.0134561522
2.1256478174
2.3230778002
4.1985223813
20.8892701866
15.0094684887
10.7245521900
14.1102864319
15.8692058946
15.2994986433
2.1578831181
1.7801433463
1.5474035130
1.4120797078
1.3396752990
1.1865341538
1.2049802916
1.2801083807
1.4137241264
1.5933235878
2.8752007446
12.2976801470
5.6504253359
7.2465232952
7.8366326396
11.7774219912
164.5075550094
7.7219151524
11.8082034776
17.7265258365
13.3853252409
10.6722076569
15.1274800508
10.6575684249
12.5197814907
1.9347285512
1.5599089275
1.3399940809
1.2265285480
1.1371242766
1.1484538405
1.2057010370
1.3065441426
1.4506597878
1.6491073623
13.0818780970
12.4646098065
4.9396369361
11.3048542734
9.8816285810
8.4753013467
16.9014208412
12.3449868007
11.9399018756
10.5158160192
13.4104785902
13.1274869882
17.7559191323
2.1557644389
1.7470034255
1.4591477876
1.2773201718
1.1764222836
1.1420579172
1.1533503280
1.2292162275
1.3733737116
1.6062557953
12.9299401520
14.2798200757
7.0431397332
7.6245440901
12.4372324519
12.8474206947
6.8024814765
15.4836434830
19.6936757358
2.0203613697
1.6208216209
1.3540430365
1.2030846318
1.2110501441
1.2345314835
1.3784651441
3.3484576184
11.4250591287
10.2989064916
14.2860936853
16.3313330827
12.1822434343
9.5125603148
1.5623770407
1.3121404395
1.3691536004
1.4705004126
8.4654772204
19.5277533185
15.4033860896
1.5737493008
1.6618131984
1.1371242766
164.5075550094