126.2902146740
124.2310646608
124.9621152385
128.0220582271
133.4392967692
141.5969299358
216.8419606383
166.7199757727
165.9349324759
174.6208258521
201.0665031506
157.4109706744
153.8403850047
151.1155492710
151.1558429829
155.1720568373
164.4111371098
180.7583361829
207.2478737490
356.9788577030
805.8945640621
936.9273678716
688.1616120085
770.5381020630
1878.1897966600
882.8189702969
197.3205744738
163.6281837089
143.5930217942
132.1521451307
80.8660960619
81.0532553515
82.9065959210
86.4683736679
92.1822043999
100.9344270290
314.5316315986
361.3349786860
205.6767928941
287.1676719421
344.1404113009
554.4497122127
125.5244866998
122.7126332187
122.0913108773
124.8339400359
131.8456287932
144.3082335583
266.2165096042
1357.6861953317
971.9005926397
691.3602809833
914.5802064718
1025.4032339085
991.6406660846
133.0681503270
109.6293233722
95.3192212241
87.0418587867
82.6387553337
72.4913894261
73.4949082844
77.8343451916
85.6609447847
96.5567142556
178.8439857349
788.0300387226
361.7621640461
462.7707359285
502.3690884541
757.8134892086
1342.4932299750
487.3203497474
746.9312411714
1131.9529022991
850.6613018002
677.6136431915
961.7260109059
667.9014655287
802.1952264363
118.7279756084
95.4670999471
81.9379910215
74.9808916825
69.0715029503
69.6415778230
72.9543709013
78.9283016224
87.6968584567
100.0572313680
809.5720402543
780.2152158337
309.1031725099
704.4428034870
617.1413252498
528.6038357700
1054.2672552693
767.2410300031
738.3903660202
648.8232634592
831.1000211869
803.2066632926
1104.6975755592
132.0313910175
106.7198831307
88.9370905555
77.7473839917
71.5384375269
69.1698117004
69.7482715325
74.2488787783
82.9887789581
97.2694399163
778.9888305233
869.7738055421
426.5097187939
464.1618820129
753.2883597788
775.4141891703
412.4646111101
928.4580428577
1191.0124912540
122.9972558278
98.5785369490
82.2261018825
72.9615268777
73.2152497848
74.5499487039
83.2146224804
201.5683971479
677.2387242283
615.0929188066
847.6763897212
966.1997776164
722.5597287782
564.2043843919
94.6365071811
79.4206314336
82.6283893050
88.6466477571
500.4735732630
1143.5950332512
902.5700591824
94.9932681272
100.0619094120
69.0715029503
1878.1897966600