1.0015565105
0.9813310278
0.9848036324
1.0077771603
1.0502144095
1.1151686291
1.7826648204
1.3403205690
1.3102087461
1.4046557469
1.6267347472
1.2348186420
1.2053379108
1.1834911361
1.1845145789
1.2181502587
1.2948175283
1.4306199472
1.6518038222
2.8742189918
6.8658355410
8.3835450455
6.0351328465
6.4148278167
18.5378637024
7.8061883432
1.6266522529
1.3315188535
1.1555908408
1.0544335759
0.6293698239
0.6305631223
0.6450758082
0.6731816145
0.7183570430
0.7875084401
2.4735373362
2.8651844434
1.6447402050
2.2637036112
2.7421754090
4.3760075394
0.9719005634
0.9487255505
0.9434129274
0.9649740580
1.0205448889
1.1197758647
2.0704780534
10.6065313328
7.6315047502
5.4203044285
7.1914190543
7.9727123775
7.8814453116
1.0512423869
0.8626147008
0.7468293270
0.6797174007
0.6439285816
0.5709264608
0.5800049961
0.6168398314
0.6822660153
0.7702422698
1.4021283792
6.0903519810
2.8289501478
3.5850840529
3.8930956664
5.8579088372
262.9531488186
3.7386400016
5.7245272293
8.7002732763
6.5468108978
5.2300428009
7.4065269236
5.1335333744
6.2061990617
0.9398375912
0.7549390932
0.6464579681
0.5905736040
0.5466520774
0.5521511440
0.5799311004
0.6287101805
0.6980794365
0.7929201990
6.1741642176
5.9676493051
2.3833386533
5.3785778724
4.7166410782
4.0407297486
8.0346437992
5.8511608372
5.6286795701
4.9525998239
6.3438278748
6.1180712414
8.4290573255
1.0396765871
0.8432678006
0.7036400695
0.6150524797
0.5658253618
0.5473976720
0.5526854360
0.5887418659
0.6567525423
0.7653983623
5.9052998561
6.6007053002
3.2457230337
3.5321865674
5.7122034464
5.8778862837
3.1451752180
7.0316507069
9.0238699953
0.9639693765
0.7764295906
0.6493466094
0.5768440003
0.5775763833
0.5881730133
0.6546412876
1.5469896481
5.1214996507
4.6577568445
6.4040320481
7.2949344498
5.4662639188
4.2752524705
0.7426448202
0.6255169540
0.6482464473
0.6936621282
3.7890976034
8.6155802793
6.8071337558
0.7426536295
0.7794843330
0.5466520774
262.9531488186