1.1547453979
1.1317314042
1.1358371632
1.1622727520
1.2110025602
1.2855154789
2.0464935593
1.5446276045
1.5091704257
1.6182797113
1.8708931521
1.4238832211
1.3904236846
1.3656369242
1.3669548455
1.4055531569
1.4933489422
1.6486932116
1.9014314458
3.2952555415
7.8471378576
9.6040015660
6.9037230403
7.3232444418
21.3683122103
8.9081906804
1.8688848624
1.5316737352
1.3306619245
1.2151049686
0.7267382456
0.7281042173
0.7447755884
0.7770695428
0.8289749156
0.9084087884
2.8368846284
3.2810502525
1.8862747528
2.5967316673
3.1401431073
5.0113527374
1.1222221711
1.0960285121
1.0902002399
1.1151246434
1.1790029426
1.2928448537
2.3841946159
12.1700952285
8.7505438333
6.2206983102
8.2429509129
9.1642157064
9.0123177600
1.2109439825
0.9944973066
0.8616113225
0.7845649363
0.7434649156
0.6587422116
0.6691096308
0.7113494365
0.7864643402
0.8876915293
1.6163817565
7.0162917612
3.2518927394
4.1297142006
4.4818615744
6.7444140761
261.2337640526
4.3198584938
6.6139446285
10.0363278878
7.5540167614
6.0320442709
8.5450134962
5.9338719813
7.1479982312
1.0829153308
0.8702934144
0.7456045260
0.6813613859
0.6306513963
0.6369270409
0.6688516421
0.7250203028
0.8051060320
0.9149064963
7.1563065799
6.9054792517
2.7541298328
6.2286471852
5.4594449923
4.6775597498
9.3058971901
6.7784497432
6.5244718161
5.7404136386
7.3502307211
7.0998565588
9.7632757400
1.1993193057
0.9724636956
0.8114813873
0.7094447432
0.6527563058
0.6317312885
0.6378145683
0.6794616460
0.7582168352
0.8843481842
6.8690545463
7.6687380603
3.7710115976
4.1018519240
6.6404232991
6.8357132209
3.6521491516
8.1833736195
10.4935835272
1.1135894434
0.8963038089
0.7494101736
0.6657169318
0.6670423378
0.6793731883
0.7565703037
1.7958045545
5.9682513154
5.4230882434
7.4633795720
8.5048134885
6.3691080755
4.9798714071
0.8582015838
0.7224900501
0.7494713606
0.8024431636
4.4156515445
10.0572899003
7.9440570916
0.8590628265
0.9024470441
0.6306513963
261.2337640526