16.0342674297
15.7280344766
15.7941232979
16.1677677645
16.8495628738
17.8883479672
28.2647376244
21.3767207231
21.0028465667
22.3949998879
25.9088265721
19.8293991261
19.3624923463
19.0138040972
19.0270990821
19.5576398334
20.7698272430
22.9163219339
26.4076300800
45.8236124176
107.7398690675
129.9862111323
93.9676178196
101.4056276080
280.2432462481
121.4743843305
25.7634268874
21.1642799244
18.4245096988
16.8520055709
10.1294109210
10.1498178879
10.3829680891
10.8335168859
11.5573044076
12.6654751027
39.6862546082
45.8719950248
26.2805621818
36.3002425526
43.8495678182
70.1419350071
15.6647103229
15.2976702210
15.2144122517
15.5604132952
16.4500468825
18.0365327815
33.3205495701
170.4681118375
122.4882770320
87.0308771646
115.3760084960
128.3027187256
126.0886112206
16.8471374373
13.8400409299
11.9969268354
10.9292149979
10.3602202582
9.1577483051
9.2977485158
9.8759480139
10.9073574087
12.3080584629
22.5125817066
98.1776991254
45.4561044460
57.7567355255
62.7122819592
94.4288150542
712.3132116518
60.4040675278
92.5136148284
140.4748087587
105.6718513071
84.3502047222
119.5268784418
82.9019940774
100.0179984962
15.0532964680
12.0954856122
10.3642783041
9.4728271669
8.7564450199
8.8398480154
9.2774298340
10.0515969614
11.1626069642
12.6951900462
99.9418514447
96.5064189026
38.4532626993
87.0293474329
76.2962024597
65.3590046342
130.0766237958
94.7096394199
91.1255632995
80.1525015132
102.6626365889
99.0819263836
136.4157762342
16.6773428397
13.5137524711
11.2722772837
9.8534337122
9.0652657791
8.7687680594
8.8500947186
9.4254886563
10.5200484495
12.2802608096
95.7865511669
107.0176884134
52.5849588466
57.2228698880
92.6421207257
95.3419885590
50.9255888592
114.0988429574
146.3894222784
15.4846085554
12.4544948140
10.4082285634
9.2430951681
9.2608182781
9.4303281958
10.5046489174
25.0026407500
83.1488775756
75.5835264292
104.0013008119
118.4982460816
88.7380049132
69.3710420759
11.9255387093
10.0341774596
10.4106611086
11.1483464798
61.4979697449
140.0582443881
110.6233561387
11.9389221655
12.5442166035
8.7564450199
712.3132116518