18.6905803842
18.3345020430
18.4120599021
18.8478821770
19.6427188447
20.8534841986
32.9289345438
24.9098559393
24.4833104939
26.0966943700
30.1877894378
23.1175699463
22.5736303089
22.1672104960
22.1824811505
22.8003947405
24.2124403639
26.7128193199
30.7794465326
53.4035600668
125.4623435243
151.1935282703
109.3715158292
118.1175295437
325.3153829358
141.4001877043
30.0171021797
24.6626018406
21.4729201860
19.6423207485
11.8101331874
11.8340185675
12.1058514011
12.6310782718
13.4748043850
14.7666221678
46.2681005303
53.4717665215
30.6294519185
42.3188272466
51.1107694895
81.7715114529
18.2654998858
17.8378476105
17.7408670190
18.1442192219
19.1812301816
21.0304296550
38.8518698994
198.7604361988
142.8048715126
101.4704587376
134.5107512616
149.6049607238
146.9764482814
19.6381532167
16.1337932268
13.9860874093
12.7419759600
12.0790097343
10.6751957604
10.8381126162
11.5114525989
12.7128028738
14.3449938233
26.2459003759
114.4855079801
52.9970962532
67.3473457437
73.1264488218
110.1158045202
748.7528604969
70.4443711396
107.8927317373
163.8222117623
123.2311783575
98.3614495393
139.3861649223
96.6766318899
116.6309508008
17.5463511605
14.0988287975
12.0812857016
11.0424415313
10.2065396500
10.3035064197
10.8131470397
11.7151113614
13.0100640235
14.7971411049
116.5590783235
112.5467149210
44.8403289718
101.4982966513
88.9796928350
76.2248618889
151.7084942728
110.4578167311
106.2784660428
93.4784991696
119.7319442130
115.5568329324
159.0966857394
19.4407561990
15.7520880680
13.1390556956
11.4852394035
10.5665800550
10.2208306827
10.3154373428
10.9859851196
12.2620721270
14.3148898105
111.7198700792
124.8167939905
61.3282341223
66.7371847675
108.0503009134
111.2003750494
59.3920612483
133.0746696078
170.7410181950
18.0514521812
14.5179497158
12.1321574503
10.7738512525
10.7948047415
10.9923655004
12.2451260692
29.1561146044
96.9792940098
88.1561631587
121.3036418977
138.2114807753
103.4978353030
80.9076137682
13.9020116450
11.6965480795
12.1360434383
12.9964569598
71.7275118230
163.3611794827
129.0256124506
13.9183031412
14.6246652023
10.2065396500
748.7528604969