9.6240731640
9.4390512079
9.4752756190
9.6939156644
10.0947833398
10.7062148332
16.8724779564
12.8097233314
12.5430878090
13.4200737749
15.4713134242
11.8653338273
11.5984498132
11.4016783736
11.4166336877
11.7345439594
12.4521981768
13.7175963506
15.7705699384
27.0488822834
63.8367925100
77.7794427307
56.1613755346
59.6040644729
171.3540238599
72.4368074475
15.4238522999
12.6847714277
11.0517466459
10.1133413443
6.0803834100
6.0917214326
6.2291995684
6.4954904577
6.9233087299
7.5774382178
23.2451086531
26.8246019877
15.5300746233
21.3178246346
25.7060354350
40.9110608774
9.3821857586
9.1767874287
9.1359832455
9.3452984539
9.8719669759
10.8047906054
19.7362860656
99.5742663937
71.5457594145
50.9738223568
67.3240051661
75.2779103769
73.2945772990
10.0542336206
8.2790334589
7.1885559742
6.5557730478
6.2179430853
5.4980447644
5.5820087153
5.9278509782
6.5444534779
7.3793829386
13.4148684851
57.9659416497
26.7356811660
34.1312699307
36.9886531240
55.6432753657
356.0542788312
36.0436096091
55.1591976420
83.2632678149
62.7575245622
50.0601356600
70.9481133738
49.6061782540
59.0309819410
8.9979564180
7.2430238788
6.2151031289
5.6852968046
5.2616553563
5.3122382622
5.5750710492
6.0398747531
6.7068533842
7.6278212394
60.3883859187
57.8961905337
22.9981622660
52.3731046722
45.8430540842
39.2957208179
78.2968482708
57.1036020868
55.0960904608
48.4952157939
61.9687230002
60.2725770256
82.1819541905
10.0006623650
8.1025727968
6.7626955276
5.9158161782
5.4456218234
5.2771219771
5.3271646198
5.6752098978
6.3382094964
7.4084564789
58.8809282542
65.3593647553
32.1809461869
34.9186050112
56.7744039602
58.5527109966
31.1191332667
70.3537621151
89.8198354154
9.3333360141
7.4947324844
6.2611665564
5.5612534936
5.5862590787
5.6914600128
6.3487400858
15.2957905616
51.6378379647
46.7132651298
64.5794052543
73.7227099925
55.0814025776
43.0309896120
7.2032242852
6.0534349775
6.3008918800
6.7587790605
38.2317183386
87.7290869334
69.2384309242
7.2364014370
7.6250854550
5.2616553563
356.0542788312