4.8855699131
4.7950065946
4.8157863252
4.9286386893
5.1337624802
5.4456543280
8.5197455304
6.5117240714
6.3798094641
6.8161662062
7.8450806910
6.0404399023
5.9044134066
5.8030996894
5.8091013969
5.9690520166
6.3319997939
6.9725961432
8.0114386250
13.7460809436
32.1298174617
39.1491705046
28.1441669508
30.0753167629
86.3767364741
36.0537614580
7.7850347392
6.4142468900
5.5975410043
5.1289286173
3.0969076884
3.1029277786
3.1731635032
3.3090347953
3.5272999201
3.8612072463
11.9016316697
13.7016481831
7.8866532912
10.8937679109
13.0994859002
20.9454323293
4.7868554833
4.6813124117
4.6595603146
4.7657803305
5.0344726513
5.5109504890
10.1048085883
51.1555880814
36.6970559619
26.1421059067
34.5355577672
38.6902147191
37.5010771673
5.1187135429
4.2145243830
3.6598602716
3.3382280470
3.1666385882
2.7956831942
2.8375122059
3.0117083841
3.3232108322
3.7479611184
6.8525989976
29.7869090849
13.7132497126
17.5211202932
18.9931982345
28.5993522528
370.8413785101
18.4755763939
28.2909749828
42.7713645939
32.2001499607
25.6772950187
36.4088484132
25.3909338140
30.3264074884
4.5781519354
3.6837454404
3.1606881803
2.8912138150
2.6730166654
2.6979719572
2.8305377423
3.0660355701
3.4058182368
3.8773172925
30.8443902910
29.6426568678
11.7698239976
26.7851864825
23.4548835412
20.0991922631
40.0510776234
29.1855591857
28.1285141641
24.7414258439
31.6503905508
30.6886054952
42.0145111290
5.0875696042
4.1198608247
3.4373071149
3.0062683542
2.7669635495
2.6795706573
2.7044288510
2.8808527423
3.2182560533
3.7640035597
29.8708646802
33.2509861855
16.3463796277
17.7598661527
28.8389860799
29.7124091329
15.8079515782
35.6368513558
45.6072900390
4.7427409786
3.8078582641
3.1803890994
2.8243561908
2.8355002251
2.8885922205
3.2223657811
7.7577656333
26.0759964748
23.6388614687
32.6173608426
37.2046845549
27.8159708053
21.7289791427
3.6567792786
3.0729992528
3.1967908361
3.4286078629
19.2894469371
44.1411797010
34.8408020895
3.6709110183
3.8661000121
2.6730166654
370.8413785101