129.7885781483
129.2856627300
130.9528069678
134.5430682326
140.1856440876
148.2471285573
193.1589397403
167.6670744118
171.5585962200
173.9274530753
192.7663295738
166.9364229619
164.0522991384
161.5871983819
161.4420319405
164.7960613039
172.6887481155
186.5025396105
208.2785429062
338.3577822091
612.4548570858
644.2023411583
473.2479787799
620.1073443381
1016.6220329996
538.0711940058
176.2305793823
153.6560611772
140.3987052905
133.1057698336
88.2352352212
88.5135865586
90.4416628396
94.0850247187
99.9028651477
108.8216184402
322.9791427817
356.8389397062
197.3157943886
291.8846267609
332.8933294267
557.6821884670
138.8499928175
136.5976819768
136.2653119872
139.1961399997
146.3350253918
158.7297695454
288.6308091249
1431.6631323037
1003.6090811935
721.6105084519
939.8830863802
1107.9070194626
967.5044854133
138.0811453457
115.4606555134
101.8526271452
94.0135561565
89.8632210539
76.5002425825
77.0757070229
80.5732900947
87.3205964027
98.0071891962
191.4775170689
875.2056233069
384.8149277647
510.1605888669
551.4136706048
837.9500992018
135.5803272838
556.7333645606
855.6584331460
1280.7335989662
959.0756168069
756.9080789439
1082.5028685238
759.7432107879
886.8115333815
122.7971665922
99.2534867356
85.9253965397
79.0953001575
71.9355140890
72.1431945528
74.9874450963
80.6674304555
89.9475236584
104.2792521384
947.7217225431
903.1925979414
349.1197246680
820.2275139838
715.8584043477
612.8783974727
1233.4394553956
896.3500268029
864.4559304714
756.5829255432
968.5543312715
943.9651278322
1288.4925256965
139.2667946465
111.3829363790
92.5410315463
80.9983898574
74.6224858667
72.1732702109
72.5284690842
77.1232278476
86.8723139525
103.8366831622
931.4510334697
1035.2760724397
503.9396023917
547.9259849498
898.8162258256
926.3493557349
483.8070828028
1112.6418810733
1424.5921615541
132.1345619355
104.2404343646
86.2660925429
76.3193412714
77.2839030909
78.7445052353
88.8272813228
232.5763623196
816.3913000344
738.0651229807
1024.2709335155
1169.6731819794
869.4898474227
675.7448800770
101.4720127416
84.2061823754
88.8666849107
96.2360838105
601.3859040369
1393.9618273819
1096.8205398171
103.2440998861
110.1226603748
71.9355140890
1431.6631323037