321.1886160426
321.3480791848
325.9012915442
334.4715034277
347.4100496638
365.4678985079
436.7598687710
407.2112960052
417.2355658823
421.4633268905
451.2325424250
413.7196719498
409.2936462127
405.2748150817
405.6770266927
413.1453594915
429.7868084144
457.9537920477
500.6216788751
743.4954965225
1180.0973542637
1207.7973450835
902.5269932723
1179.4673178408
1749.0558763626
918.8287678823
404.8293395910
363.6241850269
339.5140592318
326.5528508959
223.2777632492
223.9366974531
228.4089365386
236.8718745690
250.3711688284
270.9710746696
721.2737944072
767.9052864159
438.4314795989
654.0279760164
714.8747233703
1203.4674699731
351.3228393748
348.4267406776
349.1035461165
356.6704312668
373.3363613369
401.0909245818
699.1349237643
3242.8881088209
2234.3222055394
1637.8747807480
2075.5360230263
2602.0756648830
2006.3346173733
334.9750219631
284.4354517468
253.9876759008
236.3572839191
226.9717487135
191.0361664475
192.0138870714
199.5585337616
214.6489116545
239.8503898840
472.3154466850
2139.9561134141
898.9403801010
1242.6695680550
1330.2000697528
2026.5736954469
127.6741936685
1426.5775946704
2191.8529124620
3204.4401535484
2406.6812187832
1886.0526076903
2712.4635753548
1958.2095417109
2160.2951472543
299.1875197533
243.9288550592
213.0471822465
197.2126213735
179.1172411339
179.3423885031
185.8503021507
199.4649141765
222.7376831691
260.0856395589
2536.2583492489
2364.0089559467
894.4555304765
2167.9157776502
1881.1774239472
1612.8014345206
3269.3004097506
2382.7640134364
2314.7533419272
2024.5485778396
2578.9126809560
2564.1579225850
3418.6611747480
346.3434133565
275.4286843293
228.9559661785
201.0286016046
185.6934845772
180.7051913247
181.5269810698
193.2005605908
218.8408849180
264.8547680847
2599.8325947737
2850.5338335654
1387.8296076060
1500.3049103098
2492.1181689990
2579.1958801803
1324.0701889008
3123.0224366859
3963.1990447374
336.4053332436
262.2630665063
216.0741027011
191.0724874589
195.7993014523
199.9502255267
227.5357445019
633.7728078191
2323.7469196375
2080.9562498602
2917.2769999497
3343.5603787222
2470.6830548169
1914.2984168591
259.5992014661
213.7167367322
228.9962178509
250.1410025498
1712.1096551956
4035.5444052190
3167.7249115357
268.1130909348
289.5510272555
127.6741936685
4035.5444052190