45.2962834867
44.4839417194
44.6989435247
45.7658887906
47.6894734493
50.6062624979
78.8343065044
60.1568235530
59.3341240379
63.0028792609
72.6484382339
56.1650614982
54.8788755820
53.9120457917
53.9477934329
55.4209356971
58.7865218660
64.7378448470
74.3957188518
128.2838818225
296.8788701646
354.4401287911
257.3736389919
280.3983482306
748.7519722652
330.9864626236
71.8744807103
59.2958054187
51.8065135918
47.5156657800
28.7830373439
28.8435480824
29.5018685420
30.7718761295
32.8109925971
35.9326045009
111.7551345145
128.7419068001
73.7095283401
102.1830729699
122.9231393272
197.0670734464
44.5621741067
43.5550103785
43.3356022779
44.3176732098
46.8236488420
51.2788598792
94.4303995028
480.8817695559
344.9179436904
245.3759708054
324.6939612363
362.9399778701
353.1479942699
47.5878981199
39.1636197483
34.0058902442
31.0186633254
29.4272152829
25.9299415049
26.3105536855
27.9107320652
30.7778585256
34.7089860856
63.7452195202
278.6859572979
128.4063741351
163.8377984866
177.7908248093
267.8842736035
877.0499417873
172.2584111068
263.8795652928
399.8143867124
300.7508106668
239.7807699406
340.0633335509
236.4185925539
283.7893358884
42.5123949262
34.1842199366
29.3219823471
26.8191455222
24.7619178069
24.9851966667
26.2018489967
28.3711866452
31.5139201299
35.8904049319
286.3226867453
275.8096008481
109.5385537194
249.0227082014
218.1709978601
186.9081254089
372.4140330097
271.1896589053
261.1279859512
229.6049347425
293.9558153263
284.3430332912
390.5100093937
47.2107874448
38.2131134519
31.8669622159
27.8615761128
25.6379707869
24.8056910977
25.0277114592
26.6520783229
29.7700028682
34.8226594344
275.8879191885
307.7290963084
151.1241296348
164.3661245165
266.6355841144
274.5446888741
146.2145551986
328.9096656265
421.5493563652
43.9483275403
35.2816321195
29.4589056934
26.1533923022
26.2364712386
26.7195193384
29.7997423757
71.6590008077
240.1581801717
218.0008217914
300.4563620689
342.4976557378
256.2314202603
200.1697246276
33.8490913050
28.4416349607
29.5653065688
31.6977987129
177.5770250851
405.6504238286
320.2325477474
33.9518067069
35.7348367121
24.7619178069
877.0499417873