39.1001935640
38.3623584971
38.5297588811
39.4456171927
41.1121369313
43.6487150274
68.8176736064
52.0534083397
51.2506329221
54.5484127557
63.1027901966
48.3958023331
47.2547569817
46.4004422230
46.4289234343
47.7190087603
50.6709566685
55.8996583366
64.4039673007
111.8299470992
262.1592945512
313.9608261024
227.9368752404
247.1181654867
667.7557773735
294.6108162818
62.7022520439
51.5417319047
44.8943923526
41.0808216828
24.7259306543
24.7769458867
25.3469666688
26.4475529019
28.2152553715
30.9219965768
97.0300644688
112.1371403202
64.1627591466
88.7279505084
107.1511259271
171.5346253324
38.2556466415
37.3570857068
37.1517461327
37.9953416069
40.1671685660
44.0413210608
81.4171755726
416.9458715070
299.5247466105
212.7790068603
282.1335673854
313.7132853916
308.3351985105
41.1047439446
33.7695267281
29.2760758875
26.6738240907
25.2875790474
22.3369701884
22.6765923487
24.0824037653
26.5914571026
30.0038542693
54.9492560100
239.9796198876
111.0818792095
141.1505487134
153.2908470520
230.8787277220
965.0167804716
147.5903597702
226.0733246944
343.3703907070
258.2572425503
206.1205131500
292.1117176460
202.5091581988
244.4820619064
36.7176418436
29.5003582626
25.2786818469
23.1054655092
21.3496305834
21.5510388398
22.6148538342
24.4990301647
27.2065265747
30.9462105901
244.0561137810
235.7405040487
93.9034561882
212.5713818136
186.3612802961
159.6396707730
317.7448209929
231.3281073924
222.5481179099
195.7113224365
250.7310567309
241.8921364591
333.1620091413
40.6810127219
32.9573777069
27.4872076358
24.0260028059
22.1035741953
21.3767475886
21.5731545118
22.9740916359
25.6425782175
29.9380854715
233.7690253812
261.2330479408
128.3266440922
139.6728965647
226.1281732495
232.7017105780
124.2895158928
278.4288437871
357.2932821404
37.7679940451
30.3714602476
25.3776555727
22.5347373923
22.5764747075
22.9884016539
25.6083579160
60.9904744627
202.8433415418
184.4181457392
253.7185971632
289.0669067428
216.4821057882
169.2321648067
29.0801166715
24.4643088641
25.3821066411
27.1811180471
150.0065208055
341.5837515590
269.7930959167
29.1121092056
30.5882828655
21.3496305834
965.0167804716