1.0903340038
1.0681164681
1.0717885094
1.0967525068
1.1429564166
1.2137292441
1.9445214813
1.4599500397
1.4263145281
1.5302987618
1.7729214362
1.3436961360
1.3114821023
1.2876352303
1.2887595470
1.3254727124
1.4091514022
1.5574022616
1.7989433853
3.1332079494
7.5039867366
9.1731333118
6.6017991686
7.0061512163
20.3146857108
8.5433652665
1.7742249672
1.4513874426
1.2589293960
1.1482386864
0.6845276323
0.6858159088
0.7016153984
0.7322212411
0.7814188169
0.8567277372
2.6938658265
3.1220589567
1.7925599128
2.4655428869
2.9887314181
4.7675632515
1.0568688288
1.0315344409
1.0256962734
1.0491517689
1.1096704536
1.2177851909
2.2525201868
11.5474591112
8.3110374585
5.9018296933
7.8323463074
8.6757715102
8.5904125517
1.1444095981
0.9388135345
0.8125896378
0.7394243691
0.7004055215
0.6213105599
0.6312507141
0.6714758250
0.7428730355
0.8387275935
1.5256228650
6.6239280535
3.0793094241
3.8997231390
4.2351099347
6.3719766940
273.6810043358
4.0636408927
6.2217081867
9.4586765869
7.1175956904
5.6872693909
8.0529181214
5.5801056151
6.7504481084
1.0231742355
0.8217940339
0.7035953773
0.6427013578
0.5950147155
0.6010476862
0.6313623511
0.6845267986
0.7600161060
0.8630625708
6.7063810039
6.4839659765
2.5909881929
5.8432227713
5.1244662632
4.3901618254
8.7279649840
6.3558303019
6.1137936674
5.3797021326
6.8915308448
6.6440705550
9.1563343815
1.1314623250
0.9178731743
0.7659239121
0.6694746019
0.6158734820
0.5957969757
0.6015814394
0.6408354581
0.7147713464
0.8327393591
6.4098390362
7.1660978738
3.5241738329
3.8354304097
6.2007140234
6.3801847339
3.4154792812
7.6317487063
9.7948248369
1.0486782833
0.8449001351
0.7067045977
0.6278255673
0.6285070382
0.6400259327
0.7122179254
1.6804405335
5.5572351078
5.0549151495
6.9485481635
7.9148123725
5.9316152339
4.6396840512
0.8079077365
0.6806253992
0.7051578983
0.7544238739
4.1116025067
9.3453651348
7.3840307398
0.8076922698
0.8475312012
0.5950147155
273.6810043358