1.3158113574
1.2905544884
1.2953780007
1.3249933204
1.3793531343
1.4622722124
2.2979509841
1.7544093158
1.7112105721
1.8370630830
2.1106802477
1.6208636275
1.5852861673
1.5591400044
1.5615440592
1.6049074401
1.7023660032
1.8738950597
2.1517509238
3.6667901901
8.6631382714
10.6835460915
7.6655047269
8.0363852689
24.1038789629
9.8262635213
2.1048432867
1.7323023520
1.5101422697
1.3824387136
0.8317860098
0.8332694626
0.8519206684
0.8881008904
0.9462426849
1.0350987974
3.1472746107
3.6229092174
2.1030828061
2.8868517290
3.4719354588
5.5250143271
1.2829167992
1.2557296251
1.2506512138
1.2793689120
1.3510381241
1.4776155466
2.6895514238
13.4946860982
9.6851217831
6.9114988145
9.1097059916
10.2330798249
9.8769062320
1.3722459038
1.1310266222
0.9827124372
0.8965851620
0.8505637541
0.7521794550
0.7636533500
0.8109086661
0.8951937297
1.0093149359
1.8336062620
7.9066656328
3.6351291970
4.6546865167
5.0391637481
7.5808351612
182.9949817236
4.9350579222
7.5518426138
11.3759840521
8.5765673887
6.8380887809
9.6954941195
6.7963242582
8.0489664419
1.2289573660
0.9899230813
0.8499013343
0.7777040695
0.7200571186
0.7270135109
0.7630116932
0.8266972103
0.9181618922
1.0446189463
8.3004086213
7.9427295296
3.1505509514
7.1906037423
6.2906911774
5.3929898901
10.7508843945
7.8430274256
7.5722168395
6.6643594646
8.5124268129
8.2933347954
11.2859532269
1.3676763840
1.1079329504
0.9249002268
0.8093054013
0.7451447451
0.7225354097
0.7294767518
0.7772962303
0.8684552387
1.0158141630
8.1205984849
9.0043469330
4.4335030477
4.8082563691
7.8254979013
8.0729280900
4.2843510562
9.7057600347
12.3832191787
1.2784943437
1.0260499155
0.8570800395
0.7613456070
0.7654159606
0.7800334022
0.8706277628
2.1058015813
7.1317688915
6.4470354255
8.9194784630
10.1848323344
7.6058170614
5.9401456052
0.9872607364
0.8293976063
0.8641795382
0.9275487761
5.2799791664
12.1309584927
9.5719319446
0.9928188973
1.0470508389
0.7200571186
182.9949817236