0.0000587697
0.0000572188
0.0000572156
0.0000584619
0.0000609324
0.0000648122
0.0001112560
0.0000797943
0.0000766069
0.0000838717
0.0000987460
0.0000712324
0.0000693147
0.0000679482
0.0000680450
0.0000701910
0.0000750524
0.0000837043
0.0000979418
0.0001754271
0.0004526556
0.0005718306
0.0004083099
0.0004153151
0.0013460082
0.0005400789
0.0001014580
0.0000814109
0.0000694288
0.0000624839
0.0000357897
0.0000358383
0.0000366825
0.0000383326
0.0000409906
0.0000450569
0.0001455317
0.0001718351
0.0000996464
0.0001336858
0.0001657361
0.0002597678
0.0000547202
0.0000532042
0.0000528162
0.0000540515
0.0000573223
0.0000632365
0.0001179533
0.0006142298
0.0004471805
0.0003157079
0.0004227994
0.0004542984
0.0004755688
0.0000614262
0.0000500210
0.0000429725
0.0000388787
0.0000366903
0.0000331033
0.0000337387
0.0000361207
0.0000402589
0.0000455412
0.0000803506
0.0003404487
0.0001631225
0.0002016627
0.0002196938
0.0003288854
0.0183146980
0.0002044010
0.0003122405
0.0004788730
0.0003615561
0.0002907466
0.0004092079
0.0002811228
0.0003483086
0.0000550244
0.0000441059
0.0000376077
0.0000342513
0.0000319430
0.0000323507
0.0000341096
0.0000370790
0.0000410877
0.0000462679
0.0003308710
0.0003226209
0.0001316451
0.0002897044
0.0002547931
0.0002183849
0.0004314006
0.0003143122
0.0003020093
0.0002671510
0.0003412645
0.0003285079
0.0004523163
0.0000602226
0.0000491692
0.0000411188
0.0000359303
0.0000330367
0.0000319849
0.0000323485
0.0000344739
0.0000382922
0.0000441381
0.0003165114
0.0003522193
0.0001750286
0.0001897069
0.0003054926
0.0003150674
0.0001703817
0.0003786698
0.0004816144
0.0000553979
0.0000450244
0.0000378271
0.0000336616
0.0000335875
0.0000341905
0.0000378423
0.0000852045
0.0002793927
0.0002519183
0.0003482507
0.0003983222
0.0002986242
0.0002347857
0.0000428401
0.0000362933
0.0000373950
0.0000398281
0.0002082873
0.0004785259
0.0003786959
0.0000426337
0.0000445252
0.0000319430
0.0183146980