150.6808332284
148.3924693820
149.3583614297
153.0520398033
159.5175902313
169.2087075679
255.6025791444
198.2698632538
198.0608488340
207.5555482228
238.2711428372
188.3274198118
184.1578271505
180.9508906956
180.9851316356
185.6962018887
196.5447619495
215.7193406765
246.7232932227
422.6754116423
938.2600556781
1079.3660605275
795.5798440050
901.3287193736
2119.0253558728
1015.4476147332
232.6083365889
193.6923947135
170.5669819596
157.3895069352
97.0163449710
97.2491413610
99.4618202943
103.7071993421
110.5144783669
120.9416839998
374.7826698228
429.1411189247
243.9231414911
341.9722741088
408.1503825541
659.3638619006
150.7811519456
147.5039353377
146.8017484964
150.0867120529
158.4387211171
173.2476851876
318.9470559664
1621.2746780467
1158.4146732099
824.9322940179
1089.5391156865
1227.4759627929
1175.9778452920
158.8330301759
131.0525947452
114.1125844091
104.3171276063
99.1085288207
86.6838859438
87.8328005765
92.9051235029
102.0987232647
115.0315142927
214.0467593851
946.1168323727
432.4299120574
555.2107401761
602.4059245081
909.3711919821
1406.5759178968
587.0810660395
900.0526047916
1361.8304173363
1023.1987306963
814.2957678703
1156.5603565501
804.4276044545
962.6936758925
141.6759810858
113.9822062893
97.9145298921
89.6549598842
82.4911465210
83.1311539999
87.0220697090
94.0963048260
104.5792897010
119.4897966143
978.3898967623
941.4438470108
371.9660648111
850.6595914912
744.8968314096
638.0205253520
1273.7926591905
926.9347674746
892.4287755459
783.8628138767
1003.9115650523
971.4350328498
1334.3818552717
157.8653181226
127.4702459805
106.2003897266
92.8516563257
85.4485033820
82.6271793614
83.2918883505
88.6571376562
99.1650366659
116.4495179191
944.3428595146
1053.5483900651
516.2621001181
561.7077323290
912.8652217040
939.8819051601
498.8640685417
1126.0022119973
1443.7801714868
147.3559794830
117.9105717372
98.2740157123
87.1764445929
87.5644516153
89.1672972213
99.6358509453
243.3762223745
822.1049094876
746.1198596441
1029.2522372371
1173.5107580201
876.9236439034
684.3776489855
113.3652096353
95.0280051627
99.0158892278
106.3313441058
607.3345401829
1390.4056433782
1096.9810468598
113.9599169987
120.2030562749
82.4911465210
2119.0253558728