549.5810598402
546.1874599047
552.6696439056
567.7890948227
592.0351010343
627.0333726570
847.8334427224
713.4108904144
728.9194659170
741.2206262962
832.6859619677
704.2259726804
690.5892296443
679.2035123522
678.3981044232
693.2827803100
728.5395338477
790.6880524765
889.6830080293
1482.6509737210
2818.8220517619
3000.9698107183
2206.5136208898
2851.6229365330
4891.6271766654
2610.9529764113
770.1526636471
663.5359725697
600.7722397995
565.9349360183
369.4057931107
370.5612769967
378.8302774109
394.4737325285
419.4672036365
457.8125796453
1396.2556348315
1562.2838696311
863.2632229812
1263.4736585014
1462.8398891041
2433.1522390978
580.3592040645
569.5199520129
567.4225670869
579.6679577060
610.2880128657
664.0224907771
1219.4232003559
6146.8474295078
4336.1031378134
3101.4467453058
4068.4931389928
4707.9453270551
4267.5860382160
586.4800327783
488.0250510634
428.7185656275
394.5735171147
376.5065609366
322.3221566745
325.1189520343
340.7470195317
370.4465179507
416.3221309961
806.6539099314
3676.8934163162
1640.4300463991
2147.3305771745
2326.7926396875
3530.4620777847
867.9797932452
2309.4579916791
3548.4180429379
5343.9813280836
4002.1502948578
3166.6056528614
4519.0293326527
3149.9679822723
3730.8540417322
521.2606311689
420.3168188571
362.8484330175
333.3881267131
303.7135818288
304.8581646120
317.3279181598
341.7118853900
380.7164277818
439.8860607781
3885.5483514318
3724.5658701044
1450.3072903163
3373.4784436000
2949.2423860504
2524.3351657861
5067.3520138227
3681.0956317981
3544.2648943407
3104.0626820535
3977.7292730497
3857.6519447313
5294.6104646890
587.3565847430
470.8833927727
391.3141163302
342.2236726763
315.0562604791
304.3106820933
305.9286466995
325.2615556489
365.5985940011
434.8587699433
3777.4225463178
4212.1212223839
2052.4207197364
2234.2654059047
3650.9945105859
3759.3780836555
1974.9352045980
4506.5982729881
5781.3394579196
553.4508133035
438.4761817970
363.5177276992
321.7252617480
324.6492198371
330.5793445331
371.7563768969
952.1014548351
3295.0162519337
2986.1749283998
4132.2408595602
4714.6365852646
3511.5871019244
2732.5123966302
424.6910518016
353.4447633856
371.2175394358
400.8199515657
2428.3179300427
5599.9035804705
4410.2910065926
430.0970756358
456.8897297062
303.7135818288
6146.8474295078