1.2117824452
1.1875419422
1.1918437622
1.2196450734
1.2709102382
1.3493177624
2.1509683082
1.6214289003
1.5846287142
1.6989698341
1.9652737030
1.4944345258
1.4590492093
1.4328089527
1.4340893331
1.4746529094
1.5670510765
1.7306382524
1.9969160746
3.4674961977
8.2639728275
10.1015785120
7.2652440046
7.7162277022
22.4156892392
9.3793804960
1.9636348420
1.6086078580
1.3969867548
1.2753318803
0.7622791420
0.7637221757
0.7812554853
0.8152122783
0.8697909243
0.9533293591
2.9866096839
3.4559346349
1.9842531150
2.7330417996
3.3067242620
5.2794795447
1.1772815824
1.1495048039
1.1432178308
1.1693377903
1.2364911614
1.3562942307
2.5050680185
12.8131178177
9.2147772973
6.5475948309
8.6817683597
9.6404388154
9.5006836050
1.2715816740
1.0438721927
0.9040978319
0.8230730665
0.7798597505
0.6911202389
0.7020343957
0.7464485640
0.8254029664
0.9317486090
1.6971005390
7.3725487543
3.4202966665
4.3393980122
4.7108474180
7.0893258711
274.8473199947
4.5319292228
6.9392187650
10.5389372650
7.9306063813
6.3340675792
8.9717745791
6.2232407748
7.5117372177
1.1369308573
0.9134642611
0.7824020399
0.7148819648
0.6616411519
0.6682453991
0.7017825538
0.7607520217
0.8447620118
0.9598327843
7.4941270209
7.2385036371
2.8888267653
6.5260993479
5.7217525474
4.9018329569
9.7497019428
7.1004579755
6.8320050638
6.0110394867
7.6986616704
7.4290820466
10.2279638299
1.2584381823
1.0205060673
0.8515289162
0.7443820404
0.6848486128
0.6626397933
0.6690199615
0.7126812424
0.7951707212
0.9271433325
7.1777017652
8.0193216181
3.9430794309
4.2902726519
6.9413814559
7.1437306284
3.8197824414
8.5483966347
10.9672328234
1.1675884117
0.9400719031
0.7860861367
0.6982964262
0.6994200875
0.7122976661
0.7930297904
1.8782598606
6.2291760534
5.6632588701
7.7894986539
8.8743972448
6.6479889897
5.1987388060
0.8996107748
0.7575261387
0.7854234403
0.8406976926
4.6083163476
10.4860708205
8.2840090355
0.9000459259
0.9450802657
0.6616411519
274.8473199947