1.0996683795
1.0772505577
1.0809474859
1.1061208176
1.1527173101
1.2240943731
1.9612977356
1.4725438904
1.4384925374
1.5434838027
1.7881705058
1.3551592592
1.3226690568
1.2986193682
1.2997555018
1.3367860375
1.4211859124
1.5707141650
1.8143376153
3.1600107164
7.5690240458
9.2550241128
6.6598459874
7.0664665126
20.5011298928
8.6185198848
1.7895651969
1.4638957585
1.2697485442
1.1580846824
0.6903593778
0.6916575354
0.7075911006
0.7384575236
0.7880743269
0.8640249419
2.7166907632
3.1486806250
1.8078780081
2.4865657301
3.0142184056
4.8080081114
1.0658569212
1.0403061570
1.0344186183
1.0580747586
1.1191106771
1.2281497144
2.2716807305
11.6455790171
8.3818994668
5.9519890518
7.8989982032
8.7495279900
8.6635879484
1.1541907525
0.9468321334
0.8195238373
0.7457293668
0.7063745643
0.6266225710
0.6366502432
0.6772253334
0.7492415828
0.8459195570
1.5386583281
6.6802135366
3.1054449006
3.9327733700
4.2711136342
6.4260260935
274.8022239338
4.0981444380
6.2746967773
9.5389621022
7.1783374061
5.7355636672
8.1214102219
5.6271537920
6.8078100746
1.0319286117
0.8288259313
0.7096134079
0.6481964692
0.6001099583
0.6061967803
0.6367745941
0.6903976907
0.7665330322
0.8704544954
6.7632777896
6.5390960438
2.6129279667
5.8927200635
5.1680239137
4.4273842810
8.8019653277
6.4098314035
6.1656476827
5.4253012895
6.9498461512
6.7004674271
9.2342187433
1.1411357178
0.9257278057
0.7724812342
0.6752066566
0.6211465611
0.6009001974
0.6067358115
0.6463271005
0.7208937452
0.8398625720
6.4641456101
7.2268184878
3.5540655021
3.8679906013
6.2533338763
6.4341916737
3.4445046202
7.6965492704
9.8784300807
1.0576407552
0.8521284238
0.7127544674
0.6332018245
0.6338875361
0.6455053018
0.7183114717
1.6947386626
5.6043932629
5.0978676993
7.0074732820
7.9818893406
5.9819412411
4.6791595818
0.8148158797
0.6864498535
0.7111879282
0.7608717029
4.1465481420
9.4246054365
7.4467368527
0.8145938593
0.8547679743
0.6001099583
274.8022239338