19.1267024074
18.7662464464
18.8357300291
19.2595112341
20.0365777916
21.2209181286
33.2081246036
25.2167781357
24.7978559164
26.4524947086
30.4442676387
23.5213643279
23.0257801524
22.6670841068
22.7138271797
23.3409546368
24.7342898044
27.1760841530
31.1224676350
52.5876485892
123.5471240237
148.7899380851
109.0148480723
115.4057371624
318.8559723490
141.5982751881
30.3876903276
25.0730264676
21.9018384048
20.0782390935
12.1121214667
12.1338020531
12.4016911698
12.9210153030
13.7548941670
15.0276280561
44.7160707452
51.5794911411
30.3828936808
41.2216655622
49.6721015222
78.2831780999
18.6474753433
18.2797979971
18.2241083941
18.6449943941
19.6719218348
21.4723385581
38.5672929302
190.6214874502
137.0209912969
97.9499346790
128.6863645161
144.9773884612
139.5377962481
19.8244356785
16.3854476600
14.2688979740
13.0385623906
12.3806056977
10.9290299434
11.0918728046
11.7665529205
12.9706997202
14.6025583036
26.3740731014
112.6969677971
51.6156836870
66.4218741656
71.7996132915
107.8963206547
298.5682536773
71.2756641221
108.9699684177
163.0008997424
123.2114636808
98.1489886373
139.1608479589
98.5068051370
114.7328946046
17.7693332533
14.3393928552
12.3315610800
11.2959682563
10.4605658305
10.5587467595
11.0748467600
11.9905822871
13.3104524536
15.1438358220
121.6797046163
115.4138288614
45.5695460072
104.9025777073
91.6080104774
78.5984817941
156.9509997596
114.7326563955
111.1493930457
97.9096415470
124.6998405912
122.6325682802
164.9362729749
19.8511253195
16.0701459423
13.4193356581
11.7495839201
10.8235006673
10.5118000571
10.6111503089
11.3058597790
12.6382702829
14.8089541089
121.5021073247
133.7267309987
65.9779482701
71.3310125725
116.7053170530
120.6957988719
63.6711264042
145.7758271810
184.9576495758
18.6682214632
14.9442358578
12.4717053727
11.0769119731
11.1676377531
11.3840329028
12.7264444997
31.2952723053
107.9283712270
97.0522381980
134.9902113652
154.4719291154
115.0629466794
89.7853464212
14.4418962792
12.1081284792
12.6637063815
13.6183021719
79.9849170175
185.3148847634
146.0966887896
14.5824069386
15.4305120391
10.4605658305
318.8559723490