299.3820646737
298.4772044621
302.4210511296
310.6847091202
323.5750961291
341.9164960309
438.7881667481
385.7519938710
394.8355172810
399.9503592696
440.6476962420
385.4104906463
379.1437622487
373.7366647128
373.4860786893
381.0772323040
398.8382262605
429.7947473654
478.3351825210
767.0226035458
1359.8059287143
1423.8178732992
1047.0419402523
1375.2050157352
2218.7242831693
1170.0149621716
401.2745840524
351.6358367716
322.5080686002
306.5437291362
204.4043478015
205.0462346040
209.4568899949
217.7906897151
231.0958650032
251.4815199405
735.3536867768
807.7389767903
447.7894115543
664.4971343337
752.7418371474
1263.7393787966
321.7653476500
316.9373797980
316.3712225346
323.1753016575
339.5151859802
367.7237626503
664.8812946380
3268.3115388765
2284.8101645284
1647.2624863416
2137.4799158157
2542.3622002204
2180.5111496783
317.7469635455
266.3180238553
235.3840192760
217.5543284054
208.1089685201
176.7815828097
178.0330016938
185.9197431394
201.2278210651
225.7078348156
442.0476820351
2020.1526871053
882.0816363109
1176.6967007494
1270.1474710169
1931.1475113522
265.3990571288
1293.6244145530
1988.2767750022
2966.2105320762
2221.6850267510
1751.4380008748
2507.1430864554
1766.4817317958
2045.6064988888
282.7155802196
228.7974242211
198.3436713956
182.7379302649
166.1206660670
166.5473398828
173.0181803363
186.0481649426
207.5135153000
240.8975876660
2216.1841348864
2105.3060578266
810.9714208738
1914.5991809291
1669.5472983911
1429.6297035802
2880.5202381060
2094.0685002158
2021.4596151665
1768.9439050884
2262.9988868853
2211.8787790642
3009.1930145421
321.6400162251
256.9859101531
213.5138677288
186.9663755743
172.3156375242
166.7969414615
167.5999085647
178.2384161672
200.9577634336
240.7097464510
2191.4589006217
2431.0676884170
1183.1348932405
1285.4214086862
2112.6528001663
2178.5696876609
1134.6578193201
2619.7934173520
3350.2286317942
306.2381554305
241.1243151701
199.3951660084
176.3841582015
178.9319882344
182.3748070273
206.0197399313
544.9149026465
1926.1779072678
1738.9284920035
2416.9780662216
2761.5258829767
2050.8377453402
1592.9985125210
235.3140108412
195.0206753987
206.2989555109
223.7169347420
1418.7841372729
3297.2604763801
2593.3367779428
239.9759946308
256.4669946063
166.1206660670
3350.2286317942