0.0044259563
0.0043157235
0.0043194203
0.0044155411
0.0046026459
0.0048946105
0.0082557908
0.0060032979
0.0057785379
0.0063029711
0.0073845324
0.0053926729
0.0052516902
0.0051500239
0.0051563626
0.0053149194
0.0056750892
0.0063154547
0.0073661964
0.0130860483
0.0331830103
0.0418035223
0.0298085438
0.0305140565
0.0980386475
0.0391232328
0.0075363208
0.0060738270
0.0052002734
0.0046948777
0.0027155229
0.0027195909
0.0027834993
0.0029081570
0.0031089241
0.0034162238
0.0109801382
0.0128838998
0.0074399468
0.0100702008
0.0124002970
0.0195779940
0.0041701486
0.0040585015
0.0040303071
0.0041240429
0.0043712722
0.0048170896
0.0089894845
0.0466726375
0.0338417513
0.0239374221
0.0319585112
0.0347456763
0.0356444325
0.0046370392
0.0037809051
0.0032528435
0.0029463776
0.0027826926
0.0024993966
0.0025455048
0.0027213151
0.0030284422
0.0034259885
0.0061210128
0.0262156037
0.0123999345
0.0154780986
0.0168393771
0.0252786770
44.2257268512
0.0158478030
0.0242302958
0.0371026328
0.0279393965
0.0224205843
0.0316444097
0.0217858234
0.0267596984
0.0041509940
0.0033266345
0.0028381313
0.0025861162
0.0024060603
0.0024353734
0.0025658671
0.0027882768
0.0030927489
0.0034926354
0.0257734743
0.0251079957
0.0101528153
0.0225336909
0.0198123496
0.0169853464
0.0335962456
0.0244465216
0.0234904060
0.0207126362
0.0265357644
0.0254350242
0.0352649236
0.0045534600
0.0037094172
0.0030988657
0.0027071577
0.0024890340
0.0024070457
0.0024336593
0.0025937692
0.0028848337
0.0033352111
0.0242524495
0.0272330534
0.0134318646
0.0146350872
0.0235077323
0.0241570907
0.0130672332
0.0288091442
0.0370729281
0.0041853424
0.0033949576
0.0028489480
0.0025339958
0.0025266912
0.0025723841
0.0028502290
0.0064812074
0.0208756210
0.0190573290
0.0260713584
0.0296490247
0.0223015132
0.0174902562
0.0032259406
0.0027310577
0.0028115701
0.0029956826
0.0154644004
0.0348051365
0.0275499286
0.0032048617
0.0033432841
0.0024060603
44.2257268512