150.1696607761
150.7053602340
152.9639839266
156.8461015954
162.5239332100
170.2941231606
190.3916808577
187.6436926609
192.4155533384
193.8590995838
202.2455878053
193.4024417341
192.2447804961
191.0782060153
191.5364760418
194.7503359520
201.5405776031
212.6488552567
228.7850572643
316.0062218315
439.6297277624
436.9065377087
332.4409237936
433.4756060158
566.6105656725
292.8437492059
178.7959514180
164.4474726649
156.0894354821
151.7306073791
106.0366177438
106.3315758755
108.3134598680
112.0686389583
118.0516562352
127.1446013623
309.9783338969
319.9375747788
188.2177744541
282.1591234668
297.4277174128
501.9425444673
166.5595187794
166.1229458316
166.9640586044
170.6075128756
178.0297687969
189.9539578219
320.0181182564
1403.4562953731
954.6674021049
711.2286794617
880.9038585846
1158.0996369031
806.3639613608
154.1675981132
132.4575817908
119.3539311303
111.7288841059
107.6486403646
89.9309320712
90.2348497330
93.3790869948
99.8719917822
111.1859785231
219.1302339300
981.7743015286
399.5881474029
569.4088315041
605.1354202217
922.6763774650
51.4339796973
678.1650453946
1041.1417384307
1495.3367090960
1126.6065098381
878.6516773303
1267.8166484379
935.4299142595
988.4963649599
138.1782919325
113.4532428437
99.7621028947
92.7327755011
84.2006436621
84.2058940458
87.0628609787
93.2631043565
104.2096484180
122.2265389558
1243.7304187276
1140.8181980659
425.7692165607
1053.8285735913
910.8597488809
781.8972744608
1591.8114320478
1163.2126241877
1136.1891547179
993.8712353962
1260.8479538727
1271.9291862850
1666.1999145014
162.3974965588
128.7018225641
107.0817148321
94.2625440422
87.2498010209
85.3531579041
85.7139647781
91.2691474409
103.7542572133
126.5978590982
1312.9544224272
1426.3184788710
695.3846767329
748.7690351879
1253.3361983536
1300.8597232914
661.1931860913
1584.5523205555
1997.0159958005
160.6636323692
124.2485650335
102.0693905250
90.2425411466
93.3628555665
95.4857260614
109.3113244717
316.1408982532
1202.8712096444
1061.0815282185
1508.2573356355
1739.8858065246
1277.7504685635
989.4709124406
124.6658386728
102.0424789957
110.6644470904
121.6252549195
891.1625540169
2147.3016215982
1683.1398724950
130.3502999399
142.1644597924
51.4339796973
2147.3016215982