34.9463521221
34.2915853125
34.4433392121
35.2621998799
36.7503414751
39.0141930580
61.3923927641
46.5123621539
45.7965993752
48.7325670517
56.3399272282
43.2640744550
42.2494645818
41.4893610286
41.5154692038
42.6658950890
45.2973258597
49.9568743743
57.5324654661
99.7654461458
233.4254161419
279.6402669025
202.9333137202
220.0346054289
595.7182000512
262.0583001086
55.9525075891
46.0184319293
40.1018049780
36.7080195929
22.1150489655
22.1607014118
22.6697520451
23.6525849063
25.2311166574
27.6480804755
86.6170022095
100.0375916602
57.2445464585
79.2016277223
95.5739445383
153.0507402873
34.2194568303
33.4211727306
33.2402274206
33.9948138548
35.9344445628
39.3923890070
72.7784576927
372.3049105715
267.3851450657
190.0020082261
251.8297766102
280.3067991601
274.9603947439
36.7320604259
30.1858248992
26.1758654461
23.8535094768
22.6163021713
19.9703283481
20.2724284497
21.5257239245
23.7639539593
26.8117853524
49.1249768219
214.5768862370
99.2414161637
126.1962701522
137.0302374477
206.3921905072
913.1050555746
132.0802331616
202.3138393318
307.1611761998
231.0205752977
184.3547928338
261.2904755731
181.2250850965
218.5811707741
32.8128593623
26.3668622210
22.5974119910
20.6569820006
19.0853632529
19.2643202021
20.2134932848
21.8963237172
24.3175570101
27.6661498265
218.5885546587
211.0454207909
84.0307717021
190.3432926172
166.8638237620
142.9366894563
284.5424859907
207.1630315341
199.3157471625
175.2852455049
224.5315474380
216.7072021576
298.3740113689
36.3688314549
29.4597585122
24.5698484882
21.4770623980
19.7594153321
19.1112968967
19.2863885917
20.5390194201
22.9277629827
26.7768820292
209.5470640818
234.1266626687
115.0020561131
125.1538092134
202.6786677840
208.5962382435
111.3595425740
249.6172030054
320.2834706900
33.7793143176
27.1567416868
22.6890630880
20.1468604346
20.1886365349
20.5577829287
22.9052553428
54.6363235570
181.9017208971
165.3530624130
227.5491066290
259.2715143890
194.1299857928
151.7434688343
26.0104732913
21.8779163339
22.7057793091
24.3198183237
134.5273692483
306.4905395978
242.0565599271
26.0472066498
27.3756253831
19.0853632529
913.1050555746