0.3056789131
0.2989547421
0.2995500452
0.3061185909
0.3185895881
0.3378494712
0.5479837049
0.4091694125
0.3961160054
0.4292268774
0.4964547789
0.3733390910
0.3648534828
0.3587817670
0.3595359935
0.3700049916
0.3933397659
0.4344182837
0.5012022943
0.8602319633
2.1121043201
2.6446625129
1.8978354159
1.9390137642
6.1237082430
2.4690768201
0.5022386959
0.4097230958
0.3544578786
0.3225440790
0.1905695133
0.1908563525
0.1951419026
0.2034968092
0.2169377040
0.2374629106
0.7230951102
0.8391381571
0.4925074025
0.6656712020
0.8087586982
1.2729198934
0.2926210279
0.2861839917
0.2849741777
0.2916097222
0.3081897600
0.3375339098
0.6132298802
3.0770925318
2.2194093241
1.5818705472
2.0890055246
2.3245406525
2.2874707949
0.3172735048
0.2608945345
0.2260929476
0.2058524180
0.1950187482
0.1737120586
0.1766098927
0.1880640076
0.2082744524
0.2349684854
0.4205671241
1.7891797039
0.8299731054
1.0557783412
1.1431021955
1.7156237452
60.2705944669
1.1142912361
1.7032125754
2.5666702162
1.9386937096
1.5489721291
2.1920447992
1.5383738406
1.8232160021
0.2845570292
0.2291300201
0.1964617103
0.1795977775
0.1668599485
0.1686772179
0.1773299676
0.1923622201
0.2134739307
0.2420279130
1.8735088796
1.7918790839
0.7143689776
1.6221093644
1.4194775631
1.2174128774
2.4223870330
1.7693562887
1.7095891377
1.5067894414
1.9226409383
1.8760416132
2.5461106149
0.3157211739
0.2563676460
0.2142217044
0.1874581165
0.1725908686
0.1674809396
0.1692334018
0.1803946257
0.2012593250
0.2345012085
1.8379686966
2.0339000202
1.0044767197
1.0880990305
1.7694764730
1.8267560824
0.9718799490
2.1987576995
2.7997785586
0.2945763245
0.2371074786
0.1983872185
0.1763602850
0.1771451955
0.1805429876
0.2011538144
0.4800516444
1.6188659382
1.4616986641
2.0231630388
2.3112760779
1.7268769501
1.3499769156
0.2278017473
0.1917685493
0.1994473271
0.2137683303
1.2002149021
2.7572548539
2.1766301175
0.2287237015
0.2408186282
0.1668599485
60.2705944669