75.4088454772
75.6994953920
76.6045803721
78.0914951922
80.2035314419
83.0052998846
87.2956678523
89.3790485648
91.4286361700
92.5895306433
94.0424409926
93.9520473700
94.4753545683
94.9811942458
95.8398391805
97.3863206081
99.8259551143
103.1974978606
107.3216692460
121.2421007831
137.1833587095
135.5797494942
119.7052344006
127.6218548718
146.1950436415
99.3349846464
84.2248418628
79.8355975632
77.2105162029
75.8448887175
53.6379744015
53.7237786773
54.5078079852
56.0204193522
58.4122412146
61.9521209361
103.0130433265
101.5039587665
78.0220994302
101.0954481469
101.1248855619
146.8577166932
81.9172908765
83.0437572164
84.3427592006
86.3366880495
89.3480146540
93.4483143885
133.0577186068
428.4713726125
289.7930230669
232.0921816588
257.7294147463
393.9825118620
197.8356266865
72.0028751670
64.0014006356
58.9988807851
55.9901850652
54.3275183512
45.3558269397
45.4318635331
46.7386573766
49.5085944293
54.3921064805
97.5119556578
378.3016105612
143.3155268510
223.8815287921
230.7817948348
345.4867500425
18.1358388365
308.8449917254
468.4448697126
617.5949629389
481.0971255283
371.1245893667
535.2109543287
442.7723188393
378.8007223730
65.7952989509
55.3901121808
49.6185470147
46.6034657063
42.8422129745
42.8229496943
44.1582565340
47.1293106692
52.4810859262
61.4794090458
655.2883973419
554.2854074120
199.9393173830
531.7103828919
452.0581325775
390.9527573813
804.9865999056
600.3756999455
604.6638017686
534.4876240021
659.5227388203
721.4665889734
851.2425927437
80.7878696946
63.9049086145
53.5510518713
47.5482564086
44.2795549458
44.2631605169
44.4906478910
47.4573781035
54.2504766871
67.0792838770
813.8139187379
834.4366591361
416.5817883741
436.5249355104
757.2981111515
801.0055309906
392.5712442509
1008.5151520144
1218.1577169822
85.1459314445
64.6124744218
52.8065352633
46.7283929937
49.7934876567
51.1457306147
59.3587784792
190.7487566021
799.0737847102
686.0226057747
1001.2081203866
1166.2253201724
847.2664594323
653.9723187966
67.6170755989
54.5664907118
61.1896948146
68.2795548881
595.1090791109
1483.8464950948
1159.5465092801
73.1831921833
81.8454308235
18.1358388365
1483.8464950948