0.0028990972
0.0028295839
0.0028334699
0.0028970548
0.0030195565
0.0032100014
0.0053553489
0.0039232746
0.0037857879
0.0041174338
0.0048105641
0.0035403559
0.0034495735
0.0033837769
0.0033877312
0.0034902320
0.0037231750
0.0041369770
0.0048148824
0.0085126962
0.0213540838
0.0267927575
0.0191005980
0.0196791787
0.0624401708
0.0250144828
0.0048907344
0.0039535986
0.0033940354
0.0030706459
0.0017874084
0.0017902202
0.0018320837
0.0019136334
0.0020449234
0.0022458694
0.0071831287
0.0084020459
0.0048461410
0.0065824728
0.0080772251
0.0127802769
0.0027479220
0.0026761698
0.0026584165
0.0027200566
0.0028817999
0.0031727901
0.0059078547
0.0305981342
0.0221360293
0.0156719640
0.0208831331
0.0227850677
0.0232253595
0.0030378872
0.0024804108
0.0021368420
0.0019374810
0.0018310257
0.0016404480
0.0016698955
0.0017834012
0.0019823074
0.0022416582
0.0040180856
0.0172529278
0.0081434970
0.0101917311
0.0110761517
0.0166323296
37.0417950137
0.0104651217
0.0160334728
0.0244922541
0.0184304815
0.0147809707
0.0208770900
0.0143916953
0.0175804053
0.0027190289
0.0021802619
0.0018615944
0.0016972353
0.0015775726
0.0015961546
0.0016806782
0.0018255541
0.0020253811
0.0022899871
0.0170899185
0.0165967654
0.0067069816
0.0149420170
0.0131115253
0.0112400489
0.0222428939
0.0162155791
0.0155703421
0.0137289845
0.0175868835
0.0168661581
0.0233660754
0.0029881161
0.0024321014
0.0020313887
0.0017748905
0.0016321238
0.0015786011
0.0015956569
0.0017005182
0.0018925534
0.0021916694
0.0161420063
0.0181030952
0.0089149288
0.0097248831
0.0156238134
0.0160752684
0.0086677229
0.0191831540
0.0246714554
0.0027518793
0.0022289149
0.0018691660
0.0016621502
0.0016588768
0.0016890255
0.0018732651
0.0042922961
0.0139210318
0.0126944117
0.0173780188
0.0197762562
0.0148719169
0.0116577617
0.0021209966
0.0017937308
0.0018492378
0.0019721628
0.0103042893
0.0232391580
0.0183907719
0.0021101018
0.0022040972
0.0015775726
37.0417950137