0.6252216886
0.6125307451
0.6146604050
0.6289815354
0.6554666911
0.6960224502
1.1139145052
0.8369921233
0.8178166310
0.8772318314
1.0160499685
0.7706200933
0.7521926237
0.7385465561
0.7391945164
0.7602204287
0.8081377702
0.8930195503
1.0312884333
1.7951213347
4.2946589571
5.2488575432
3.7772003647
4.0100094042
11.6266338588
4.8864581371
1.0164881326
0.8317753337
0.7216624612
0.6583381235
0.3926847362
0.3934251408
0.4024824470
0.4200265091
0.4482270563
0.4913939500
1.5439461822
1.7888272892
1.0270510579
1.4130803186
1.7122282271
2.7318044886
0.6063220569
0.5918360374
0.5885106837
0.6019664838
0.6366577992
0.6986153989
1.2918111889
6.6193724300
4.7634210391
3.3829628985
4.4887599181
4.9748033032
4.9211438041
0.6561884519
0.5383827438
0.4660603541
0.4241385967
0.4017816945
0.3563345868
0.3620211323
0.3850572867
0.4259576402
0.4809033274
0.8749719538
3.7993255974
1.7655514430
2.2367108542
2.4288999508
3.6545636087
212.5356838730
2.3319452567
3.5702119448
5.4266815203
4.0837437116
3.2624503638
4.6200347527
3.2020101860
3.8717020566
0.5866778435
0.4712413725
0.4034980942
0.3685983260
0.3412271030
0.3446761991
0.3620432680
0.3925168038
0.4358156582
0.4949616617
3.8499870974
3.7215021800
1.4866831931
3.3540728360
2.9413538264
2.5198543512
5.0101412165
3.6485712109
3.5098628789
3.0882807495
3.9558829454
3.8147426996
5.2559576454
0.6488985311
0.5263628290
0.4392216315
0.3839213317
0.3531901376
0.3416893122
0.3450012070
0.3675141392
0.4099445726
0.4776826112
3.6814538882
4.1151498148
2.0237436461
2.2022646374
3.5610141175
3.6643358708
1.9610522917
4.3834627549
5.6254392081
0.6015569303
0.4845927539
0.4053055466
0.3600614457
0.3604925121
0.3671058414
0.4085562657
0.9647741579
3.1923601572
2.9035910226
3.9919778831
4.5470759057
3.4074370736
2.6652145122
0.4634529758
0.3903981869
0.4045350949
0.4328418535
2.3619413546
5.3697364294
4.2427475169
0.4634040283
0.4863315547
0.3412271030
212.5356838730