37.7743535770
37.0628523697
37.2251902536
38.1101019958
39.7197739773
42.1694785660
66.4526149967
50.2852234052
49.5105205633
52.6925401861
60.9470578684
46.7576073283
45.6566443160
44.8322232653
44.8599216776
46.1055758750
48.9555997560
54.0033810075
62.2126079729
107.9896405257
253.0209142478
303.0371907486
219.9849043712
238.5172316086
644.8344240218
284.2701313737
60.5515359771
49.7807641340
43.3656301065
39.6854403051
23.8919888683
23.9412856169
24.4918658410
25.5549098819
27.2623027455
29.8766666690
93.7128023037
108.2857395206
61.9608308005
85.6935873228
103.4676738541
165.6512803491
36.9662821503
36.0995095580
35.9018629189
36.7170463016
38.8148833044
42.5565163452
78.6623872595
402.7013901332
289.2879731356
205.5213593239
272.4811201057
303.0567748039
297.7186542653
39.7097443065
32.6257789327
28.2862976757
25.7731847720
24.4344054997
21.5813705281
21.9090576407
23.2662989066
25.6890623575
28.9851812482
53.0884528375
231.8675693652
107.3049802263
136.3755885673
148.0983539088
223.0505734606
956.9144516770
142.6246773950
218.4787068807
331.8127650784
249.5591155946
199.1819934695
282.2580991812
195.7128550111
236.2128769913
35.4718648276
28.5004038689
24.4228220377
22.3237784942
20.6267922437
20.8210572663
21.8483274516
23.6682654754
26.2843189980
29.8989051262
235.9073628050
227.8447736360
90.7450698901
205.4648132118
180.1315982403
154.3001561386
307.1327282453
223.5929674106
215.1073084005
189.1776650117
242.3534839458
233.8333054175
322.0458877666
39.3047265501
31.8411529438
26.5561054455
23.2123886143
21.3552552117
20.6534331680
20.8430265249
22.1965732878
24.7755725720
28.9281204111
225.9894979120
252.5739611942
124.0625881720
135.0289417314
218.6091612510
224.9656881549
120.1409082063
269.1879119708
345.4406079596
36.4941489417
29.3450618857
24.5192915098
21.7723572771
21.8138415638
22.2120286862
24.7446982992
58.9586323555
196.1231078812
178.3087941751
245.3234400889
279.5263601082
209.3097609955
163.6245902008
28.0995431728
23.6382540670
24.5269197954
26.2665491920
145.0473647927
330.3230478749
260.8906284346
28.1325747025
29.5610859787
20.6267922437
956.9144516770