5.4411428659
5.4568264511
5.5038285548
5.5786951678
5.6803793954
5.8084080965
5.9785355607
6.1036714314
6.2249072027
6.3151280204
6.3966367557
6.4491298764
6.5193880366
6.5971636447
6.6864150323
6.7908284625
6.9102169540
7.0370281111
7.1555960538
7.3301391166
7.5395857684
7.4883305762
7.2204429762
7.0659879584
7.0455457950
6.3630494062
5.8569056743
5.6568575638
5.5306822240
5.4628264301
3.8881783132
3.8897399158
3.9312851309
4.0127459973
4.1381780573
4.3144798278
4.8946140906
5.0639713512
5.0404332631
5.4065230114
5.5222154962
6.0640560782
5.5716166563
5.7046252475
5.8392663913
5.9830813939
6.1400742176
6.3027128460
7.0445128070
11.4388517358
9.2447379120
8.3569571185
8.0807552949
11.4956571201
6.3620025145
4.8294152621
4.4478066886
4.1909209656
4.0266200425
3.9308221543
3.3219114211
3.3218579329
3.3973263764
3.5578987603
3.8301239434
5.2928513706
12.8214667879
6.0454846008
8.9529624686
8.9974083129
11.9580157761
0.7322598459
14.5182510161
20.7797969742
23.1014031485
20.2366725860
15.7447549761
21.3332060917
22.1172266082
12.8937810665
4.5003171210
3.9239078106
3.5876165605
3.4030034003
3.2031820416
3.1980985094
3.2841626864
3.4774686634
3.8201061599
4.3845477625
39.0776278777
28.2633013144
10.6247907703
29.5746594628
24.7357551775
21.7588592991
44.5063473062
35.1655379487
37.6003500809
34.6091729260
39.5474443662
51.3746646796
47.6557835939
5.7160637101
4.5984566393
3.9208124139
3.5239921895
3.3034159421
3.4103504835
3.4247213863
3.6436560539
4.1477448454
5.1128868280
69.2371507117
62.4336048630
33.7770902421
33.2438945487
61.3619669992
67.8542657866
31.6794610680
92.0153402537
99.6199662292
6.5984652901
4.9571815211
4.0547996960
3.5970304152
3.9935090571
4.1066725286
4.8041823154
16.4439338727
82.4650598762
65.2204753522
102.4604040868
123.2407509208
87.5017915472
67.7546859176
5.5278594713
4.3953254193
5.1626622899
5.8401168120
63.5282184838
173.6768787534
135.5384905512
6.3108216684
7.3085967490
0.7322598459
173.6768787534