31.0475097666
30.4721781695
30.6097662740
31.3373801898
32.6571984489
34.6633498880
54.3868217437
41.3138541573
40.6715378829
43.2730676528
49.9808963786
38.4477893605
37.5539916794
36.8841099604
36.9087339341
37.9274148737
40.2554799004
44.3755220237
51.0697376392
88.3666604003
206.1764321482
247.3231762255
179.2488815024
194.3444782292
528.6041283358
231.0795888477
49.5865219962
40.8178157108
35.5955469400
32.6007998467
19.6697043695
19.7102627154
20.1617949588
21.0335706242
22.4336605092
24.5771853966
76.7680126564
88.5849773418
50.7173511167
70.1998425260
84.6210114840
135.5391024128
30.4373887425
29.7356215409
29.5790450679
30.2504664064
31.9712402854
35.0357650389
64.6442233509
330.0795702136
236.9571257877
168.4597070502
223.1321248199
248.7514738823
243.2913267832
32.6234035904
26.8223473555
23.2688765616
21.2106617604
20.1140320744
17.7520002394
18.0183298349
19.1272857293
21.1096407628
23.8141498779
43.6525265110
190.6467659203
88.0636447823
112.1149305489
121.7031442551
183.3200637483
859.0392659297
117.5334395650
180.0303058930
273.1074820866
205.4286258123
163.8909562272
232.3289017881
161.2944663058
194.1773671556
29.1458638027
23.4263824925
20.0830098450
18.3617946223
16.9630402635
17.1205534219
17.9615800104
19.4550343951
21.6080059479
24.5914871346
194.8388552115
187.9546897327
74.7767005393
169.5807113837
148.6259072429
127.3214671931
253.5348539718
184.6069011743
177.6695805477
156.2428755621
200.0933039221
193.2833477553
265.8610803395
32.3255422086
26.1793984366
21.8341187669
19.0874666618
17.5622057046
16.9891951069
17.1441616486
18.2579458996
20.3857640277
23.8200473854
187.1341395643
208.9521357203
102.6384418852
111.6680115727
180.9422895633
186.2518125742
99.3542133507
222.9806024925
285.9787537176
30.0479198522
24.1465445760
20.1707454603
17.9101400435
17.9544247972
18.2839347824
20.3784812526
48.7346532486
162.6112406888
147.7397643999
203.4219745623
231.8254415573
173.5223645458
135.6080332145
23.1408928597
19.4583546022
20.2057769569
21.6493045628
120.2551937205
274.2168263103
216.5355340806
23.1864853848
24.3809403764
16.9630402635
859.0392659297