698.9293211193
693.3707018041
700.9642132690
719.9535621204
750.8919514428
795.8891522582
1104.1187883535
909.4985711717
927.5783173761
946.2609534260
1071.8118300049
892.1266994325
873.8424591390
858.8321922984
857.8256224247
877.3885299349
923.6942862586
1005.5566749469
1136.6659138742
1919.2986241750
3773.1040307356
4056.1993162600
2989.8537920468
3801.4783977817
6785.3050516727
3627.3103492217
1001.1201559596
855.6261669817
769.8110172387
721.8865167644
465.7369988657
467.1614576041
477.7099311802
497.6974088733
529.6465863269
578.6710616728
1786.6278432017
2014.2520062369
1116.4660499809
1619.2560467541
1892.1777700609
3127.8445308599
730.4353032388
715.8441355511
712.7718155918
728.2296074233
767.3445107688
836.3401290603
1541.9851321581
7828.1350510518
5543.5858362012
3955.2798531901
5206.7781762742
5963.5485851059
5518.2248563691
745.8158335215
618.9189197803
542.3542303876
498.2651895642
474.9320902266
408.2978459108
412.1992941138
432.8181159636
471.5915077926
530.3680664429
1020.0623422553
4629.9585238792
2082.9564714351
2707.3828604995
2937.0054198749
4451.4177970047
1462.8226475896
2890.6138985506
4439.4758304700
6705.1948368654
5023.4246050170
3981.0268810813
5673.4162877224
3943.7169044755
4701.8067905012
662.9280946513
533.9307674040
460.1957874770
422.3817602430
385.3957922462
387.1225159617
403.3901484898
434.7169945140
484.0492468692
557.9089640395
4836.4504872236
4648.0001764604
1817.7983296598
4204.9636536523
3678.9171741516
3149.2285557071
6311.3951587694
4585.1319239104
4412.1037083597
3866.5476448913
4956.1707238299
4796.9294077792
6596.8588235213
744.2823298919
597.6671911676
496.8360849954
434.3512205672
399.7374821918
385.9419632568
388.1465150128
412.6845352017
463.2407081259
549.2434957902
4680.1412035112
5224.9230645283
2548.4861226280
2775.3713412675
4526.2430050341
4658.9773543593
2455.6109843871
5581.0938669376
7163.4687010995
698.8090478835
555.0900687254
460.7479446603
407.9214807605
410.8805381369
418.2748338408
469.5045088008
1186.6542533359
4074.8286626953
3696.7872625700
5108.5926914140
5826.0038147359
4344.2577483600
3383.1413380256
536.2094678911
447.0580224247
468.2960880028
504.7821379238
3004.3909872562
6910.0701388636
5444.9522606235
541.6617764494
574.0924919624
385.3957922462
7828.1350510518