2.0257905374
1.9856042100
1.9929349319
2.0394032308
2.1249607590
2.2557324083
3.5875958973
2.7096303816
2.6481744729
2.8383244845
3.2816439682
2.4987340463
2.4399960593
2.3964439320
2.3986831554
2.4663200582
2.6202459667
2.8926267787
3.3357740882
5.7819814098
13.7492442805
16.8214885982
12.0848679212
12.8423131905
37.4403493106
15.5897047732
3.2760225772
2.6855962385
2.3336710517
2.1313947351
1.2755060542
1.2779173739
1.3071843050
1.3638650672
1.4549618185
1.5943788378
4.9810454549
5.7606585842
3.3102289022
4.5590480629
5.5123635002
8.7995864375
1.9698557349
1.9238548498
1.9135999912
1.9573304363
2.0694399979
2.2692496191
4.1855853640
21.3714658349
15.3651558364
10.9224745986
14.4737446089
16.0904721465
15.8244486318
2.1250120655
1.7452219502
1.5120904735
1.3769323648
1.3048386611
1.1559031983
1.1740343162
1.2480305800
1.3796727712
1.5572524927
2.8368026366
12.3180576807
5.7094018676
7.2504218787
7.8689807809
11.8423346187
825.6704394036
7.5832300172
11.6113952698
17.6202811505
13.2608234220
10.5897848733
15.0008303451
10.4160843389
12.5493742280
1.9002157576
1.5270995800
1.3083263451
1.1956099379
1.1065020169
1.1174608336
1.1734008152
1.2718888594
1.4124245961
1.6052375510
12.5615545506
12.1222709859
4.8347494596
10.9330649385
9.5839283047
8.2108992577
16.3356767487
11.8985885858
11.4526172598
10.0759411242
12.9015395502
12.4617773679
17.1375765625
2.1045335909
1.7063650691
1.4238479081
1.2447949517
1.1453154198
1.1083792046
1.1190127347
1.1920563719
1.3302724132
1.5517197705
12.0563739064
13.4608405542
6.6187520288
7.1995443061
11.6555435695
11.9977693261
6.4103581799
14.3638745806
18.4185318952
1.9541032196
1.5727270012
1.3149226826
1.1680416127
1.1703659670
1.1919843794
1.3274744448
3.1515560335
10.4749348053
9.5177283330
13.1003906388
14.9278368959
11.1786779621
8.7402915248
1.5058858654
1.2676932278
1.3150643285
1.4080412965
7.7499578489
17.6521944668
13.9431797145
1.5074250152
1.5835910014
1.1065020169
825.6704394036