1.6693068138
1.6383192556
1.6449962941
1.6827842663
1.7516850147
1.8565049048
2.8935577234
2.2230296049
2.1706757761
2.3269269991
2.6664705452
2.0594836800
2.0151571738
1.9824333872
1.9854603628
2.0399396699
2.1623596296
2.3776154561
2.7257292258
4.6232274270
10.8290689792
13.3275216387
9.5639837516
10.0470292745
29.9727978621
12.2101608732
2.6519907422
2.1877366611
1.9109587942
1.7520071074
1.0586319566
1.0605590490
1.0842033856
1.1300409618
1.2036923157
1.3162499657
3.9842803992
4.5728303974
2.6525063435
3.6523728185
4.3778444988
6.9815669649
1.6343290973
1.6005112864
1.5943915321
1.6309192293
1.7217250464
1.8818134420
3.4214929252
17.1237026445
12.2684381809
8.7640842413
11.5350159759
13.0160903277
12.4527182570
1.7409343914
1.4362940993
1.2490900907
1.1403881294
1.0823092004
0.9554666993
0.9697316039
1.0290449195
1.1351147485
1.2795388500
2.3324561399
10.0828342978
4.6172293326
5.9311010402
6.4177941023
9.6611527213
223.9799540895
6.3079302493
9.6553286204
14.5299167225
10.9502328770
8.7244228335
12.3788355590
8.6840744396
10.2606136180
1.5590098464
1.2562180140
1.0791226927
0.9878323806
0.9139872356
0.9225823521
0.9678965093
1.0484127109
1.1646831137
1.3263333072
10.6271130839
10.1630926437
4.0230412707
9.2032756603
8.0490347673
6.8999785453
13.7654477386
10.0399310213
9.6933043481
8.5275887340
10.8942834826
10.6150676538
14.4472972448
1.7372258754
1.4063475229
1.1738111865
1.0272107537
0.9458779395
0.9172242200
0.9259044464
0.9865944912
1.1028459607
1.2915205570
10.3992866058
11.5340862598
5.6740075949
6.1549398441
10.0221944492
10.3376192040
5.4803267511
12.4261687272
15.8614254860
1.6256956359
1.3034284897
1.0882812636
0.9665864385
0.9722741914
0.9909301171
1.1067425331
2.6898916476
9.1273602617
8.2528066680
11.4175315564
13.0359477757
9.7327217888
7.5986371217
1.2551278619
1.0537697608
1.0988536014
1.1801109410
6.7542964019
15.5216211476
12.2450238572
1.2631261256
1.3330612249
0.9139872356
223.9799540895