0.7682105675
0.7526896228
0.7553474936
0.7729639121
0.8055095343
0.8553255210
1.3673082292
1.0279297000
1.0049216796
1.0772606006
1.2476481648
0.9470944542
0.9244851559
0.9077307949
0.9085171996
0.9343163210
0.9931198066
1.0972793025
1.2669259179
2.2044771337
5.2654902004
6.4287552703
4.6288078707
4.9202969002
14.2042834991
5.9889188158
1.2477600363
1.0213496377
0.8863849237
0.8087791761
0.4827075125
0.4836228831
0.4947534231
0.5163091108
0.5509562734
0.6039919612
1.8970576511
2.1973788579
1.2614950110
1.7361991718
2.1031276006
3.3562220720
0.7454209318
0.7276476041
0.7235735432
0.7401097718
0.7827288916
0.8588326508
1.5878292829
8.1347125067
5.8530545019
4.1569661254
5.5150676990
6.1146348725
6.0446157670
0.8062530908
0.6615892131
0.5727902751
0.5213203336
0.4938729388
0.4378731703
0.4448333249
0.4730783122
0.5232487410
0.5907145123
1.0752862545
4.6708628547
2.1697049935
2.7495634527
2.9857638465
4.4928324273
233.7388916477
2.8674732037
4.3904445176
6.6726238033
5.0211030942
4.0111201853
5.6804777850
3.9373953113
4.7598021106
0.7208038112
0.5789986719
0.4958014362
0.4529420413
0.4192525585
0.4234676384
0.4447693298
0.4821752486
0.5353735949
0.6081098544
4.7355006501
4.5770840725
1.8279353647
4.1253187886
3.6175760235
3.0991304939
6.1624863344
4.4876842976
4.3171283225
3.7985136222
4.8659138837
4.6925102481
6.4647712215
0.7973813841
0.6467424281
0.5396546389
0.4717129488
0.4339583966
0.4198248879
0.4238781457
0.4515287658
0.5036877956
0.5870157151
4.5293657423
5.0626433506
2.4894694047
2.7091453240
4.3812045429
4.5083467696
2.4123391807
5.3934474625
6.9216644912
0.7393278075
0.5954860212
0.4980168710
0.4424099540
0.4429734272
0.4510991070
0.5020776812
1.1865616292
3.9282848002
3.5725504282
4.9121352524
5.5955679763
4.1928014075
3.2792368479
0.5695797917
0.4797436353
0.4971797050
0.5320131376
2.9062951501
6.6085023645
5.2212010478
0.5695910767
0.5978428997
0.4192525585
233.7388916477