325.5339022217
325.1045007778
329.5573413843
338.4101130121
352.0081584331
371.1843318827
460.6223935399
416.3458322419
426.3252072232
431.2981405496
468.7459203587
419.2576380323
413.5357392346
408.4974425246
408.5357433767
416.4591938800
434.6119576975
465.8557622610
514.1318509822
796.2759738017
1344.5929499995
1394.3635397331
1031.7791307851
1352.5883753916
2110.5411354920
1108.0894111916
423.8764288242
375.7389752322
347.5283256603
332.1920394432
224.2097302299
224.8947234206
229.5686809712
238.4052377955
252.5070297575
274.0740901086
767.9723285296
831.7728323635
466.7293108934
694.8941161817
774.4990082956
1302.7079025039
352.8905021774
348.7212254120
348.7121888359
356.2373080098
373.5974899735
403.0862515155
716.5682320458
3431.1745881980
2382.9958758156
1730.8832438767
2222.6136552267
2706.5611378332
2214.2569015584
342.7479106779
289.0255702369
256.6918441167
238.0176673493
228.1036459135
192.9060696419
194.0902516369
202.2243780103
218.2291877509
244.3441786032
479.8318561099
2184.5539625616
937.2380641648
1270.7032260421
1366.3828438313
2079.4898154549
188.6477666410
1425.4114989661
2190.4704932785
3236.9684066330
2427.6244739505
1908.3804567339
2737.7952883244
1951.1861374999
2208.9527480739
305.4891127353
248.0837124590
215.8197369492
199.2822332020
181.0736565754
181.4241384546
188.2501448992
202.2428209725
225.7029196592
262.7451090422
2485.5538346451
2339.8409662045
893.6762668678
2136.3552161468
1858.6191277210
1592.3986391337
3217.8200663581
2342.2619992159
2268.0536184072
1984.1258498013
2533.0504822490
2496.5106732061
3363.1384871363
350.3879151480
279.3330548754
232.1347717238
203.5285274039
187.7783873057
182.2175961597
183.0698019784
194.7610886104
220.0723762353
264.9119329816
2501.8629385832
2759.3693841779
1343.2166105361
1455.7111658379
2405.1451282585
2484.6592071246
1284.8134848768
2998.1347185273
3819.4033041055
336.7757912190
263.9176239195
217.8586417192
192.6837323362
196.4042603225
200.3652895890
227.1377065039
616.0760435029
2217.5419042698
1993.8753999358
2783.3178616085
3185.0632633128
2359.4523195464
1830.3945792625
259.3017998112
214.2151309509
227.9978941171
248.1132639037
1633.6417962575
3823.6851459280
3004.3549671983
266.0486805203
285.7715229058
181.0736565754
3823.6851459280