7.9150687324
7.7694540195
7.8040775871
7.9878522479
8.3212286913
8.8278002416
13.7984583514
10.5428471089
10.3445427529
11.0365126127
12.7091198009
9.7935414134
9.5719695735
9.4065139742
9.4152986952
9.6740421599
10.2622729556
11.3010372802
12.9858781798
22.3090376709
52.0196676751
63.1158279875
45.4571259101
48.8004775345
138.1068346528
58.2825381380
12.6012746085
10.3851813199
9.0650786932
8.3079035124
5.0200760985
5.0300223143
5.1441404279
5.3647643771
5.7191471220
6.2614027442
19.3484263491
22.2765347088
12.8034339588
17.7041585406
21.2892740438
34.0681421133
7.7632516339
7.5908462769
7.5546981202
7.7266387089
8.1627200262
8.9366241153
16.4085304820
83.2162051722
59.6826201146
42.5038834795
56.1705854829
62.9102247614
61.0104039468
8.2995124600
6.8322458962
5.9326183187
5.4111162166
5.1329944901
4.5296992018
4.5971773095
4.8788434209
5.3827947439
6.0709745618
11.1149289951
48.4015352489
22.2846115952
28.4644438323
30.8634799929
46.4824314412
483.1941092644
29.9885892513
45.9267520144
69.4803264787
52.2911471756
41.6945538590
59.1294774549
41.1954005427
49.2807541848
7.4208232585
5.9697809372
5.1215615965
4.6846642847
4.3296398279
4.3697456984
4.5840488793
4.9650959980
5.5154487690
6.2798219794
49.9901087433
48.0838096713
19.0944367004
43.4364882593
38.0410307823
32.5956261634
64.9527928770
47.3154253632
45.5860909004
40.0917332777
51.3031341011
49.6963525012
68.1252219725
8.2445437520
6.6755773177
5.5688653434
4.8700447933
4.4820762453
4.3393308682
4.3792638979
4.6646257204
5.2108059124
6.0945133435
48.3097511012
53.8255510384
26.4492396444
28.7487402901
46.6599893510
48.0611310432
25.5806787901
57.6143830338
73.7831313582
7.6816278163
6.1676560150
5.1510564857
4.5741040440
4.5908867602
4.6764823497
5.2163521102
12.5489885069
42.1150112680
38.2037889270
52.6847678251
60.0771124892
44.9271920429
35.0986414607
5.9206918799
4.9756421228
5.1744950078
5.5489382105
31.1506763791
71.2179427872
56.2164328415
5.9415193851
6.2557670127
4.3296398279
483.1941092644