1.0068718752
0.9866915959
0.9902643627
1.0133925370
1.0560472280
1.1212933929
1.7890291394
1.3471482489
1.3171439281
1.4115707026
1.6340128711
1.2418065812
1.2122674515
1.1903580276
1.1913797413
1.2251167037
1.3020170899
1.4382100461
1.6599656698
2.8858800228
6.8798269369
8.3989168940
6.0436059235
6.4303173898
18.5864664712
7.8105047384
1.6326707391
1.3371628127
1.1610238553
1.0597672870
0.6332107597
0.6344160117
0.6490029320
0.6772483474
0.7226458418
0.7921364758
2.4855795379
2.8777143314
1.6517284167
2.2746295568
2.7536523372
4.3958851102
0.9779753462
0.9547645813
0.9494685299
0.9711571740
1.0270037663
1.1266887651
2.0822925769
10.6615851875
7.6693052066
5.4479259936
7.2258257020
8.0167661653
7.9139966392
1.0568756590
0.8674325667
0.7511604665
0.6837668871
0.6478280876
0.5741657465
0.5832463749
0.6201806342
0.6858262636
0.7742212779
1.4101361627
6.1272984190
2.8444425780
3.6066415282
3.9160531452
5.8930366826
261.5159194961
3.7635548637
5.7627100515
8.7558317699
6.5884656951
5.2627005260
7.4535498214
5.1676723223
6.2433371362
0.9448679518
0.7590525265
0.6500653058
0.5939203061
0.5496742331
0.5551658447
0.5830402056
0.6320383489
0.7018129049
0.7973354541
6.2188891205
6.0091320196
2.3990487608
5.4168580283
4.7496210071
4.0690524968
8.0920892726
5.8929416132
5.6695172228
4.9881386743
6.3894513797
6.1633207409
8.4891265775
1.0455565307
0.8479241913
0.7075069038
0.6184496180
0.5689636671
0.5504539462
0.5557489132
0.5920016555
0.6604658452
0.7699448724
5.9515859247
6.6512138455
3.2703074342
3.5586971807
5.7564972053
5.9237359016
3.1687024384
7.0875340301
9.0945340086
0.9697346503
0.7808948248
0.6530132171
0.5800812895
0.5809102499
0.5915790736
0.6585399934
1.5582029997
5.1629801840
4.6949357318
6.4562030760
7.3550192474
5.5105916632
4.3094892265
0.7470961955
0.6291637720
0.6521819156
0.6979807138
3.8197164854
8.6885380637
6.8641498402
0.7472814736
0.7845116488
0.5496742331
261.5159194961