536.1808052873
531.0410366898
536.3665921526
550.6864199097
574.3697059130
609.0492275673
863.3865910811
698.9041357698
711.0223754546
728.1392839993
829.6297167737
681.4949589902
667.0357090395
655.3494827830
654.6944264749
670.1291128752
706.5137048371
770.9108073386
874.4217923005
1488.2404549313
3011.0021812794
3270.7329292254
2416.8248487310
3014.6337198815
5619.6570564401
2987.2762289477
782.3582594266
664.2344970915
594.4385670266
555.2583107817
354.4902484425
355.5391539401
363.6180174543
378.9559793657
403.4847960094
441.1165524989
1369.7684023256
1553.2618117617
865.0188774254
1243.7186309581
1463.6298460505
2405.0557721870
554.8705856989
543.3505695171
540.8509002631
552.6546571267
582.6777602088
635.7797455304
1173.3445610167
5974.3762293945
4244.6596704163
3023.7727525296
3988.8257787998
4535.5251067729
4260.6889846255
571.2524405387
473.1800677337
413.8916304417
379.7317096214
361.6422665195
312.0975831516
315.3311216355
331.6491955902
362.0572995199
407.3700062175
777.4977841583
3509.2429672358
1587.9785173737
2054.1979199388
2229.8197204502
3375.8119053975
1492.2176854356
2184.5093198475
3353.8206076435
5071.2076512824
3801.8362083980
3016.5805911015
4294.3852621672
2983.1640181739
3565.8572987613
507.9832394325
408.8884580661
352.0436698756
322.8776081862
295.1013366516
296.6243460645
309.3923402275
333.6487918353
371.3144667546
427.0484358834
3646.9520260660
3507.8723247818
1376.0783462986
3172.0326844983
2776.4121186843
2376.7941427554
4758.1069049796
3458.0536955127
3327.1838163931
2917.7698124990
3739.4677871673
3617.6912671106
4975.7360859607
568.9398404287
457.4943816313
380.4685581847
332.5702720567
306.0207108490
295.4702452750
297.2844227922
316.1154299196
354.4756176219
419.2216129481
3523.9475511063
3934.6442649278
1921.3539376077
2092.2077631988
3408.2658521358
3508.2890650112
1853.0672257423
4202.2629642526
5393.2385652446
533.0653267024
424.2625394385
352.5018608675
312.2008184726
314.1319559089
319.7545090303
358.4390707733
897.4547809103
3067.1209815051
2783.2101331843
3843.9679702933
4383.3869510643
3270.8655871778
2548.6249946524
409.1750581496
341.6087677020
357.2297172030
384.6160402041
2262.5689813963
5196.4389723373
4096.0667486882
412.6820708799
436.7372947251
295.1013366516
5974.3762293945