12.3019176616
12.0731794705
12.1239667049
12.4057609722
12.9188393603
13.6993034925
21.4179395159
16.3672277168
16.0386826078
17.1401162664
19.7052662987
15.1947890445
14.8578292687
14.6078148687
14.6257192153
15.0282114868
15.9380266903
17.5415979453
20.1397661275
34.4246813586
80.5582547895
97.9997535986
70.7195466270
75.2112937394
215.3589353180
90.7426226827
19.5888715539
16.1450249614
14.0925647464
12.9143663861
7.7968680561
7.8117668250
7.9876830580
8.3281745985
8.8751475681
9.7115757434
29.7373786029
34.2136779339
19.7576242216
27.2410189928
32.7350576481
52.2642985561
12.0448551417
11.7850666438
11.7338715095
12.0018522275
12.6753042498
13.8670014392
25.3388547498
127.7437942671
91.6204590621
65.3244491046
86.1952518995
96.7569731183
93.4619332637
12.8613483830
10.5976861861
9.2082018312
8.4021098811
7.9718625490
7.0372194918
7.1425868222
7.5805680374
8.3634397857
9.4294525395
17.2111220956
74.6360967018
34.3063469353
43.9067407187
47.5706757570
71.6196282925
419.5454875307
46.4485953367
71.1103551379
107.3164010861
80.8362580534
64.4390155946
91.3871463153
63.8826951669
75.9817766603
11.5074092841
9.2643887669
7.9526110201
7.2767249108
6.7293519992
6.7924057776
7.1260352191
7.7184861899
8.5730544741
9.7591847762
77.8277758676
74.6368972143
29.6033252771
67.5107802264
59.0879397897
50.6417371854
100.9594215021
73.6029259227
70.9917040267
62.4550704493
79.8385948383
77.5950153757
105.9331926576
12.8010393420
10.3649683693
8.6490454906
7.5661346667
6.9651300392
6.7486697461
6.8116831412
7.2565705050
8.1077480773
9.4863820612
75.7563553028
84.1727091005
41.3998507459
44.9443097285
73.0756465398
75.3373331342
40.0176299833
90.4647626444
115.6046194712
11.9524325158
9.5907822085
8.0091210244
7.1128023524
7.1465171302
7.2814164328
8.1262669231
19.6421461923
66.3310653005
60.0454822653
82.9712165921
94.6920721776
70.7481037309
55.2555497356
9.2209365219
7.7455397007
8.0657202332
8.6551583587
49.0845218408
112.5770035119
88.8377284071
9.2665992255
9.7680499065
6.7293519992
419.5454875307