527.7005472896
522.4960171921
527.6481367889
541.6886590127
564.9704563128
599.1007559205
852.2409419947
687.9824962800
699.5616498431
716.9375285944
817.5682518255
670.1675348872
655.8963155160
644.3977453277
643.7907923776
659.0534488900
694.9862681664
758.5822676589
860.8523010023
1466.7134332531
2981.6365529148
3244.8181772258
2398.5261179201
2981.2441420974
5602.6802421613
2972.7459047935
772.2601431939
654.9789043628
585.6593857745
546.7135683673
348.4249444468
349.4482896110
357.3921768992
372.4795818505
396.6091063289
433.6245030524
1345.9971158658
1528.4039698162
852.3351797345
1223.0572437527
1441.2238387564
2364.5398795696
545.1620204137
533.8086879266
531.3485277646
542.9631312055
572.5025211148
624.7571118284
1152.6356666692
5867.8097878556
4170.8762492031
2970.8571761516
3919.1485834838
4453.9695657030
4191.4605496189
561.9605483897
465.3765718198
406.9649832222
373.3053280495
355.4779915844
306.9781841750
310.1997142127
326.3389308408
356.3688458005
400.9879531094
764.2508583152
3445.4148092228
1559.8358521780
2017.1914212549
2189.5725707831
3314.0984381235
1546.4958540449
2144.7044835694
3292.3594549667
4978.2824769489
3732.9566875653
2962.2119007204
4216.4817334167
2929.4286922242
3501.4580348601
499.7887577671
402.2734523200
346.3015196473
317.5803707326
290.3520008417
291.8843602125
304.4979310926
328.4076573381
365.4491616960
420.1558972377
3580.5762544749
3443.6906783698
1351.3696665808
3114.0451189976
2725.6413792780
2333.3892177051
4670.7089940172
3394.8228106485
3266.5832928785
2864.9301419311
3671.5294240074
3551.9695938017
4885.1507400665
559.6015762239
450.0812816021
374.3339682893
327.2067254713
301.0826453919
290.7198323926
292.5278650597
311.0673428990
348.7636305592
412.3130528061
3459.8115854241
3862.7899060849
1886.5558391514
2054.3114120986
3346.2384268815
3444.5343754943
1819.8287313924
4125.8207154370
5294.6626781767
524.2062494485
417.3264706536
346.7911311700
307.1631797990
309.0309528829
314.5629053168
352.5567476483
881.6299001294
3011.5298208334
2732.7983195254
3774.1081785141
4303.9441377766
3211.2767326419
2502.5529441678
402.4168996700
336.0320219666
351.3288152453
378.2080489848
2221.6853878297
5101.9589444110
4021.7766437143
405.7944597983
429.3726768087
290.3520008417
5867.8097878556