0.1409435237
0.1376643436
0.1378463240
0.1408425882
0.1466106869
0.1555656354
0.2563584947
0.1892346238
0.1827339588
0.1986534656
0.2308687502
0.1716593944
0.1676093255
0.1647302963
0.1650783212
0.1699968292
0.1809715064
0.2003277631
0.2318856962
0.4015457051
1.0015222214
1.2590785822
0.9027491632
0.9186503624
2.9339823337
1.1814747288
0.2347186873
0.1906225652
0.1642709736
0.1490317453
0.0872907762
0.0874156948
0.0893966537
0.0932637037
0.0994872848
0.1089926587
0.3351963312
0.3910084919
0.2296748258
0.3088493274
0.3774997254
0.5921150765
0.1338453001
0.1307574439
0.1301385394
0.1331821165
0.1408575383
0.1544943626
0.2816644851
1.4218189048
1.0284225891
0.7315651160
0.9687105382
1.0695671491
1.0685390028
0.1463450485
0.1200828356
0.1038569673
0.0944198310
0.0893683997
0.0798828163
0.0812700704
0.0866644932
0.0961389177
0.1085252376
0.1932426533
0.8193123809
0.3826047069
0.4839614511
0.5244540461
0.7863977547
30.2387417904
0.5075317580
0.7755385398
1.1716410682
0.8852386940
0.7082761068
1.0011952564
0.7009019775
0.8354562886
0.1312667790
0.1056016874
0.0904330924
0.0826006063
0.0768359712
0.0777144162
0.0817675393
0.0887518954
0.0984573693
0.1114359427
0.8491250276
0.8141047795
0.3258166523
0.7360878490
0.6446087699
0.5528380246
1.0984321611
0.8023302547
0.7747751817
0.6832026853
0.8720759992
0.8491755251
1.1549603876
0.1452353118
0.1180790405
0.0986903017
0.0863358662
0.0794677112
0.0770872296
0.0779179846
0.0830607322
0.0925782811
0.1076073355
0.8288140895
0.9184781464
0.4539957096
0.4920065345
0.7984606314
0.8239455885
0.4397927114
0.9908194125
1.2627545660
0.1351046829
0.1089781761
0.0912683712
0.0811575701
0.0813987420
0.0829446622
0.0922802144
0.2176972511
0.7281907450
0.6583616924
0.9097661240
1.0387594810
0.7770339051
0.6079104477
0.1044676314
0.0880743766
0.0913996002
0.0978260927
0.5400519216
1.2368372511
0.9769084957
0.1046623736
0.1099789995
0.0768359712
30.2387417904