0.4473751934
0.4378544159
0.4391332305
0.4492679118
0.4682119685
0.4973379296
0.8050429737
0.6007655555
0.5849628726
0.6298529708
0.7313006506
0.5500716192
0.5366553366
0.5267792664
0.5272795947
0.5425342597
0.5772750840
0.6388671444
0.7393627184
1.2927203844
3.1328914145
3.8607566116
2.7696413686
2.9153013278
8.6858005491
3.5939970691
0.7347003360
0.5991829153
0.5183605702
0.4718158501
0.2796052151
0.2801084856
0.2865842952
0.2991476206
0.3193508703
0.3502762132
1.1059309765
1.2847949997
0.7385701152
1.0126521513
1.2312525908
1.9599495062
0.4312236325
0.4206595961
0.4181791510
0.4277751760
0.4526360651
0.4971288565
0.9209766812
4.7329511335
3.4113482763
2.4206423618
3.2161533644
3.5497245860
3.5390371295
0.4693998481
0.3846123920
0.3325062533
0.3022943059
0.2861764436
0.2544937429
0.2586869152
0.2754440113
0.3050905649
0.3445996433
0.6245082186
2.7040999763
1.2614603869
1.5929269590
1.7304606818
2.6019931108
437.9182837453
1.6542172289
2.5322602372
3.8545541330
2.9011573589
2.3199944776
3.2830258309
2.2720727095
2.7566519107
0.4197950628
0.3370295344
0.2883550785
0.2632703422
0.2439821747
0.2465544811
0.2591444944
0.2810966381
0.3120420540
0.3539704031
2.7229014067
2.6361547898
1.0558904069
2.3740149514
2.0828042477
1.7843062707
3.5442150705
2.5811493751
2.4820507291
2.1846883488
2.7991106917
2.6955749027
3.7193924348
0.4634952990
0.3763162528
0.3140937942
0.2745137901
0.2525079017
0.2442654374
0.2467031038
0.2628298819
0.2929949473
0.3408425687
2.5951616089
2.9035142796
1.4287165912
1.5552285921
2.5113203572
2.5833331135
1.3856182412
3.0885020877
3.9657572972
0.4288963499
0.3460155205
0.2896088029
0.2573466099
0.2574295873
0.2621378228
0.2914634268
0.6827858951
2.2469379942
2.0452534648
2.8088244012
3.1985410225
2.3987210509
1.8771941177
0.3304647379
0.2786712111
0.2883618806
0.3082656101
1.6628588662
3.7727213538
2.9819492882
0.3299776862
0.3458654178
0.2439821747
437.9182837453