0.3664448222
0.3585705838
0.3593845193
0.3672998846
0.3822427635
0.4052705719
0.6531989395
0.4900262778
0.4748510863
0.5138898531
0.5932684407
0.4481127097
0.4380683883
0.4308586455
0.4317554026
0.4442129128
0.4719773945
0.5208216785
0.6001423615
1.0267051683
2.5043790433
3.1313201326
2.2471093635
2.3003078753
7.2338905640
2.9154560287
0.5988770479
0.4894305972
0.4240641672
0.3863417385
0.2290513368
0.2294036136
0.2345391736
0.2445455112
0.2606407590
0.2852189938
0.8656332082
1.0024985144
0.5880138346
0.7965551186
0.9654592486
1.5218937823
0.3519529019
0.3443447424
0.3429481017
0.3509192548
0.3707758537
0.4058712471
0.7366611935
3.6892693408
2.6578163167
1.8956647234
2.5008350813
2.7915806322
2.7304571098
0.3803807540
0.3130242534
0.2714648244
0.2472955759
0.2343600724
0.2084669409
0.2118885119
0.2255062102
0.2495807971
0.2815155892
0.5051153955
2.1526881221
0.9958082947
1.2696249164
1.3741640132
2.0633380498
79.2629923914
1.3432010749
2.0534907633
3.0918792450
2.3349013796
1.8644594984
2.6398793010
1.8540348097
2.1930232542
0.3411302930
0.2747610729
0.2356886077
0.2155218277
0.2001289967
0.2022655971
0.2125744872
0.2305436163
0.2558886508
0.2903234415
2.2618349425
2.1618752502
0.8605191436
1.9577111620
1.7126903848
1.4688179634
2.9244094407
2.1357735599
2.0638167077
1.8184559263
2.3202589481
2.2650368486
3.0732118005
0.3788714774
0.3074884005
0.2569053010
0.2248267437
0.2070123882
0.2008940299
0.2029708012
0.2163530209
0.2414679033
0.2816149948
2.2206589044
2.4572114733
1.2128754417
1.3139420199
2.1377935644
2.2070520572
1.1730153145
2.6564719230
3.3829825221
0.3538215216
0.2845736973
0.2380151968
0.2115634020
0.2126001842
0.2166910318
0.2415539240
0.5787727547
1.9555986678
1.7658812465
2.4445526423
2.7925013403
2.0860148444
1.6301950482
0.2735880005
0.2301923640
0.2395738455
0.2568965053
1.4494534157
3.3314670566
2.6294352158
0.2748719603
0.2895821855
0.2001289967
79.2629923914