34.9972837210
34.3623428362
34.5217502486
35.3391637407
36.8173259602
39.0609433791
60.9384538936
46.4711713524
45.7809612690
48.6757007595
56.1106402462
43.3413473449
42.3571744700
41.6206279946
41.6554801040
42.7961244759
45.3933225282
49.9814428702
57.4243939370
98.8002667857
229.3950465507
274.8217412489
199.4878781624
216.1234005412
584.9945826442
256.7395088379
55.5968013411
45.8520088443
40.0481804947
36.7209462173
22.2193844397
22.2649574385
22.7712085631
23.7486678824
25.3182116661
27.7201275001
85.8055621341
98.8566524681
56.7751707562
78.5213412077
94.4722811447
151.1877946259
34.3742919375
33.6076367225
33.4454857514
34.2053206961
36.1348772957
39.5604747099
72.6616744986
368.8627818968
264.6291825226
188.3639775576
249.0550309233
278.6165108919
270.8060476921
36.7086237492
30.2219527143
26.2475130539
23.9445001512
22.7169225127
20.0275141349
20.3231988649
21.5619556077
23.7796726516
26.8136390294
49.1345892620
214.2034413783
98.6550068972
125.9697530305
136.6379102522
205.8064701167
708.1975393583
132.7001278348
203.2267990087
307.5095957538
231.4363793161
184.5304378530
261.6728522923
182.2608665910
218.1156870512
32.8080869461
26.3911409317
22.6427163754
20.7126687317
19.1331304101
19.3075403114
20.2498190879
21.9277777586
24.3552136561
27.7318999938
221.1746010118
212.7134996082
84.4483256557
192.1838997193
168.3223506363
144.2207095297
287.4227820327
209.3817994686
201.7347225534
177.4326710052
227.0229604036
219.9750893671
301.4442739981
36.4535503085
29.5094145907
24.6134851559
21.5234335031
19.8081117751
19.1738283199
19.3474241068
20.6050760223
23.0168543940
26.9249697929
213.9372038679
238.2744842653
117.0878580239
127.2603365022
206.6295449684
212.8633523519
113.2586217106
255.2196025838
326.7861158320
33.9694259057
27.2655858959
22.7663534199
20.2135833647
20.2882935555
20.6644008382
23.0513090066
55.5380972536
186.6622558178
169.2486181055
233.5193568374
266.3224642058
199.1380291867
155.5610322706
26.1776813631
21.9926618830
22.8753199911
24.5323180720
138.0707103291
315.8950837950
249.3486426863
26.2746402619
27.6690620078
19.1331304101
708.1975393583