0.0073294024
0.0071366645
0.0071369659
0.0072932644
0.0076025401
0.0080879305
0.0138568932
0.0099693566
0.0095618990
0.0104782633
0.0123158328
0.0088973411
0.0086590894
0.0084888192
0.0085006333
0.0087681044
0.0093745352
0.0104535010
0.0122272159
0.0218416740
0.0562914654
0.0713751514
0.0508653070
0.0515747047
0.1689677828
0.0671283263
0.0126472516
0.0101495565
0.0086568249
0.0077917926
0.0044649325
0.0044710710
0.0045767016
0.0047831866
0.0051159306
0.0056251777
0.0181797005
0.0214147297
0.0124015278
0.0166934368
0.0206523288
0.0324728565
0.0068436763
0.0066550360
0.0066066386
0.0067612448
0.0071710551
0.0079117581
0.0147895060
0.0770610454
0.0560155755
0.0395522817
0.0529073738
0.0572038456
0.0593444017
0.0076713485
0.0062442523
0.0053627503
0.0048509447
0.0045774481
0.0041270809
0.0042063304
0.0045036742
0.0050207418
0.0056826707
0.0100857646
0.0430073795
0.0204647543
0.0254181093
0.0276575482
0.0414558180
41.6949750761
0.0258907468
0.0395829731
0.0606917535
0.0457466268
0.0367447032
0.0518150852
0.0356131773
0.0439471481
0.0068702840
0.0055026844
0.0046899539
0.0042705056
0.0039793140
0.0040302727
0.0042500210
0.0046214527
0.0051242984
0.0057767047
0.0419683176
0.0409415340
0.0166237633
0.0367253531
0.0323023061
0.0276727650
0.0546879951
0.0398462039
0.0382319536
0.0337225903
0.0432397381
0.0413751514
0.0574724603
0.0075195321
0.0061333205
0.0051256346
0.0044771134
0.0041157917
0.0039802032
0.0040258397
0.0042913409
0.0047688113
0.0055006644
0.0393564861
0.0442224071
0.0218410020
0.0237992635
0.0381532686
0.0391938653
0.0212678163
0.0467325424
0.0601470040
0.0068963328
0.0056048617
0.0047078663
0.0041888895
0.0041724536
0.0042476598
0.0047006113
0.0105760853
0.0338189054
0.0309055423
0.0422127657
0.0479936044
0.0361429080
0.0283611739
0.0053168919
0.0045074842
0.0046323547
0.0049299849
0.0250705047
0.0562775855
0.0445719752
0.0052732083
0.0054920924
0.0039793140
41.6949750761