0.0012576781
0.0012237645
0.0012234074
0.0012501259
0.0013033604
0.0013871203
0.0023958212
0.0017138938
0.0016417231
0.0018017521
0.0021233118
0.0015247891
0.0014831109
0.0014533655
0.0014552965
0.0015016065
0.0016067623
0.0017940800
0.0021024607
0.0037757299
0.0098005408
0.0124405957
0.0088604238
0.0089763953
0.0295271903
0.0117225129
0.0021855429
0.0017499001
0.0014895064
0.0013385230
0.0007634146
0.0007644406
0.0007826118
0.0008181508
0.0008754324
0.0009631176
0.0031347022
0.0037020101
0.0021423226
0.0028789404
0.0035718135
0.0056112199
0.0011693940
0.0011362720
0.0011275572
0.0011539773
0.0012245063
0.0013523021
0.0025348759
0.0132680872
0.0096548383
0.0068126020
0.0091269570
0.0098220428
0.0102751176
0.0013171821
0.0010707514
0.0009184876
0.0008300900
0.0007828562
0.0007071796
0.0007210214
0.0007725924
0.0008620805
0.0009760895
0.0017282185
0.0073602705
0.0035172500
0.0043527344
0.0047415078
0.0071033248
6.4597066976
0.0044125780
0.0067457861
0.0103640511
0.0078105678
0.0062805725
0.0088490785
0.0060684321
0.0075219897
0.0011795380
0.0009441831
0.0008041214
0.0007318275
0.0006823297
0.0006912613
0.0007292686
0.0007932544
0.0008793946
0.0009904190
0.0071225049
0.0069631289
0.0028348758
0.0062402787
0.0054915216
0.0047040074
0.0092867680
0.0067645645
0.0064890511
0.0057246543
0.0073434360
0.0070130976
0.0097608189
0.0012887296
0.0010519167
0.0008791863
0.0007677998
0.0007057111
0.0006822589
0.0006901855
0.0007357013
0.0008170814
0.0009410953
0.0066512482
0.0074826955
0.0036975838
0.0040311279
0.0064522911
0.0066271530
0.0036042244
0.0078934830
0.0101669015
0.0011796301
0.0009599773
0.0008067946
0.0007179622
0.0007144661
0.0007272402
0.0008040600
0.0017947759
0.0057061152
0.0052189479
0.0071205052
0.0080917102
0.0060983883
0.0047902340
0.0009093525
0.0007716195
0.0007918808
0.0008419976
0.0042302082
0.0094746724
0.0075074856
0.0009006136
0.0009367782
0.0006822589
6.4597066976