1.5754527980
1.5428435993
1.5469198781
1.5810439400
1.6449533510
1.7431313597
2.7822014646
2.0984916801
2.0397040616
2.2004829677
2.5349398682
1.9288190718
1.8868132720
1.8566535847
1.8607067563
1.9136442061
2.0312734449
2.2378101649
2.5725471317
4.3730071499
10.5571515080
13.1119629365
9.4478905749
9.7195631587
29.9112626744
12.2434353880
2.5514027700
2.0916237863
1.8170587751
1.6587386401
0.9887920810
0.9903541970
1.0123471751
1.0551603064
1.1239948170
1.2290668635
3.6930753410
4.2679228230
2.5101125304
3.4007778420
4.1108195943
6.4777054144
1.5196931307
1.4881836742
1.4828766698
1.5173090119
1.6022215321
1.7517430689
3.1634390478
15.7389446461
11.3277562237
8.0902566098
10.6515176433
11.9406623801
11.5889211585
1.6330040293
1.3462359581
1.1693485770
1.0664555662
1.0113778031
0.8976259286
0.9119422098
0.9695627191
1.0717146212
1.2080278308
2.1698777854
9.2414202934
4.2585940256
5.4499517290
5.8942956897
8.8515249305
116.5740177473
5.7999976175
8.8658567617
13.3099229178
10.0567286739
8.0236070127
11.3657778175
8.0114956102
9.4116001720
1.4647303389
1.1808548244
1.0139941901
0.9278713988
0.8610971728
0.8699717104
0.9137660857
0.9905055763
1.0994612750
1.2485361039
9.8273600276
9.3603226421
3.7150806012
8.4902291086
7.4218096061
6.3664464352
12.6890854087
9.2722839637
8.9708505751
7.9047234519
10.0766075331
9.8713907300
13.3359865520
1.6306412785
1.3223810566
1.1048067891
0.9671485164
0.8907391147
0.8649233368
0.8736750905
0.9312228614
1.0399671695
1.2149267555
9.7279784918
10.7340857451
5.2995959957
5.7345118327
9.3533421530
9.6650537874
5.1204720321
11.6544564837
14.8109776247
1.5275155652
1.2264616778
1.0250715381
0.9109780826
0.9168033853
0.9345863661
1.0430086134
2.5243407644
8.6076622148
7.7545868206
10.7607832073
12.3040932696
9.1786930076
7.1690395222
1.1818085271
0.9930780325
1.0357395812
1.1119628317
6.3810166646
14.7246056985
11.6161522793
1.1899591611
1.2560195553
0.8610971728
116.5740177473