5.8076835345
5.6984925703
5.7229292231
5.8578190272
6.1034044494
6.4771692570
10.1840287150
7.7442048179
7.5971200049
8.1088792301
9.3585824550
7.1824643202
7.0167891842
6.8931709248
6.8990001753
7.0901560416
7.5256037161
8.2955399157
9.5461027528
16.4776171196
38.6200975052
46.8521632832
33.7491125567
36.2621548646
102.4298500400
43.4056281613
9.2928156193
7.6451484103
6.6635899283
6.1003423554
3.6754643629
3.6827476578
3.7667659345
3.9292067818
4.1901583970
4.5895493009
14.2720076275
16.4645508461
9.4521658770
13.0584121741
15.7395783370
25.1750999169
5.6829629213
5.5534666868
5.5252823633
5.6510633007
5.9720644247
6.5430368608
12.0463701793
61.3357781007
44.0339440110
31.3270618979
41.4610606332
46.2727735073
45.1687169070
6.0952691978
5.0125168264
4.3486434092
3.9638916709
3.7587494216
3.3205360561
3.3707417819
3.5790242817
3.9510626953
4.4574890173
8.1534878295
35.5113274292
16.3969004416
20.8893685709
22.6635725416
34.1262165653
451.3542201849
21.9301815451
33.5837935012
50.8921831543
38.2980260810
30.5533998691
43.3120793896
30.1145885720
36.1643192469
5.4488145283
4.3809681408
3.7562270399
3.4344486925
3.1749109778
3.2048364909
3.3629024406
3.6431576475
4.0464932475
4.6045713367
36.4307268182
35.1040985539
13.9646931120
31.6852386731
27.7627681166
23.7861228552
47.3674529547
34.4999717062
33.2180175404
29.2171295094
37.4037388781
36.1744776727
49.6820744342
6.0452664046
4.8969907335
4.0851409640
3.5718145579
3.2867318259
3.1808963366
3.2103877897
3.4194625689
3.8182453228
4.4613235175
35.0749263031
39.1253141144
19.2279322853
20.9089427132
33.8967507529
34.9013060595
18.6081652997
41.8051579613
53.5794396467
5.6231416552
4.5190492159
3.7755520546
3.3528884204
3.3624106791
3.4246237801
3.8173984327
9.1337091642
30.5185628631
27.7107533151
38.1721158695
43.5157420948
32.5637469521
25.4479141106
4.3328261204
3.6435833405
3.7848693449
4.0559690631
22.5735181000
51.5149596144
40.6769007182
4.3430508630
4.5681192005
3.1749109778
451.3542201849