0.0000888310
0.0000864850
0.0000864783
0.0000883602
0.0000920920
0.0000979533
0.0001680891
0.0001205864
0.0001157737
0.0001267574
0.0001492318
0.0001076747
0.0001047761
0.0001027086
0.0001028526
0.0001060927
0.0001134348
0.0001265012
0.0001480003
0.0002648692
0.0006836915
0.0008636315
0.0006168085
0.0006273693
0.0020326379
0.0008157432
0.0001533598
0.0001230577
0.0001049454
0.0000944465
0.0000540940
0.0000541670
0.0000554422
0.0000579349
0.0000619505
0.0000680943
0.0002198726
0.0002595940
0.0001505491
0.0002021197
0.0002505370
0.0003934785
0.0000827180
0.0000804257
0.0000798390
0.0000817050
0.0000866475
0.0000955831
0.0001782115
0.0009277651
0.0006755448
0.0004769197
0.0006387926
0.0006864858
0.0007189749
0.0000928333
0.0000755995
0.0000649488
0.0000587625
0.0000554554
0.0000500301
0.0000509887
0.0000545850
0.0000608332
0.0000688123
0.0001213012
0.0005142271
0.0002464852
0.0003046732
0.0003318675
0.0004968076
0.0246588764
0.0003090423
0.0004717560
0.0007243621
0.0005464056
0.0004394039
0.0006184506
0.0004249341
0.0005256725
0.0000831583
0.0000666580
0.0000568380
0.0000517655
0.0000482755
0.0000488906
0.0000515472
0.0000560328
0.0000620906
0.0000699220
0.0005006691
0.0004877470
0.0001989958
0.0004382344
0.0003852988
0.0003304275
0.0006517580
0.0004755435
0.0004569482
0.0004038825
0.0005166909
0.0004972033
0.0006849054
0.0000910263
0.0000743134
0.0000621442
0.0000543021
0.0000499289
0.0000483389
0.0000488879
0.0000520996
0.0000578715
0.0000667118
0.0004786844
0.0005321820
0.0002647482
0.0002871333
0.0004621656
0.0004768185
0.0002578903
0.0005729091
0.0007287446
0.0000837372
0.0000680508
0.0000571699
0.0000508733
0.0000507610
0.0000516726
0.0000571936
0.0001290084
0.0004224252
0.0003811293
0.0005265858
0.0006021295
0.0004515055
0.0003545660
0.0000647472
0.0000548508
0.0000565144
0.0000601931
0.0003148371
0.0007220405
0.0005710405
0.0000644307
0.0000672866
0.0000482755
0.0246588764