89.5577989386
87.9801615181
88.4316603558
90.5686491068
94.4039111338
100.2108750689
155.8567299005
118.7163708284
117.5776866157
124.3843350808
143.6513597964
111.2506387666
108.6650539140
106.7102110666
106.7526000055
109.6563675041
116.3236708732
128.1312397757
147.3070129920
255.0890483608
587.0909192564
691.8361478086
505.6464167326
557.8524815557
1423.7509663483
651.8069986200
141.8579399541
117.0893460612
102.3489002790
93.9114324596
56.9774656998
57.1029194468
58.4146930984
60.9410420890
64.9961880947
71.2071860599
223.0516640838
257.1414807700
146.6840556728
203.7974278791
245.3028163068
393.9489093073
88.3059334724
86.2673880813
85.8049446729
87.7420972743
92.7201830042
101.5893336617
187.7424649729
960.4634940996
688.9136229514
489.5978622553
648.6633450189
723.6528024116
706.6455284032
94.2889796198
77.5554092690
67.3231690777
61.4017244054
58.2500123230
51.2762499122
52.0215518735
55.1717704191
60.8223405670
68.5950786104
126.3431561376
554.4821351394
255.7523303810
325.8767663388
353.9129723128
533.4400599460
1237.6310096886
341.6934472251
523.5686824039
794.6578081676
597.3939028499
476.3809459392
675.5608339905
468.5012878290
564.7047956351
84.1660994810
67.6397496163
57.9997956104
53.0402530652
48.9316339778
49.3642675522
51.7570611481
56.0319300041
62.2379989868
70.8947127154
565.8685162076
546.1866908668
217.0464257126
492.7445759093
431.8817344327
369.9277244427
736.9666707627
536.4034308745
516.0433838070
453.6597406459
581.1859482275
560.9757266440
772.4802881370
93.3970298424
75.5816995920
63.0099433318
55.0756699883
50.6706139999
48.9923094704
49.4212362221
52.6183196185
58.7655362687
68.7318453530
542.7804495142
606.4893464454
297.6619773669
323.9970387452
525.0592523258
540.3329235662
288.1044385128
646.6585481911
829.8671461607
86.8257930133
69.7146905600
58.2030480291
51.6632195422
51.7907960029
52.7324349098
58.7936407500
141.0872780337
471.2489870659
428.3053326986
589.6643371990
671.9065246967
502.8856436920
392.9134425288
66.8210199025
56.1509256592
58.3240674080
62.5059959493
348.3693909375
794.3861581247
627.2501617673
66.9675015433
70.4374037291
48.9316339778
1423.7509663483