0.0029658505
0.0028945122
0.0028983136
0.0029632118
0.0030883851
0.0032830547
0.0054814197
0.0040148195
0.0038717232
0.0042136422
0.0049218913
0.0036206079
0.0035279402
0.0034608465
0.0034650662
0.0035700600
0.0038084645
0.0042318918
0.0049255572
0.0087043040
0.0218708331
0.0274687530
0.0195784766
0.0201204358
0.0641481667
0.0256382689
0.0050059508
0.0040461226
0.0034729627
0.0031416628
0.0018278166
0.0018306665
0.0018734485
0.0019568082
0.0020910180
0.0022964154
0.0073374711
0.0085830960
0.0049527558
0.0067228089
0.0082520515
0.0130498138
0.0028096222
0.0027363897
0.0027183216
0.0027813778
0.0029466682
0.0032440080
0.0060398323
0.0312462997
0.0226088585
0.0160123087
0.0213301983
0.0232720683
0.0237129248
0.0031064658
0.0025365413
0.0021852178
0.0019813309
0.0018724448
0.0016779072
0.0017081076
0.0018243597
0.0020280187
0.0022933652
0.0041073598
0.0176377066
0.0083205875
0.0104087380
0.0113185313
0.0169977979
36.0954262326
0.0106964713
0.0163661289
0.0250109858
0.0188401496
0.0151045388
0.0213247876
0.0147082507
0.0179668582
0.0027806511
0.0022298648
0.0019040218
0.0017359503
0.0016137914
0.0016328799
0.0017194526
0.0018677646
0.0020722144
0.0023428074
0.0174727293
0.0170081522
0.0068518016
0.0152642176
0.0134213810
0.0114890575
0.0227715249
0.0165699291
0.0159362926
0.0140297841
0.0179975464
0.0172789764
0.0238776191
0.0030559066
0.0024874609
0.0020777716
0.0018155066
0.0016695332
0.0016149408
0.0016324692
0.0017398264
0.0019363343
0.0022423604
0.0165300471
0.0185230231
0.0091380062
0.0099389184
0.0159918144
0.0164558542
0.0088788214
0.0196325380
0.0252500892
0.0028147668
0.0022798919
0.0019120137
0.0017003354
0.0016971340
0.0017280583
0.0019166246
0.0043947895
0.0142430500
0.0129938100
0.0178045597
0.0202395161
0.0152151118
0.0119224741
0.0021697341
0.0018350118
0.0018919762
0.0020178465
0.0105493772
0.0238019036
0.0188254247
0.0021588199
0.0022552160
0.0016137914
36.0954262326