12.7979231072
12.5626955086
12.6171275181
12.9111314058
13.4451771630
14.2567906925
22.2316874517
17.0227336156
16.6880360700
17.8237806103
20.4770778846
15.8171492549
15.4678376199
15.2081530402
15.2263416339
15.6437468556
16.5876968087
18.2512361848
20.9455021450
35.7674014034
83.4491298689
101.4376583641
73.1853816910
77.9485885821
222.5846550319
93.7724365951
20.3345823456
16.7718474856
14.6488035014
13.4305335065
8.1198465323
8.1355022987
8.3185936918
8.6728674230
9.2419474284
10.1122183853
30.9461130697
35.5761520398
20.5296031331
28.3398706091
34.0238376325
54.3686120409
12.5481788492
12.2787828824
12.2258639603
12.5048077768
13.2054815141
14.4449770118
26.3960553075
133.0373757212
95.3684490743
68.0102561740
89.7099907663
100.8157471790
97.1681521106
13.3833018415
11.0302401646
9.5862634425
8.7486325613
8.3015940030
7.3242437015
7.4331265953
7.8872410761
8.6996738371
9.8081005564
17.9239083705
77.8068970466
35.7299407133
45.7611934295
49.5767038078
74.6528934633
439.0010306198
48.4385274471
74.1624891450
111.9105114648
84.2810467195
67.1741584074
95.2862757819
66.6064473184
79.2019130525
11.9734584939
9.6401036057
8.2761753855
7.5734849636
7.0020266628
7.0670130667
7.4132050020
8.0288593279
8.9184784653
10.1554052486
81.1739730136
77.8464595907
30.8605216431
70.4134262203
61.6253682932
52.8169078470
105.3137547192
76.7674318328
74.0424988548
65.1282981371
83.2654656366
80.9145421086
110.4912606026
13.3234264951
10.7857851110
8.9995591026
7.8728261271
7.2475650602
7.0220595599
7.0872302160
7.5500005679
8.4367378346
9.8746213073
78.9910203275
87.7850181631
43.1639688995
46.8651490572
76.2032895905
78.5554020222
41.7183985580
94.3173735788
120.5525765259
12.4425738322
9.9815598059
8.3343515511
7.4012541531
7.4370432487
7.5774939289
8.4580789882
20.4680322636
69.1395256748
62.5974965718
86.4906405166
98.7022011866
73.7417464780
57.5879328208
9.5980178424
8.0609586064
8.3955853437
9.0103238949
51.1555744170
117.3183257985
92.5773603810
9.6469180362
10.1704432409
7.0020266628
439.0010306198