320.9258101704
320.1131919766
324.3946773422
333.2290020414
346.9495987735
366.4245581597
465.9403786320
412.7677391358
422.5485038331
427.8425544987
469.6469497925
413.2767977713
406.8324674550
401.2410885249
401.0423260151
409.0883112344
427.8268894671
460.3907898023
511.2682567183
812.7130208611
1422.4755896483
1485.4792317688
1093.5517730135
1436.9146712509
2297.0500345904
1209.0386782361
426.7759927274
375.1406586624
344.8542372530
328.2918456143
219.6584926401
220.3447906319
225.0444097996
233.9246424520
248.1005779538
269.8114188430
780.8730259623
854.5867546083
474.8797264910
705.7234370299
796.0195526371
1337.6317922494
345.8052230965
340.8956717600
340.4362886538
347.7616895861
365.1816199301
395.1369361743
711.5322547441
3476.0448667602
2425.6839635291
1752.0468147964
2267.6954131332
2713.3654329070
2299.5003741755
339.9906247716
285.4010134199
252.5647044140
233.6303090456
223.5950640325
189.6973470388
190.9905607956
199.3268189939
215.5674591144
241.6860070331
473.8667337178
2164.3703644211
940.7986367666
1260.1638504371
1358.9896815056
2066.8799059457
255.7374715519
1392.3624867981
2140.0283211823
3185.2243010906
2386.4445030752
1879.7742601693
2692.5924837259
1902.2678280385
2190.8801785157
302.6236399139
245.1170276119
212.6808342610
196.0589362071
178.1940429807
178.6193159615
185.4984788297
199.4192657142
222.4646561822
258.4565860141
2395.6382668045
2270.7660353829
872.7681646699
2067.0621447882
1801.4936603612
1542.7572450394
3110.9122368309
2262.1606459584
2185.3908321475
1912.1292321932
2445.0185928092
2394.4760805490
3250.0878929602
344.9992023704
275.4823599668
228.8887263617
200.4914819456
184.8293776155
179.0152213956
179.8680097419
191.3017069888
215.8127543171
258.8439348990
2379.1057288705
2635.4750944197
1282.5827566685
1392.6835540162
2291.9606302577
2364.5729295335
1229.2426010858
2845.7289760235
3635.7976210046
329.2507234758
258.9249491294
214.0142593837
189.3052935693
192.2690319143
196.0128949577
221.6277693392
590.0334402686
2095.2714463268
1889.7762992893
2629.3507765026
3005.3493751021
2230.4399786371
1731.9416278487
253.1121391973
209.5970795450
222.0625159830
241.0279948022
1543.3316749171
3593.0586792016
2825.2625809854
258.5215134319
276.6425392613
178.1940429807
3635.7976210046