96.3757305164
94.7284601776
95.2412975334
97.5516933768
101.6762691689
107.9078289348
166.7360439215
127.5641911329
126.5263872506
133.6188252199
154.0770201708
119.8622245053
117.1127965818
115.0274673829
115.0714684161
118.1713681542
125.2890994165
137.8862477883
158.3220545693
273.3333432725
624.3520952536
732.9424247953
536.2943578300
594.2750733641
1498.9172507365
689.7029941284
151.7889534851
125.5310807311
109.9085175245
100.9738847340
61.4770811528
61.6144904054
63.0255163344
65.7412326765
70.0994362431
76.7743230549
239.6615020202
275.8235677251
157.2846580130
218.9243584059
262.9747428755
422.8147351497
95.3293209787
93.1650380349
92.6827358867
94.7717892636
100.1219441902
109.6407136350
202.3494962262
1032.9965717407
740.2876325089
526.4139504883
696.8044356655
779.3607627500
757.3485712580
101.4676937407
83.5267588865
72.5614673562
66.2162919374
62.8393880478
55.2395923782
56.0269599096
59.3848689579
65.4213594949
73.7641972131
136.1430149523
598.1690629017
275.2868571865
351.4374533552
381.5457702599
575.2874185897
1218.1595477948
369.3662433052
566.0152873949
858.2568718627
645.1725227719
514.2320816371
729.4959954540
506.4232065182
609.0652013303
90.5669896254
72.8077879329
62.4603667901
57.1375127947
52.6843328177
53.1380247466
55.6946078472
60.2792621946
66.9650456410
76.3319301813
612.9051621488
591.0026546841
234.5162822075
533.4075689842
467.4145868858
400.3618876610
798.0276642753
580.8505412056
558.9728671744
491.3082370151
629.3107931679
607.9732621824
836.4217307265
100.6066255723
81.3760847156
67.8332708090
59.2972892431
54.5594069591
52.7582867046
53.2127924564
56.6532430181
63.2955607062
74.1009987230
589.1298345411
657.8762415339
322.7870562484
351.2818608528
569.7185558505
586.4066488339
312.2918677803
702.0825499282
900.6115330687
93.6336430479
75.1188830309
62.6909216768
55.6398670188
55.8082180307
56.8262298469
63.3933326786
152.8114596800
511.9881157000
465.0918516158
640.7068315566
730.2321772398
546.2917822618
426.7119705601
72.0618757999
60.5192171411
62.9141829911
67.4610485189
378.4391363265
863.9862250470
682.0485095942
72.2795766414
76.0819903311
52.6843328177
1498.9172507365