42.1006448021
41.3078500312
41.4891680636
42.4760186554
44.2709044230
47.0024145886
74.0765728910
56.0390485145
55.1881081208
58.7261213144
67.9341751321
52.1165304916
50.8879408966
49.9677063818
49.9977805458
51.3860488312
54.5633291268
60.1913402378
69.3448992033
120.4081370863
282.1064353157
337.6247631466
245.1899517023
266.0106166321
716.9892177142
316.9003589497
67.4890855404
55.4832621647
48.3326438788
44.2306376088
26.6283758219
26.6834482191
27.2973569668
28.4825786969
30.3861837807
33.3010726930
104.5011532463
120.7666042810
69.0913025016
95.5578221799
115.3911707169
184.7472385615
41.2018974958
40.2342129867
40.0128988516
40.9211546076
43.2597803717
47.4315805557
87.6900257961
449.0630814094
322.6054080683
229.1791154802
303.8828915530
337.8994491315
332.0659295460
44.2624366871
36.3646383771
31.5268829758
28.7253202623
27.2329495763
24.0525855007
24.4177341354
25.9303257762
28.6303929556
32.3039216250
59.1726113641
258.4806759466
119.6341135417
152.0293709308
165.1111993113
248.6877001105
999.1668139413
158.9671858964
243.4957004885
369.8558223502
278.1587934260
222.0071822458
314.6134798949
218.0902345740
263.3262875302
39.5371008119
31.7655519730
27.2200593301
24.8801894899
22.9881091461
23.2044755929
24.3491814252
26.3772028232
29.2923367399
33.3200402420
262.8622045386
253.8975355315
101.1356917046
228.9636571772
200.7281420640
171.9468945001
342.2503215661
249.1493358714
239.6968617416
210.8057035754
270.0505602630
260.5434542260
358.9030338680
43.8064185534
35.4881009465
29.5973272998
25.8702560520
23.8001662970
23.0171066655
23.2281708693
24.7362696479
27.6097546261
32.2362500220
251.7694302348
281.3861320887
138.2221511514
150.4418126648
243.5619160354
250.6229667727
133.8602374786
299.8740099426
384.8784731508
40.6704312319
32.7039941466
27.3258755327
24.2643121751
24.3093713804
24.7527101483
27.5742181947
65.6864202691
218.4664425361
198.6361918171
273.2687703319
311.3434218522
233.1581061125
182.2722061495
31.3139192852
26.3426394733
27.3314202360
29.2689806379
161.5691111343
367.9042830952
290.5889087960
31.3488903610
32.9390887593
22.9881091461
999.1668139413