15.7169083329
15.4170009363
15.4819076904
15.8481833631
16.5164239815
17.5344907252
27.6999802275
20.9538965126
20.5867666363
21.9515475077
25.3937233872
19.4374980143
18.9800910894
18.6384832404
18.6515628193
19.1714983460
20.3593887136
22.4627797202
25.8838286033
44.9091513929
105.5696435222
127.3812361241
92.0710326179
99.3578692958
274.7027812761
118.9980054073
25.2486646385
20.7427650210
18.0585619594
16.5179869972
9.9297972462
9.9498024412
10.1783177655
10.6199086539
11.3293031518
12.4154289295
38.8956021238
44.9538115686
25.7559303197
35.5775442634
42.9727335288
68.7410990492
15.3561430421
14.9966099196
14.9151331127
15.2543251594
16.1262910024
17.6811643708
32.6622285939
167.0750099576
120.0445843506
85.3018940630
113.0751979605
125.7583977092
123.5576623732
16.5135071320
13.5664063998
11.7600684975
10.7136537023
10.1560043355
8.9769350183
9.1140897412
9.6806876246
10.6914732822
12.0643608283
22.0677949251
96.2389836423
44.5539428825
56.6150704136
61.4708894817
92.5629568040
706.4923611927
59.2170032534
90.6955499674
137.7081029736
103.5908925881
82.6869541606
117.1693327486
81.2728713663
98.0409124270
14.7553443124
11.8562785462
10.1595014037
9.2857753766
8.5834738081
8.6651725385
9.0940166679
9.8528123719
10.9419193943
12.4445065820
97.9876031070
94.6132700148
37.6972069385
85.3253739135
74.8003380201
64.0791173838
127.5305524091
92.8560068205
89.3446779169
78.5841806929
100.6545715884
97.1466850761
133.7446333875
16.3479691399
13.2466737285
11.0494970637
9.6587528062
8.8861991379
8.5956532842
8.6753497469
9.2393930783
10.3124998658
12.0384103296
93.9241368994
104.9332496015
51.5603089302
56.1073003311
90.8379286968
93.4850180796
49.9312384705
111.8814988134
143.5426305525
15.1795540484
12.2087914172
10.2027829364
9.0606292514
9.0782335250
9.2444453657
10.2978231391
24.5151932505
81.5368132433
74.1149016258
101.9844041340
116.2004859212
87.0162298221
68.0226959998
11.6906982635
9.8363942939
10.2058188312
10.9292365845
60.3054490022
137.3494097308
108.4805241063
11.7042292629
12.2980200127
8.5834738081
706.4923611927