19.1407491741
18.7768621037
18.8567149684
19.3032291609
20.1172185904
21.3569519205
33.7073054879
25.5069053867
25.0733218423
26.7215369676
30.9071122164
23.6767433971
23.1201142531
22.7041040274
22.7196799377
23.3521133867
24.7973849754
27.3565066096
31.5183668884
54.6753435652
128.3763883065
154.6573782199
111.8932001811
120.8781200907
332.5257794327
144.6273329719
30.7272256682
25.2496079903
21.9866497915
20.1141131014
12.0969853789
12.1214918027
12.3998800347
12.9377385107
13.8017401679
15.1246028758
47.3804708951
54.7506784173
31.3600526434
43.3356201564
52.3308417051
83.7323145735
18.7100753831
18.2724715839
18.1733311777
18.5864556384
19.6483871353
21.5418700298
39.7940742646
203.5576457622
146.2417142795
103.9161585181
137.7454507501
153.2298424819
150.4882633581
20.1114224497
16.5234901028
14.3246647723
13.0509575308
12.3722309714
10.9331393347
11.0997662026
11.7888538769
13.0184877340
14.6896631780
26.8810147226
117.2722168994
54.2772727321
68.9841520091
74.9022539598
112.7917988282
755.4142129342
72.1678919415
110.5315248014
167.8240192188
126.2398415001
100.7585279979
142.7846166035
99.0402469075
119.4676490753
17.9689948115
14.4386985766
12.3729016248
11.3092284441
10.4526641092
10.5517858698
11.0734197532
11.9968554188
13.3230641994
15.1538729325
119.4215505824
115.3079483811
45.9348775068
103.9897212903
91.1624388188
78.0941273019
155.4357415156
113.1706755842
108.8911492330
95.7729808402
122.6708328111
118.3980146818
163.0047178385
19.9104391968
16.1320382980
13.4558309338
11.7621946779
10.8214359870
10.4673669418
10.5641342660
11.2507995191
12.5579559092
14.6612832390
114.4747838475
127.8948372961
62.8378333362
68.3809959582
110.7164143662
113.9447270055
60.8523765118
136.3622194154
174.9525943407
18.4888437623
14.8688484356
12.4250320498
11.0338186780
11.0556478758
11.2580055064
12.5415032139
29.8708580912
99.3785178023
90.3329110171
124.3046539375
141.6312859838
106.0571085571
82.9052281422
14.2387714106
11.9793764081
12.4301649549
13.3118920272
73.5001475221
167.4108455622
132.2232395135
14.2562034624
14.9804431815
10.4526641092
755.4142129342