0.9280271896
0.9092338057
0.9124216468
0.9336942985
0.9730140203
1.0332106672
1.6527164106
1.2419409693
1.2139882256
1.3016158229
1.5076640391
1.1440040898
1.1166613765
1.0964055395
1.0973574608
1.1285463371
1.1996341571
1.3255595903
1.5306756043
2.6641901175
6.3682155516
7.7758588038
5.5986731373
5.9496027281
17.1808966214
7.2457064489
1.5080960797
1.2342385703
1.0709874488
0.9771108325
0.5829917834
0.5840954494
0.5975423279
0.6235854989
0.6654463515
0.7295244311
2.2919889214
2.6553829047
1.5244781768
2.0977531960
2.5415918874
4.0553141719
0.9002370624
0.8787408118
0.8738064006
0.8937798802
0.9452728195
1.0372327996
1.9179839483
9.8272568510
7.0717944282
5.0222081052
6.6638009196
7.3862235032
7.3048963678
0.9739987248
0.7991766030
0.6918609589
0.6296579273
0.5964866428
0.5289225577
0.5373458199
0.5714990221
0.6321501874
0.7136705073
1.2988375020
5.6413858070
2.6209835682
3.3208898280
3.6063235950
5.4264013315
254.9322290824
3.4625949506
5.3018146562
8.0580547927
6.0637781004
4.8442759394
6.8601882862
4.7545688257
5.7488577146
0.8707774542
0.6994456568
0.5989149110
0.5471259464
0.5064563760
0.5115605678
0.5373123922
0.5825156741
0.6467734735
0.7345903915
5.7171175547
5.5263204775
2.2073891382
4.9807916617
4.3678536221
3.7418714482
7.4402902037
5.4179721599
5.2121490981
4.5861246525
5.8746145136
5.6650499403
7.8054499915
0.9631931992
0.7812643899
0.6519083568
0.5698289332
0.5242175451
0.5071391987
0.5120430347
0.5454468239
0.6084316123
0.7090196551
5.4672394808
6.1113734941
3.0051840132
3.2705034403
5.2886353552
5.4417599946
2.9121967670
6.5100880422
8.3548949988
0.8929716724
0.7192926304
0.6015799447
0.5344159112
0.5350686772
0.5448808698
0.6064246517
1.4324831046
4.7411069927
4.3121373063
5.9284715402
6.7533595148
5.0605880105
3.9581001971
0.6879451524
0.5794718622
0.6004847895
0.6425230029
3.5077720400
7.9753550504
6.3012624422
0.6879047719
0.7219728834
0.5064563760
254.9322290824