16.2421430765
15.9317458973
15.9985918194
16.3770466623
17.0677031648
18.1200415361
28.6354296520
21.6536152255
21.2752516396
22.6856070014
26.2458287402
20.0859554287
19.6128495357
19.2595561111
19.2730262312
19.8105485145
21.0386900726
23.2134685794
26.7508692668
46.4236305131
109.1679352464
131.6952562212
95.2134535378
102.7460673734
283.8578532502
123.0985927458
26.1008635701
21.4405247839
18.6642857941
17.0708226821
10.2600725507
10.2807444738
10.5169288192
10.9733398097
11.7065452297
12.8291374154
40.2036992004
46.4709236321
26.6242492980
36.7738966283
44.4240314688
71.0582014146
15.8666390624
15.4947140554
15.4103153206
15.7607954250
16.6620131635
18.2692104563
33.7529456140
172.6857191706
124.0850341553
88.1641313059
116.8785982219
129.9641369916
127.7404003960
17.0654594091
14.0191258471
12.1519525946
11.0703072960
10.4938909603
9.2761318832
9.4179989996
10.0037971833
11.0487085529
12.4675995273
22.8035553352
99.4465275933
46.0450818028
58.5033107486
63.5217560939
95.6500467575
710.7303155232
61.1819948077
93.7038235409
142.2870387469
107.0352729268
85.4391308312
121.0656304673
83.9674101705
101.3093640314
15.2483254585
12.2520770873
10.4983394646
9.5952901640
8.8697078808
8.9542292888
9.3975319259
10.1817575612
11.3070914985
12.8592843200
101.2208507792
97.7445333269
38.9483963325
88.1447679328
77.2752896863
66.1973661177
131.7418168180
95.9242059628
92.2933490950
81.1783806558
103.9799309297
100.3499106361
138.1642971173
16.8929777983
13.6886067124
11.4181363662
9.9809018172
9.1825156176
8.8821299414
8.9645255078
9.5473483502
10.6559449228
12.4386030586
97.0049348010
108.3839669294
53.2559957693
57.9528446635
93.8245301678
96.5563068756
51.5759787048
115.5517631633
148.2552797243
15.6843457302
12.6153710456
10.5427506067
9.3625759850
9.3803816315
9.5520523136
10.6400835564
25.3223811283
84.2067442696
76.5465060376
105.3220792263
120.0022301824
89.8644585977
70.2526108688
12.0793064949
10.1636877975
10.5447960832
11.2918281098
62.2795462249
141.8318174692
112.0249914059
12.0925939106
12.7054245110
8.8697078808
710.7303155232