0.0094558719
0.0092021728
0.0092003293
0.0094017899
0.0098024490
0.0104324667
0.0179935591
0.0128853848
0.0123466803
0.0135455715
0.0159565684
0.0114700550
0.0111569365
0.0109331748
0.0109473289
0.0112950041
0.0120849153
0.0134920659
0.0158082085
0.0283819800
0.0735382687
0.0933540289
0.0664745173
0.0673825564
0.2213581928
0.0878564160
0.0164133822
0.0131463201
0.0111936805
0.0100617001
0.0057435391
0.0057513547
0.0058880985
0.0061554734
0.0065864173
0.0072461379
0.0235918314
0.0278417042
0.0161006728
0.0216574559
0.0268558649
0.0422104952
0.0088012427
0.0085522083
0.0084865431
0.0086852127
0.0092158508
0.0101773874
0.0190815872
0.0999400264
0.0726831633
0.0512951680
0.0687033769
0.0740038959
0.0773049238
0.0099067432
0.0080537446
0.0069090795
0.0062446129
0.0058896087
0.0053182300
0.0054220086
0.0058091642
0.0064812727
0.0073385352
0.0130089718
0.0554751578
0.0264872081
0.0327982894
0.0357260942
0.0535289380
44.9291497801
0.0332536761
0.0508399929
0.0781359160
0.0588818630
0.0473275288
0.0667041285
0.0457210383
0.0566837559
0.0088704512
0.0071002134
0.0060471159
0.0055036184
0.0051302626
0.0051971616
0.0054825641
0.0059634061
0.0066114410
0.0074477236
0.0536601007
0.0524761648
0.0213576560
0.0470186809
0.0413711945
0.0354438743
0.0699707563
0.0509642543
0.0488745194
0.0431078375
0.0553114559
0.0527975629
0.0735280920
0.0096922506
0.0079101118
0.0066107301
0.0057730653
0.0053061805
0.0051292603
0.0051886858
0.0055308189
0.0061430795
0.0070767366
0.0500280454
0.0563207421
0.0278194847
0.0303366021
0.0485454982
0.0498440823
0.0271143385
0.0593437091
0.0764909309
0.0088704865
0.0072180759
0.0060658874
0.0053978238
0.0053711521
0.0054671513
0.0060449450
0.0134967195
0.0428635179
0.0392305230
0.0534893393
0.0607688370
0.0458124826
0.0359753208
0.0068366367
0.0058009509
0.0059528621
0.0063296320
0.0317683000
0.0711051417
0.0563443952
0.0067701849
0.0070415609
0.0051292603
44.9291497801