645.0488168953
639.5503561468
646.3585791822
663.7995539204
692.3622243689
734.0035220132
1026.3370466653
839.9961115271
856.0696266549
874.3516111419
992.7066566909
822.2526007871
805.1391284336
791.1629119393
790.2559263426
808.4945309264
851.6364156634
927.9587531839
1050.3779764471
1779.8400253821
3535.1301008259
3813.0155736846
2812.8350675493
3555.5603540036
6433.7981094615
3436.4419198998
930.2112816716
793.0783620617
712.1464615354
666.8667173101
428.6428271613
429.9419327844
439.6805516677
458.1443023615
487.6626348946
532.9572821077
1650.5900546236
1865.1025205838
1035.0255291233
1496.9344596057
1753.8995143745
2893.4845880350
671.8570581050
658.1918237590
655.2588762395
669.4951120749
705.6300223603
769.4562351873
1419.9908506769
7222.0886785912
5120.1390740403
3650.6262891649
4810.2646842276
5493.6022425056
5113.5540013786
688.1658285535
570.6288996269
499.6702187848
458.8047604469
437.1749834040
376.3465670692
380.0494871961
399.2963139308
435.3723567092
489.7341949458
939.6065082603
4258.1016328870
1920.3566561322
2490.9073900945
2703.2107766100
4095.2368669372
1464.6341086232
2654.0312307830
4075.7629771450
6160.6530799675
4616.1635923730
3659.8575908710
5213.6004468381
3621.6249076137
4325.1329375044
611.7305768089
492.5431238499
424.3295942979
389.3423664484
355.4414978532
357.1171510603
372.2527366222
401.2596493271
446.7116745311
514.4765148969
4434.4392754202
4264.3753693811
1669.8738611286
3856.6018793052
3374.9702051960
2888.9262107245
5787.1627705794
4204.7095097017
4045.2873824475
3545.9339857544
4545.2507053272
4397.0101648241
6050.0202371095
686.0869835185
551.2150391117
458.2756725126
400.6043216287
368.6485420159
355.8980687304
357.9799045046
380.6192438994
427.0751124268
505.8711632914
4286.0251637417
4786.1007469044
2335.3215339338
2543.4336889275
4145.5840161390
4266.9498583094
2251.1012805514
5110.5077324080
6560.3542589316
643.5284861348
511.5792376535
424.7892876373
376.1309555596
378.6683814708
385.4581931556
432.4318333967
1088.6185342547
3730.0322841844
3384.5074080267
4675.7771152296
5332.0843460625
3977.0959663637
3097.9141203665
493.8096784801
411.9307650003
431.1734450094
464.5372132897
2750.6276448912
6321.4502681970
4981.9855945287
498.4718205601
527.9682150984
355.4414978532
7222.0886785912