0.0010641391
0.0010660797
0.0010718807
0.0010807637
0.0010921958
0.0011058272
0.0011278795
0.0011405494
0.0011521071
0.0011702821
0.0011839391
0.0011911982
0.0012044706
0.0012186926
0.0012339016
0.0012496446
0.0012650278
0.0012788004
0.0012894979
0.0013045123
0.0013518629
0.0014083995
0.0013212052
0.0012614663
0.0016537654
0.0012057694
0.0011167055
0.0010920633
0.0010759360
0.0010670447
0.0007682980
0.0007674454
0.0007722783
0.0007824650
0.0007979464
0.0008188063
0.0008646511
0.0008949446
0.0009090788
0.0009457114
0.0009749194
0.0010210002
0.0010044164
0.0010273677
0.0010497451
0.0010711479
0.0010907088
0.0011070393
0.0011331660
0.0012771398
0.0012054491
0.0011530789
0.0011353425
0.0011334568
0.0010192611
0.0008898247
0.0008455415
0.0008126839
0.0007898360
0.0007754557
0.0006705277
0.0006687562
0.0006785140
0.0007000572
0.0007345092
0.0008024450
0.0009962374
0.0009263499
0.0010154784
0.0010602576
0.0011564816
0.0001368118
0.0012757257
0.0014464105
0.0014930010
0.0014935500
0.0013633891
0.0014215773
0.0015362791
0.0010770794
0.0008344877
0.0007616173
0.0007137238
0.0006847416
0.0006674348
0.0006645019
0.0006766149
0.0007049420
0.0007527979
0.0008252678
0.0030265570
0.0018405335
0.0011980466
0.0022008831
0.0019221697
0.0018799905
0.0028704202
0.0025997328
0.0029102008
0.0028674063
0.0029907112
0.0039079500
0.0031961115
0.0010384436
0.0008879035
0.0007879314
0.0007243247
0.0006862992
0.0007415497
0.0007410519
0.0007778073
0.0008616151
0.0010140818
0.0090000836
0.0054310393
0.0042909834
0.0035633640
0.0073003279
0.0094083360
0.0041130913
0.0160436308
0.0110542865
0.0013308341
0.0010352287
0.0008684317
0.0007800315
0.0009198798
0.0009392902
0.0010841581
0.0028110045
0.0226018975
0.0133125635
0.0273834074
0.0369362138
0.0243144571
0.0191387968
0.0012810185
0.0010152507
0.0012835927
0.0014575684
0.0200134710
0.0726091135
0.0568907239
0.0016170262
0.0019873842
0.0001368118
0.0726091135