0.0067057857
0.0065306500
0.0065315506
0.0066747813
0.0069576540
0.0074013058
0.0126542599
0.0091169378
0.0087478964
0.0095808526
0.0112568276
0.0081440882
0.0079269523
0.0077715764
0.0077822681
0.0080263063
0.0085796960
0.0095641245
0.0111818791
0.0199543721
0.0513248384
0.0650352660
0.0463368449
0.0470296530
0.1538914947
0.0610900564
0.0115498127
0.0092744189
0.0079146054
0.0071267273
0.0040889405
0.0040945995
0.0041912085
0.0043800321
0.0046843066
0.0051499917
0.0166230821
0.0195689986
0.0113325120
0.0152680695
0.0188711387
0.0296908427
0.0062690872
0.0060971243
0.0060530900
0.0061945700
0.0065693053
0.0072463191
0.0135357866
0.0704924552
0.0512005068
0.0361818659
0.0483820898
0.0523539861
0.0542039766
0.0070184859
0.0057145087
0.0049091673
0.0044415846
0.0041917187
0.0037773793
0.0038495085
0.0041207485
0.0045927271
0.0051977959
0.0092344630
0.0393838794
0.0187291645
0.0232766457
0.0253362182
0.0379840223
40.5580760256
0.0237267356
0.0362826019
0.0556124074
0.0418985825
0.0336575805
0.0474765198
0.0326458404
0.0402295602
0.0062854673
0.0050349191
0.0042920119
0.0039086030
0.0036414267
0.0036877454
0.0038883313
0.0042277622
0.0046879858
0.0052861122
0.0384926109
0.0375414498
0.0152325647
0.0336866018
0.0296125647
0.0253735933
0.0501520273
0.0365392326
0.0350736242
0.0309337177
0.0396671712
0.0379623070
0.0526963215
0.0068820725
0.0056124197
0.0046901722
0.0040969056
0.0037663909
0.0036424668
0.0036840352
0.0039269301
0.0043644171
0.0050359324
0.0361248652
0.0405908017
0.0200422144
0.0218408359
0.0350224745
0.0359897100
0.0195145256
0.0429057819
0.0552100372
0.0063144178
0.0051303618
0.0043087239
0.0038335821
0.0038193028
0.0038882098
0.0043036825
0.0096979403
0.0310629360
0.0283821996
0.0387769755
0.0440798727
0.0331933719
0.0260518806
0.0048683199
0.0041262979
0.0042419029
0.0045153168
0.0230202978
0.0517030445
0.0409458054
0.0048298032
0.0050316812
0.0036414267
40.5580760256