3.6180243412
3.5527115820
3.5693347791
3.6538505435
3.8065541875
4.0382372615
6.2862435230
4.8231478712
4.7310457195
5.0464922138
5.8042185603
4.4817220128
4.3806194960
4.3048407905
4.3084842626
4.4261890180
4.6941969095
5.1675469732
5.9350266252
10.1894133126
23.6516679952
28.7478776362
20.6410641277
22.2016111516
63.1829287277
26.3385469534
5.7416027152
4.7368850800
4.1385594219
3.7956135938
2.2987393656
2.3033486749
2.3555914956
2.4565490387
2.6187010088
2.8668457236
8.8629471499
10.1930403498
5.8470087006
8.1045973464
9.7324192484
15.6016511350
3.5567555930
3.4779513022
3.4613631816
3.5400073243
3.7395729631
4.0937294706
7.5212423074
38.1591953067
27.3514222213
19.4808118884
25.7417490547
28.8583403835
27.9246009552
3.7976037447
3.1267573344
2.7156318070
2.4773500448
2.3502938020
2.0726264850
2.1031602934
2.2313592826
2.4610750758
2.7757824347
5.0917973284
22.2098941710
10.2176209722
13.0580988314
14.1583587900
21.3291902281
379.1096782380
13.7590524913
21.0738766357
31.8856134556
23.9908168533
19.1253176089
27.1288121225
18.8915639971
22.6090164283
3.3951104589
2.7312137266
2.3433644227
2.1436011679
1.9804211674
1.9984872309
2.0961303971
2.2701490897
2.5221676787
2.8730475118
22.9244157732
22.0578546546
8.7565410451
19.9236160605
17.4491784877
14.9481306347
29.7938845316
21.6997522670
20.9021448342
18.3779947397
23.5250554608
22.7787430908
31.2441770360
3.7727989996
3.0541403412
2.5475418243
2.2278054955
2.0502905073
1.9847473795
2.0028242696
2.1332712890
2.3834830912
2.7888620796
22.1321039721
24.6709727029
12.1189372944
13.1746810211
21.3812331754
22.0192968683
11.7191833604
26.3889109803
33.8045441975
3.5152898869
2.8218299633
2.3563840671
2.0922927551
2.1000040981
2.1391323098
2.3864773194
5.7463146360
19.2831063023
17.4973130610
24.1214671334
27.5051178004
20.5690224698
16.0678711306
2.7089333614
2.2761961164
2.3673743337
2.5389566970
14.2591308061
32.5928179719
25.7277824606
2.7186049895
2.8626335764
1.9804211674
379.1096782380