2.1998220914
2.1557872973
2.1625670223
2.2110882120
2.3011193670
2.4389771208
3.8650064093
2.9315362854
2.8540748362
3.0722863563
3.5337635604
2.7011097609
2.6420838582
2.5991989941
2.6040624974
2.6773177657
2.8410067708
3.1287536564
3.5949618651
6.1168063346
14.6250000209
18.0943886058
13.0223938891
13.4996718671
41.0299993192
16.7936460540
3.5430377574
2.9096093918
2.5315829587
2.3139095398
1.3851213566
1.3874449874
1.4183839239
1.4785138125
1.5751742188
1.7228123192
5.2086243051
6.0052159869
3.5080930269
4.7859042613
5.7687926293
9.1383539934
2.1327770367
2.0880437387
2.0800646609
2.1280900753
2.2472856092
2.4575115571
4.4574951756
22.2772120057
16.0067158409
11.4284471923
15.0536572424
16.9003359549
16.3411810853
2.2867710906
1.8848895708
1.6373809452
1.4935292128
1.4165943637
1.2551064292
1.2747518854
1.3545885636
1.4965060692
1.6871284342
3.0484050151
13.0695999384
6.0135987223
7.6994749781
8.3313213777
12.5239602766
159.0039898775
8.1772060532
12.5074317998
18.8128380364
14.1967745224
11.3228296914
16.0479796764
11.2762562917
13.3076253573
2.0495194066
1.6515265862
1.4179919004
1.2975284856
1.2027775618
1.2148403886
1.2755712048
1.3824363004
1.5349487378
1.7446196445
13.7967157702
13.1763416038
5.2281336822
11.9379508022
10.4404682649
8.9528172478
17.8454789817
13.0281347476
12.5893276116
11.0856575460
14.1478677054
13.8155604252
18.7436894761
2.2810681056
1.8488593747
1.5440316623
1.3513435299
1.2444026227
1.2074472436
1.2193993645
1.2995582517
1.4516096514
1.6967318114
13.5636321457
15.0088612069
7.3988235826
8.0164990895
13.0581709537
13.4806737293
7.1496180089
16.2271331729
20.6691735524
2.1341490753
1.7132644328
1.4315790820
1.2719859493
1.2793454312
1.3039836856
1.4552707875
3.5191087468
11.9494503674
10.7866886170
14.9417364381
17.0713934144
12.7431271487
9.9530977826
1.6494488766
1.3859776991
1.4446284235
1.5506615602
8.8519643365
20.3740265585
16.0749849841
1.6595417082
1.7507256987
1.2027775618
159.0039898775