485.5783188286
480.7898897931
485.5114015262
498.3938897615
519.7592328895
551.0796531994
783.4297576623
632.8013528884
643.3088909452
659.4743809354
751.6440131825
616.4726886976
603.4459638923
592.9619699403
592.4546435250
606.4926348133
639.4800930600
697.8213925836
791.5890839229
1346.2373508998
2736.2561324504
2979.8250574055
2203.5207694145
2734.1898913463
5153.3397350406
2730.6945738752
710.1686695508
602.4769256691
538.8174780950
503.0464379638
320.6426495501
321.5787404357
328.8717110741
342.7263822327
364.8846363868
398.8702951611
1234.1500869118
1400.8187710421
782.6615673669
1121.9190486501
1321.6156521258
2166.1201603507
501.6065553354
491.2752673996
489.0794334172
499.7807230563
526.9146760566
574.8657781769
1059.1488020653
5381.5758653745
3823.9046423173
2725.1631414503
3592.1397645901
4088.4555179336
3836.4589233279
516.6961424453
428.0400643914
374.4100905789
343.4993310800
327.1241364555
282.4804478426
285.4409743763
300.2758798792
327.8810625942
368.8940205302
702.8216970828
3166.1611414691
1431.8589224646
1853.6404072974
2011.3630821285
3044.4953452448
1492.6048296870
1973.8215464361
3029.6994530028
4577.6128242581
3432.9040839717
2723.9404874985
3877.8242669463
2696.6542325542
3217.4745667303
459.6310606967
370.0356194048
318.6123604076
292.2232022258
267.1972791689
268.6080972838
280.2112946513
302.2090601078
336.2970083077
386.6622510368
3299.6947855462
3171.3433788994
1243.6555565133
2868.4482665390
2510.1711465359
2149.1426022833
4302.8120224779
3127.6841323007
3010.4823088319
2640.2635337064
3382.9717940994
3275.2734206072
4500.4704479473
514.8868027291
414.0864568491
344.4141907367
301.0805541087
277.0623335152
267.5825007379
269.2526591282
286.3286473057
321.0602622541
379.6455367650
3193.2056442974
3563.2959811937
1740.4257567731
1894.6567961680
3087.6212168977
3178.6256087827
1678.4661040476
3808.7067629244
4886.0753888862
482.6196780214
384.1249032370
319.1787872832
282.7097866334
284.5172641295
289.6302156798
324.6753333026
813.1872037409
2781.5517581634
2523.2259555992
3485.9422306510
3975.4867327163
2965.9148101160
2311.0756231391
370.5629501808
309.3821565506
323.5894733077
348.4201011496
2052.0625167621
4715.0985452631
3716.6409961900
373.8192619362
395.6673435314
267.1972791689
5381.5758653745