407.9374095742
403.6713825843
407.4455779493
418.0989544469
435.8799749776
462.0112794080
660.6979282354
531.3110723993
539.1960915873
554.0932603956
631.9400911952
516.6011795356
505.8398214605
497.2453224855
496.9817972542
508.8703320717
536.6128070528
585.5858373682
664.2365656216
1124.2246860487
2307.2236937335
2530.7944260118
1875.9500926012
2293.8010635127
4443.1142380697
2337.8289539927
599.3958989575
507.7324632448
453.4930544946
422.9478473183
268.6511467678
269.4094892150
275.4859123758
287.0495792396
305.5509492461
333.9143214471
1025.5241193556
1163.0575910329
654.5216896322
933.1969331731
1099.7908254957
1796.7005633536
419.8388377644
411.3711409363
409.6514463962
418.6491299524
441.3137520669
481.2840446444
883.8341822026
4469.9934081557
3175.3973840880
2265.6836182335
2982.3334816164
3402.7395160536
3178.7124971262
432.6678081900
358.5914146664
313.7152259530
287.8273478952
274.0996303575
236.9825036577
239.5278535308
252.0879399079
275.3937740175
309.8048512667
588.3147074993
2640.5240009369
1192.2498543623
1546.0618044638
1676.4509257476
2536.9179492589
1550.2901909872
1650.8598779490
2533.5951233575
3821.8675015242
2867.5762438459
2275.0810407829
3239.1147661387
2257.6331630063
2683.3168897767
385.1942328663
310.2650279575
267.2182751823
245.1205005631
224.3375507008
225.5833478589
235.4042946293
253.9419935865
282.5479370167
324.6902349433
2768.4564233453
2656.2841768975
1041.1700794668
2404.2092438564
2103.1885623979
1800.9481019292
3606.2431051674
2622.4335832963
2525.9058950629
2215.5465181282
2837.6710919202
2751.6348048548
3773.2566939858
431.7767504250
347.3287799340
288.9781342985
252.6827228129
232.5716357662
224.7615080250
226.2209337578
240.6146608678
269.7960060897
318.9623269156
2687.9523691503
2995.6414743984
1463.9419239901
1592.8081654218
2597.5017648863
2675.0771630704
1411.4379695155
3207.5773966826
4111.5490861971
405.1572860803
322.4608348325
267.9842447387
237.4142326587
239.0675371550
243.4140664159
272.9018542814
684.2619213846
2345.4999216660
2125.9227957772
2939.2475268021
3353.0718878274
2500.5748290010
1948.4551295255
311.3006421711
259.9136692618
271.9976935041
292.9397555051
1730.7247305972
3981.1396872391
3137.8264630747
314.2242913917
332.7342805006
224.3375507008
4469.9934081557