48.4385944332
47.5440274293
47.7626533366
48.9029770269
50.9689715335
54.1083230518
84.9156255909
64.4192285896
63.5098702688
67.4948865215
78.0163916503
60.0179458833
58.6123501030
57.5570313804
57.5896895154
59.1787050213
62.8170422363
69.2600920763
79.7331665139
138.2504483003
322.2193903595
384.7467127532
279.5173160459
304.3207792275
813.1609748450
360.7150871496
77.3604928661
63.6782250863
55.5308077302
50.8597980262
30.6924466300
30.7568176314
31.4634497445
32.8269361551
35.0165214764
38.3694030964
120.2258373775
138.8054972695
79.3676422723
109.9166390037
132.5709613050
212.4335229976
47.5095975393
46.4030656158
46.1519225116
47.1982032901
49.8880259309
54.6830057900
101.0386615884
516.9668040841
371.1798127163
263.7624946118
349.5725977615
389.2398506455
381.5173908905
50.9384148534
41.8681475438
36.3144353282
33.0986267325
31.3858233204
27.6940712556
28.1090024485
29.8382561801
32.9297126115
37.1496378274
68.1503346687
298.0226058563
137.7616546049
175.2499447781
190.2964014345
286.6720357778
1016.4271907794
183.4707875888
281.0710638772
426.6824876715
320.9013597439
256.0440380914
362.9226009001
251.7097755171
303.5715069936
45.4953576620
36.5583322846
31.3351400127
28.6466634173
26.4577355230
26.7023352088
28.0128283992
30.3405019501
33.6966454073
38.3475485238
303.6620441947
293.1755880020
116.6884024433
264.4351610614
231.8067111891
198.5673552248
395.3321772439
287.7998793993
276.9197666468
243.4982822168
311.9178034643
301.0455528512
414.5207043970
50.4378953206
40.8473116054
34.0638168779
29.7753546122
27.3937480212
26.4927401452
26.7327418594
28.4671584703
31.7811188334
37.1286563556
291.1319932120
325.2907868033
159.7487167573
173.8623418632
281.5962213551
289.8062721546
154.6646534180
346.8024163773
445.0220333239
46.8547304233
37.6581986484
31.4576446758
27.9305168940
27.9903369872
28.5011870259
31.7601979644
75.8591252823
252.7252062476
229.7152547579
316.1574962854
360.2599137100
269.7110694028
210.7919351597
36.0737365505
30.3358639746
31.4889457011
33.7312605051
186.8881151182
425.8411515900
336.3057868513
36.1302013898
37.9787638516
26.4577355230
1016.4271907794