222.1134450681
219.6260080400
221.5175850331
227.1400755676
236.6079372008
250.5626744276
359.1879861722
288.9996494848
291.7948656995
301.5948014164
342.1469759402
280.0485823465
274.5131856910
270.1358657632
270.1734399837
276.6803832139
291.6500957111
317.9499151114
360.0542060745
601.3631906970
1248.6568573440
1389.4425853876
1032.2866573846
1219.3616237559
2540.0871688141
1289.9071703807
327.5121745416
277.1683346751
247.3284148771
230.4697895086
145.8420572747
146.2266818370
149.4728968016
155.6705379097
165.5925496345
180.7851715158
544.7263294702
615.3935923029
349.0973235990
496.2636559412
582.5680807543
949.5866327096
227.5232277180
223.2418912596
222.4950381948
227.4186141135
239.5947852064
260.9363589199
475.2233986682
2374.9940551822
1684.7304133442
1205.7754283425
1580.7802054086
1817.8634711650
1673.2089463024
233.9703941795
194.2638810316
170.1433980447
156.2035290200
148.7966707299
128.7999558948
130.2292116672
137.1252248750
149.8754683780
168.5375292510
318.4526935146
1419.7062898061
637.3913311066
831.1093839577
899.5167636771
1360.9432309812
1368.3880850585
894.8140221409
1372.7551156397
2061.7150704604
1548.4908857351
1227.7792158710
1748.9301436207
1225.9454376366
1442.0386431430
208.5989536298
168.2683317276
145.0786511145
133.1693884198
122.0573602639
122.7879448692
128.1918214872
138.3349640629
153.9118295077
176.8010435219
1513.3509255193
1445.5310718421
565.0774759599
1310.7448621781
1145.3548628340
981.1628644228
1966.4539761681
1431.3031223925
1380.7867084481
1211.4515553062
1549.5998146023
1509.1330719877
2058.6318692349
234.3908322293
188.5472203629
156.9618279263
137.3397216081
126.4798877124
122.4222848780
123.2763223000
131.1840112040
147.1588197420
174.0808959442
1482.5107653788
1646.9640452998
805.4741640841
875.1013426415
1430.2578893179
1474.4907260016
775.8260371458
1771.2360215809
2265.2973194025
220.7154158140
175.5003361276
145.8466586133
129.2558417114
130.3959649488
132.8450054274
149.0765719213
376.3732059747
1299.4043048708
1175.2237094230
1628.2114719629
1859.0236005667
1384.9503103297
1078.6896706615
169.8423955779
141.7337715320
148.6341843310
160.2581345158
959.1799211411
2213.5214407169
1743.9246941178
171.8094288002
182.2469728167
122.0573602639
2540.0871688141