14.4778354200
14.2018020136
14.2617169869
14.5991691695
15.2147206939
16.1524557675
25.5126365586
19.3031562179
18.9638453994
20.2215668542
23.3916725398
17.9056995076
17.4844891037
17.1699004912
17.1819542140
17.6608028466
18.7548066067
20.6919154989
23.8424300979
41.3620448951
97.2156789400
117.3402067392
84.7919239200
91.4996701596
253.2228802584
109.5577336645
23.2542789595
19.1053580627
16.6338371522
15.2153670170
9.1477814337
9.1662086965
9.3767002870
9.7834616803
10.4369015296
11.4373513294
35.8262905600
41.4047138544
23.7231280358
32.7700200537
39.5797393238
63.3136583963
14.1468046260
13.8157617136
13.7407975117
14.0532867870
14.8564916462
16.2886826065
30.0876273454
153.8957044463
110.5736997837
78.5725020887
104.1519732434
115.8448635699
113.8031625457
15.2120514979
12.4974704184
10.8336560584
9.8698005415
9.3561444597
8.2698083838
8.3961101075
8.9179719677
9.8490029501
11.1137096782
20.3294294734
88.6570549482
41.0419354988
52.1546966191
56.6275412027
85.2675489198
681.2768444038
54.5559052669
83.5557611905
126.8599541722
95.4323948433
76.1740881591
107.9420587888
74.8745008252
90.3155879497
13.5926095558
10.9221184778
9.3591461741
8.5543145557
7.9073231148
7.9825541313
8.3775706788
9.0765712700
10.0799602840
11.4644248572
90.2795422770
87.1688001334
34.7303254027
78.6119481400
68.9145602045
59.0361964903
117.4958929706
85.5516921812
82.3166355978
72.4016783499
92.7362456003
89.5084222798
123.2228746160
15.0601743839
12.2030900856
10.1790201707
8.8978770281
8.1862061940
7.9186196937
7.9920294075
8.5116670374
9.5003738184
11.0906452735
86.5427282840
96.6843173236
47.5074315825
51.6960691087
83.6983147662
86.1387299411
46.0065839665
103.0872746496
132.2561800886
13.9842624008
11.2472504082
9.3991785984
8.3469782101
8.3633429023
8.5164996147
9.4870807408
22.5863495565
75.1313649481
68.2929133260
93.9734023668
107.0720157353
80.1803712029
62.6790538780
10.7702299663
9.0618236254
9.4023778028
10.0689953246
55.5672692006
126.5619007077
99.9604325185
10.7829489441
11.3302326689
7.9073231148
681.2768444038