0.7203220986
0.7058215570
0.7080439801
0.7240034917
0.7536274169
0.7990016361
1.2684203976
0.9621153098
0.9355062707
1.0080012985
1.1598345347
0.8848548309
0.8652704108
0.8509975305
0.8524770135
0.8765175130
0.9303902796
1.0252005388
1.1789254053
2.0118241328
4.8167301495
5.9807292789
4.2884741287
4.4452357638
13.6598840198
5.5207078104
1.1625738738
0.9539971634
0.8295384746
0.7578798940
0.4532628422
0.4540263089
0.4641951330
0.4839579248
0.5157319312
0.5642800638
1.7158208233
1.9787171552
1.1524807678
1.5751934697
1.8993048245
3.0134933654
0.6982554907
0.6833165389
0.6805225978
0.6962180802
0.7354027067
0.8046474374
1.4642676337
7.3460076261
5.2780731749
3.7660405271
4.9654490731
5.5677170628
5.3942883340
0.7500017845
0.6176996297
0.5362435409
0.4889162549
0.4636119691
0.4109494251
0.4174195443
0.4436765881
0.4903400168
0.5530015667
1.0006364643
4.2992603556
1.9801077566
2.5320572180
2.7408474385
4.1212093849
148.3710391575
2.6815740545
4.1025714462
6.1810402378
4.6616264926
3.7188273460
5.2707746070
3.6950734976
4.3777190269
0.6720183204
0.5412296256
0.4644719953
0.4248829112
0.3938218654
0.3977967883
0.4177449607
0.4528193035
0.5028260976
0.5714866977
4.5077263336
4.3146254818
1.7136590009
3.9050980113
3.4166922200
2.9293815553
5.8369036684
4.2588657611
4.1116651774
3.6195326143
4.6232513187
4.5032383577
6.1293105164
0.7471534926
0.6056814944
0.5057638032
0.4425581202
0.4074717984
0.3951820995
0.3991036275
0.4253381763
0.4750228267
0.5549557788
4.4054712164
4.8858714246
2.4067807569
2.6102918934
4.2454722857
4.3794128595
2.3266731902
5.2639276684
6.7173847047
0.6978396752
0.5605959747
0.4685323826
0.4163077015
0.4183673898
0.4263819048
0.4756276627
1.1449663002
3.8661424902
3.4963512027
4.8344549117
5.5191562697
4.1233752502
3.2213712119
0.5390274412
0.4531751068
0.4718221922
0.5061656971
2.8627287994
6.5696679965
5.1848114686
0.5416643722
0.5708488324
0.3938218654
148.3710391575