707.5163137398
702.6617173462
710.7570312370
730.1364332480
761.4034470138
806.6691876021
1101.8215734375
919.3271321028
938.7196486384
955.6661253511
1077.2028975156
905.2872357583
887.3370441365
872.4502913102
871.4101924710
890.8232163567
936.8054395092
1017.9620884865
1147.5271367244
1922.8170900627
3704.4181714682
3958.3488807968
2913.2176874124
3742.6056527393
6516.0101126286
3482.5801288645
1000.0510463386
858.8714727863
775.6985134948
729.4198576679
473.9714216192
475.4428616409
486.1047948933
506.2865294227
538.5363909324
588.0185756535
1802.6032454772
2023.2488849675
1119.1447679265
1632.2776460095
1896.8644024811
3147.3122701191
744.1550316403
729.8600209532
726.9876486467
742.7051461780
782.2041675164
851.6688725316
1566.6704749486
7921.0203165267
5596.5805824544
3998.9187501255
5253.3829961196
6053.5817004346
5533.6706041313
755.0945548755
627.6375051420
550.8148029935
506.5834935748
483.1788431757
414.3175217536
418.0530391053
438.4653672242
477.0959150017
536.3323248957
1036.2794347534
4716.1563753624
2111.1965272993
2755.5886665866
2987.4771640641
4530.8835511508
1251.8145317491
2954.8759035932
4539.3786174737
6844.8039677396
5126.6422238571
4058.8368437586
5789.0171265494
4030.5406384837
4786.9182118446
671.1254783436
540.8990778509
466.6429883644
428.5711564392
390.6572010219
392.2358834572
408.4490094931
439.9635874342
490.0686229508
565.6915121149
4959.7858567276
4759.4121058609
1856.6062070817
4308.8221483535
3768.0672161322
3225.2635984169
6470.2915821254
4700.3098820299
4524.4027960283
3963.5226969035
5079.5711522444
4921.9928379428
6761.1779222835
755.1106620368
605.7621702593
503.4611336347
440.2343234496
405.2295127269
391.3330993386
393.4713491210
418.3366973781
469.9646833179
558.2908049430
4812.5101505640
5369.0826662956
2617.1251139601
2849.5429727690
4652.7263943615
4790.0681713447
2519.7808816757
5740.4367569529
7365.6671695676
710.4765328763
563.4704137039
467.3645925654
413.6882994782
417.1363103787
424.7074265044
477.2544955258
1215.8673914168
4194.7889797775
3803.1289499990
5259.7746357940
5999.9851416020
4470.8148705742
3480.1037546810
545.1625260640
454.0305166606
476.3490107182
513.9835992895
3091.7767406966
7122.2108943400
5610.2199272951
551.5342184842
585.3518794040
390.6572010219
7921.0203165267