0.5718967921
0.5600121490
0.5614902553
0.5739144812
0.5971917449
0.6329572638
1.0108630408
0.7637773252
0.7408379860
0.8005647560
0.9214885027
0.7004709403
0.6851301031
0.6740750236
0.6754808512
0.6947159499
0.7375538406
0.8128257745
0.9348424343
1.5904849583
3.8444352756
4.8025377319
3.4446714743
3.5311157040
11.0818564718
4.4502363164
0.9274988164
0.7599602154
0.6599220563
0.6022412985
0.3587858228
0.3593503195
0.3673523453
0.3829344173
0.4079940193
0.4462581480
1.3464162629
1.5542262446
0.9112897504
1.2382784347
1.4952545059
2.3619856480
0.5518004073
0.5402175810
0.5381843556
0.5506654517
0.5815911710
0.6361254209
1.1524748911
5.7515161497
4.1358202869
2.9535606936
3.8895891585
4.3639769670
4.2267560235
0.5935484632
0.4890246356
0.4245647009
0.3870773803
0.3670139193
0.3258381396
0.3310639466
0.3520666482
0.3893004285
0.4389884761
0.7903199567
3.3757140670
1.5546525077
1.9894720897
2.1518684505
3.2331743443
271.2563295191
2.1129079702
3.2309976132
4.8577538417
3.6673992623
2.9261004923
4.1461280219
2.9158385067
3.4373947950
0.5322891924
0.4289354545
0.3681884817
0.3368403496
0.3125652225
0.3158108439
0.3317625036
0.3596990507
0.3993441371
0.4535545382
3.5670342886
3.4055894038
1.3523581914
3.0855821200
2.6983197343
2.3141163508
4.6111116699
3.3671190539
3.2543325712
2.8663476008
3.6576578629
3.5725097166
4.8447614299
0.5921151347
0.4801991428
0.4011418585
0.3511052033
0.3233314180
0.3138238331
0.3170180844
0.3379193640
0.3773634960
0.4407195747
3.5069563885
3.8802208135
1.9136059694
2.0730286889
3.3758156557
3.4850189765
1.8494314561
4.1949732252
5.3432444938
0.5537921105
0.4448904830
0.3719074438
0.3305255764
0.3323905482
0.3388261128
0.3780045529
0.9112511227
3.0888598224
2.7886926240
3.8618126286
4.4117843353
3.2939774194
2.5733021616
0.4281799135
0.3599851604
0.3750655571
0.4024800857
2.2883957409
5.2635636335
4.1533835937
0.4306338584
0.4541141298
0.3125652225
271.2563295191