0.7249530671
0.7096818549
0.7118353172
0.7282865575
0.7589688312
0.8061010992
1.3014158396
0.9728677437
0.9478524669
1.0198710243
1.1833786783
0.8917785950
0.8701527572
0.8542180348
0.8550307777
0.8796724386
0.9357809497
1.0352254868
1.1974108612
2.0907077384
5.0527490717
6.2192429112
4.4633440638
4.7044877624
13.9661867601
5.7872626620
1.1877962801
0.9694562607
0.8392490145
0.7642846656
0.4535933733
0.4544158557
0.4649056015
0.4852510087
0.5179659641
0.5680413752
1.7903532318
2.0785576385
1.1949171497
1.6392970600
1.9915435754
3.1713480013
0.6996964671
0.6826839262
0.6787213048
0.6942863376
0.7345424991
0.8065404223
1.4930909939
7.6648375519
5.5225288214
3.9197951881
5.2058532860
5.7522273815
5.7229665324
0.7605786041
0.6234242146
0.5391493905
0.4902859447
0.4642180926
0.4125801928
0.4193287531
0.4463799422
0.4942775694
0.5582232453
1.0124003195
4.3854039795
2.0436986043
2.5829864246
2.8055542692
4.2191932294
542.8286449102
2.6855545414
4.1110044439
6.2546075192
4.7076574120
3.7636425199
5.3267818391
3.6885429665
4.4701455394
0.6801927359
0.5461765740
0.4673969793
0.4267989450
0.3954498910
0.3995811176
0.4199242354
0.4554458201
0.5056112191
0.5737109351
4.4250343701
4.2817812059
1.7138426485
3.8569357783
3.3833885868
2.8985289994
5.7589331676
4.1940247006
4.0337661578
3.5502633334
4.5481523757
4.3821577976
6.0428976643
0.7513658496
0.6099145306
0.5090487910
0.4449239285
0.4092755909
0.3959441783
0.3998727507
0.4260067013
0.4749765119
0.5527740917
4.2224322569
4.7223957870
2.3235652571
2.5289971125
4.0854261721
4.2030218749
2.2529314261
5.0261570599
6.4521460923
0.6956627546
0.5610209377
0.4694859320
0.4171641785
0.4174106528
0.4250573866
0.4727286083
1.1098055442
3.6581322160
3.3287910320
4.5730820169
5.2081889294
3.9049978035
3.0555787362
0.5360282280
0.4518946781
0.4677964365
0.5002097376
2.7070900847
6.1458551402
4.8572283589
0.5354533559
0.5614379844
0.3954498910
542.8286449102