0.3614647805
0.3537243062
0.3545674691
0.3624307220
0.3772468389
0.4000671258
0.6447204980
0.4837914826
0.4689487019
0.5072821836
0.5858093295
0.4423999148
0.4323775326
0.4251515401
0.4259668894
0.4382491006
0.4657085164
0.5140676938
0.5926450058
1.0165678349
2.4764023220
3.0930933318
2.2177602427
2.2773127723
7.1355382414
2.8744548558
0.5908489705
0.4828084208
0.4182958770
0.3810793190
0.2259956013
0.2263509965
0.2314387130
0.2413460803
0.2572817268
0.2816244148
0.8593827680
0.9953053484
0.5818225960
0.7900738633
0.9575788866
1.5123951272
0.3474475711
0.3398087664
0.3383473210
0.3461952133
0.3658492196
0.4006456454
0.7292793046
3.6655269492
2.6404413385
1.8820594828
2.4852714465
2.7704288374
2.7154639654
0.3757956737
0.3090855064
0.2679485093
0.2440346886
0.2312413495
0.2056702967
0.2090442258
0.2224864953
0.2462574172
0.2778200535
0.4992545480
2.1328085887
0.9877229788
1.2576704116
1.3619152795
2.0454477855
80.6742124999
1.3270566615
2.0291650548
3.0600001366
2.3096540140
1.8446293936
2.6116305095
1.8303468170
2.1728792291
0.3368901019
0.2712344299
0.2325898925
0.2126479270
0.1974028947
0.1995045346
0.2096721350
0.2274000739
0.2524107226
0.2863884282
2.2276940802
2.1329525616
0.8497737562
1.9300495179
1.6892029780
1.4484747822
2.8828702103
2.1046220730
2.0324100203
1.7905238365
2.2859709283
2.2274528728
3.0289109901
0.3738828012
0.3034505252
0.2534980037
0.2218084407
0.2042073815
0.1980901433
0.2001276770
0.2133086543
0.2380406344
0.2775411245
2.1788080110
2.4144098552
1.1913177559
1.2913079394
2.0991341812
2.1660723656
1.1525195187
2.6050135576
3.3207248692
0.3487586427
0.2806064260
0.2347162457
0.2086226713
0.2095265184
0.2135337978
0.2379625264
0.5686162286
1.9154185539
1.7309206500
2.3941046156
2.7340369662
2.0431807309
1.5970535315
0.2695536823
0.2268592061
0.2359400200
0.2529076632
1.4193475746
3.2576004501
2.5715332351
0.2706169877
0.2849259181
0.1974028947
80.6742124999