0.0050439692
0.0049107771
0.0049109136
0.0050187865
0.0052323201
0.0055675301
0.0095561632
0.0068658029
0.0065851432
0.0072157891
0.0084890507
0.0061240772
0.0059585580
0.0058400373
0.0058475190
0.0060318434
0.0064505968
0.0071962647
0.0084228565
0.0150840258
0.0389184316
0.0493411785
0.0351239268
0.0356855679
0.1167355072
0.0463450989
0.0087180572
0.0069923363
0.0059610402
0.0053634258
0.0030706825
0.0030749377
0.0031478275
0.0032902848
0.0035198541
0.0038712703
0.0125633237
0.0148054770
0.0085622706
0.0115294180
0.0142777735
0.0224660814
0.0047074318
0.0045759209
0.0045415842
0.0046477225
0.0049303564
0.0054419332
0.0101930673
0.0532448397
0.0387232046
0.0273153158
0.0365914892
0.0394686049
0.0410856425
0.0052842677
0.0042988472
0.0036902913
0.0033370339
0.0031483023
0.0028395535
0.0028942360
0.0030993067
0.0034558283
0.0039120529
0.0069432772
0.0296431869
0.0141230835
0.0175195850
0.0190834335
0.0285981388
38.7129870165
0.0178053224
0.0272197869
0.0417812651
0.0314726238
0.0253010704
0.0356659389
0.0244816836
0.0302902532
0.0047315372
0.0037883934
0.0032277828
0.0029384600
0.0027380150
0.0027731526
0.0029245593
0.0031803269
0.0035262561
0.0039744741
0.0287928192
0.0281201199
0.0114293819
0.0252126319
0.0221794340
0.0189997001
0.0375306492
0.0273281925
0.0262244572
0.0231304997
0.0296730759
0.0283510935
0.0394481949
0.0051747734
0.0042215485
0.0035277881
0.0030810217
0.0028320478
0.0027379671
0.0027693305
0.0029518153
0.0032795860
0.0037811470
0.0269202131
0.0302701560
0.0149495094
0.0162998566
0.0261066944
0.0268118800
0.0145663572
0.0319427976
0.0411525563
0.0047410757
0.0038550483
0.0032385975
0.0028815882
0.0028688098
0.0029202108
0.0032304201
0.0072400147
0.0230898799
0.0211165673
0.0288207012
0.0327544433
0.0246781212
0.0193750229
0.0036542381
0.0030989759
0.0031826141
0.0033857122
0.0171138386
0.0383549284
0.0303921036
0.0036215864
0.0037695040
0.0027379671
38.7129870165