0.0046332577
0.0045181154
0.0045222129
0.0046230732
0.0048192279
0.0051252419
0.0086428328
0.0062821647
0.0060519347
0.0065975995
0.0077307057
0.0056473770
0.0054993667
0.0053925185
0.0053988818
0.0055647704
0.0059419106
0.0066125975
0.0077131519
0.0137170805
0.0347381511
0.0436905646
0.0311602962
0.0319885497
0.1021416339
0.0409548091
0.0078868369
0.0063568648
0.0054430676
0.0049144524
0.0028434594
0.0028477610
0.0029147463
0.0030453769
0.0032557609
0.0035778110
0.0115138956
0.0135088214
0.0077990512
0.0105622828
0.0130029670
0.0205341365
0.0043675292
0.0042501949
0.0042204113
0.0043184861
0.0045775074
0.0050447421
0.0094184199
0.0489493769
0.0354957525
0.0251000483
0.0335075731
0.0364345608
0.0373891935
0.0048561327
0.0039592286
0.0034061331
0.0030851769
0.0029137737
0.0026166898
0.0026649140
0.0028488923
0.0031703344
0.0035865659
0.0064064576
0.0274727682
0.0130080098
0.0162239485
0.0176535037
0.0264913792
48.0309135278
0.0165962995
0.0253836327
0.0388722493
0.0292793327
0.0234956136
0.0331513680
0.0228079078
0.0280348642
0.0043465707
0.0034830658
0.0029714407
0.0027075200
0.0025186704
0.0025492931
0.0026858164
0.0029185568
0.0032372495
0.0036559009
0.0269834527
0.0262832604
0.0106333726
0.0235888212
0.0207412661
0.0177768813
0.0351687182
0.0255993873
0.0245919144
0.0216758770
0.0277896579
0.0266152743
0.0369401791
0.0047675046
0.0038836164
0.0032442173
0.0028340126
0.0026055890
0.0025194801
0.0025472612
0.0027147626
0.0030193294
0.0034906212
0.0253707049
0.0284969907
0.0140509718
0.0153212997
0.0245993188
0.0252639785
0.0136723335
0.0301395962
0.0387764430
0.0043811150
0.0035538336
0.0029822035
0.0026524374
0.0026444841
0.0026922040
0.0029828347
0.0067811311
0.0218254436
0.0199339590
0.0272632010
0.0309979276
0.0233186767
0.0182848858
0.0033763885
0.0028584471
0.0029423308
0.0031347854
0.0161702682
0.0363760908
0.0287952557
0.0033538573
0.0034983030
0.0025186704
48.0309135278