9.2438152740
9.0723811484
9.1127670282
9.3284076562
9.7198623305
10.3149787673
16.1738820382
12.3186650963
12.0970935240
12.8977863580
14.8794690884
11.4412345809
11.1778644372
10.9808759308
10.9895123573
11.2927075910
11.9840631903
13.2065619970
15.1916806842
26.2131068297
61.2184592723
74.0640344161
53.3965800312
57.5571630986
161.0556379425
68.6043289381
14.7553202426
12.1487993124
10.5963074724
9.7058636226
5.8572465376
5.8690303158
6.0029388630
6.2616979223
6.6773304592
7.3135190374
22.7475161734
26.2267815002
15.0413570079
20.8067110715
25.0598555851
40.1202107298
9.0601612953
8.8541219311
8.8092014008
9.0094650139
9.5206574817
10.4298581876
19.2081668826
97.8168927502
70.1988993928
49.9425166169
66.0910465468
73.8079223105
71.9557710888
9.7061044078
7.9833546713
6.9275072687
6.3156950845
5.9895561518
5.2876912643
5.3669685505
5.6971633952
6.2875375421
7.0929697839
12.9919633689
56.6536539343
26.1413225923
33.3194255911
36.1505418251
54.4454657570
539.1253808344
34.9887323026
53.5888136992
81.2107937382
61.1014442332
48.7397601299
69.0987430617
48.0359269079
57.6921538892
8.6752248183
6.9751233810
5.9810533042
5.4691205595
5.0541162458
5.1011781560
5.3519221559
5.7972381645
6.4393909222
7.3295861590
58.1208283309
56.0090809996
22.2716109273
50.5546544051
44.2946574325
37.9495491959
75.5832617968
55.0422579870
52.9980057274
46.6066447991
59.6711187441
57.6995234628
79.2661919881
9.6270417217
7.7967631147
6.5035419747
5.6862364886
5.2323694888
5.0634070945
5.1099207121
5.4424440189
6.0778055655
7.1037010843
55.9424468137
62.4147583421
30.6655469999
33.3500640248
54.0674285272
55.6684482158
29.6741718741
66.6741787234
85.4657040402
8.9559103964
7.1956050675
6.0108386888
5.3375410332
5.3529863961
5.4519165629
6.0780407434
14.5590412701
48.6644505109
44.1910131353
60.8766422208
69.3905271361
51.9237534432
40.5750398538
6.8998103226
5.8011603441
6.0269373505
6.4593292006
35.9912169728
82.1394523975
64.8561747020
6.9169120443
7.2763044055
5.0541162458
539.1253808344