0.4963117751
0.4861378936
0.4875875628
0.4985751387
0.5190421155
0.5504364594
0.8781895098
0.6637113711
0.6449354776
0.6954853737
0.8015791559
0.6093020562
0.5955900011
0.5856042168
0.5865857105
0.6032448245
0.6406335177
0.7065029835
0.8134352383
1.3936914625
3.3524286512
4.1663921739
2.9856586677
3.0946095648
9.5317356778
3.8504653357
0.8045363320
0.6592042383
0.5724786674
0.5225260152
0.3117028035
0.3122248339
0.3192472522
0.3328973155
0.3548451768
0.3883846105
1.1871039457
1.3714170761
0.7979153005
1.0897891306
1.3166361738
2.0881774710
0.4800054784
0.4695060157
0.4674696689
0.4782569266
0.5053179629
0.5532277244
1.0088040048
5.0770821035
3.6515928840
2.6030381438
3.4361065853
3.8404651660
3.7444811011
0.5170991744
0.4255235075
0.3691363314
0.3363785280
0.3188662476
0.2829440575
0.2874562735
0.3056737399
0.3380021585
0.3812825254
0.6888952657
2.9583567961
1.3666688619
1.7430067323
1.8877933139
2.8375948428
111.3831908343
1.8400822409
2.8149434510
4.2468108937
3.2028801988
2.5564791443
3.6216290678
2.5351138690
3.0130089839
0.4632819925
0.3729706068
0.3199214167
0.2925583601
0.2712544852
0.2740332542
0.2878443896
0.3120663887
0.3464858011
0.3935740480
3.0855075641
2.9569009827
1.1763992336
2.6747863389
2.3411216839
2.0071208086
3.9966307556
2.9161179011
2.8145697607
2.4783452753
3.1658507635
3.0809627378
4.1969395255
0.5144886195
0.4172592676
0.3484452088
0.3048596520
0.2806560057
0.2721349856
0.2748546297
0.2929156215
0.3270128849
0.3817054266
3.0102659725
3.3398585502
1.6459526544
1.7852715066
2.9016970077
2.9927723849
1.5919328927
3.5966905577
4.5897785194
0.4799646538
0.3858727622
0.3226096519
0.2866715621
0.2879237636
0.2934092929
0.3271197722
0.7840889954
2.6408488243
2.3887190637
3.3017694144
3.7693083741
2.8169156290
2.2014638174
0.3707163966
0.3118330488
0.3244021347
0.3478343318
1.9559609624
4.4857579840
3.5409006891
0.3722400891
0.3920211855
0.2712544852
111.3831908343