0.0000000067
0.0000000065
0.0000000065
0.0000000067
0.0000000070
0.0000000074
0.0000000129
0.0000000092
0.0000000088
0.0000000097
0.0000000114
0.0000000082
0.0000000079
0.0000000078
0.0000000078
0.0000000080
0.0000000086
0.0000000096
0.0000000113
0.0000000203
0.0000000528
0.0000000670
0.0000000477
0.0000000484
0.0000001592
0.0000000632
0.0000000117
0.0000000094
0.0000000080
0.0000000072
0.0000000041
0.0000000041
0.0000000042
0.0000000044
0.0000000047
0.0000000051
0.0000000168
0.0000000199
0.0000000115
0.0000000155
0.0000000192
0.0000000302
0.0000000062
0.0000000061
0.0000000060
0.0000000062
0.0000000065
0.0000000072
0.0000000136
0.0000000713
0.0000000519
0.0000000366
0.0000000491
0.0000000527
0.0000000553
0.0000000071
0.0000000057
0.0000000049
0.0000000044
0.0000000042
0.0000000038
0.0000000039
0.0000000041
0.0000000046
0.0000000052
0.0000000093
0.0000000394
0.0000000189
0.0000000233
0.0000000254
0.0000000381
0.0001296357
0.0000000236
0.0000000360
0.0000000555
0.0000000418
0.0000000336
0.0000000473
0.0000000324
0.0000000403
0.0000000063
0.0000000051
0.0000000043
0.0000000039
0.0000000036
0.0000000037
0.0000000039
0.0000000042
0.0000000047
0.0000000053
0.0000000379
0.0000000372
0.0000000151
0.0000000333
0.0000000293
0.0000000251
0.0000000495
0.0000000360
0.0000000345
0.0000000305
0.0000000391
0.0000000373
0.0000000520
0.0000000069
0.0000000056
0.0000000047
0.0000000041
0.0000000038
0.0000000036
0.0000000037
0.0000000039
0.0000000044
0.0000000050
0.0000000352
0.0000000397
0.0000000196
0.0000000214
0.0000000342
0.0000000351
0.0000000191
0.0000000418
0.0000000539
0.0000000063
0.0000000051
0.0000000043
0.0000000038
0.0000000038
0.0000000039
0.0000000043
0.0000000095
0.0000000302
0.0000000276
0.0000000376
0.0000000428
0.0000000322
0.0000000253
0.0000000049
0.0000000041
0.0000000042
0.0000000045
0.0000000224
0.0000000500
0.0000000396
0.0000000048
0.0000000050
0.0000000036
0.0001296357