0.0041166096
0.0040151554
0.0040192570
0.0041090589
0.0042832981
0.0045548851
0.0076627783
0.0055789951
0.0053771533
0.0058584694
0.0068612565
0.0050198133
0.0048888080
0.0047941782
0.0047998434
0.0049468692
0.0052810763
0.0058752962
0.0068501302
0.0121694288
0.0307497083
0.0386658022
0.0275708868
0.0283082191
0.0902649099
0.0362025639
0.0069930052
0.0056401950
0.0048322654
0.0043650011
0.0025290041
0.0025328670
0.0025923731
0.0027083842
0.0028952020
0.0031811705
0.0102212339
0.0119927743
0.0069185723
0.0093731923
0.0115341918
0.0182282211
0.0038850943
0.0037813300
0.0037551490
0.0038423456
0.0040723293
0.0044869683
0.0083665773
0.0435002493
0.0315004391
0.0222897159
0.0297654328
0.0323751976
0.0331851101
0.0043145625
0.0035187916
0.0030281317
0.0027434091
0.0025913602
0.0023259298
0.0023685040
0.0025313900
0.0028161978
0.0031856278
0.0056950051
0.0244208987
0.0115559871
0.0144231478
0.0156912228
0.0235371136
44.6924075593
0.0147668458
0.0226013543
0.0345684165
0.0260357511
0.0209019295
0.0294899443
0.0203082123
0.0249041951
0.0038618621
0.0030950788
0.0026409252
0.0024066484
0.0022383882
0.0022653728
0.0023863398
0.0025928466
0.0028761279
0.0032489874
0.0240510771
0.0234001515
0.0094612647
0.0210185641
0.0184730314
0.0158214340
0.0313099676
0.0228162040
0.0218793151
0.0192857138
0.0247427065
0.0237161282
0.0329035633
0.0042377314
0.0034514298
0.0028830854
0.0025186373
0.0023157013
0.0022393207
0.0022638671
0.0024126860
0.0026837702
0.0031039248
0.0226245107
0.0254086431
0.0125310861
0.0136568328
0.0219258453
0.0225336579
0.0121882237
0.0268860314
0.0345900804
0.0038962344
0.0031594488
0.0026508523
0.0023576013
0.0023510983
0.0023935724
0.0026525811
0.0060406709
0.0194818940
0.0177848491
0.0243281241
0.0276612200
0.0208102663
0.0163209838
0.0030028075
0.0025415515
0.0026170848
0.0027889035
0.0144275291
0.0324867917
0.0257188371
0.0029838538
0.0031134089
0.0022383882
44.6924075593