88.0723685125
86.5100938470
86.9479809138
89.0465540169
92.8177073823
98.5305070732
153.4654035633
116.7881921202
115.6193989944
122.3687831291
141.3650473978
109.3711820955
106.8233468437
104.8987379445
104.9417474473
107.8027308131
114.3706167043
126.0031342800
144.8985848365
251.0421284094
578.8123605462
682.8518064946
498.8579167779
549.7021144314
1408.3049022013
643.4113844482
139.6834807904
115.2446613183
100.6994363734
92.3719442783
55.9981393023
56.1208701202
57.4106963523
59.8952451684
63.8834977972
69.9919874701
219.3600405299
252.9712408873
144.3330905254
200.4400877180
241.3705091895
387.5065361097
86.7756436035
84.7665894258
84.3096868915
86.2139554211
91.1100977556
99.8353438547
184.5312922698
944.3362413464
677.4852652325
481.4228862128
637.9420293608
711.3187185584
695.2801157872
92.7184657551
76.2517161590
66.1812287129
60.3531594616
57.2509982003
50.4134674005
51.1495740925
54.2543509425
59.8205273787
67.4685937387
124.1994952637
544.8843381321
251.4454011525
320.2689727164
347.8252752676
524.2274429919
1239.9080542124
335.6690451719
514.3018563900
780.7364561999
586.9568095932
468.1004505926
663.7642704702
460.2522386116
554.9616261981
82.7675196786
66.5121766950
57.0277643322
52.1480573102
48.1151274829
48.5432441511
50.9004072677
55.1079257915
61.2098568688
69.7127501996
555.7093176287
536.4650763817
213.2471697597
483.9255020147
424.1906211910
363.3333975224
723.7679909644
526.7770183550
506.7767637333
445.5298063358
570.7702308437
550.8540146440
758.6544298347
91.8261725303
74.3187671719
61.9590806954
54.1564565263
49.8242767009
48.1738383051
48.5973951393
51.7419240991
57.7823577452
67.5681948740
532.8635082040
595.4728055259
292.2757387625
318.1415304266
515.4854677316
530.4780413715
282.9175723499
634.8150468668
814.7028874693
85.3479464823
68.5400244192
57.2272758763
50.7987547662
50.9191955312
51.8447361980
57.7975038613
138.5739629674
462.5743962910
420.4567743164
578.7859466677
659.5055235166
493.6231566951
385.7070652594
65.6848955926
55.2031831088
57.3306136919
61.4350411069
341.9755341214
779.6468446217
615.6259932011
65.8187930024
69.2193737377
48.1151274829
1408.3049022013