0.0031861634
0.0031006059
0.0030998569
0.0031675481
0.0033022701
0.0035141504
0.0060614643
0.0043400772
0.0041581139
0.0045616005
0.0053740758
0.0038636397
0.0037584840
0.0036834154
0.0036883720
0.0038055039
0.0040713803
0.0045448713
0.0053241542
0.0095511930
0.0247715248
0.0314117929
0.0223946029
0.0226886372
0.0745732375
0.0296163408
0.0055298927
0.0044294312
0.0037716698
0.0033903119
0.0019351604
0.0019377661
0.0019837628
0.0020737145
0.0022186858
0.0024405801
0.0079288519
0.0093563739
0.0054196456
0.0072867923
0.0090357007
0.0141939268
0.0029646780
0.0028811543
0.0028592668
0.0029262246
0.0031047552
0.0034280781
0.0064207525
0.0335705694
0.0244269898
0.0172431091
0.0230936738
0.0248715294
0.0259560294
0.0033361100
0.0027126882
0.0023274911
0.0021038516
0.0019843477
0.0017919412
0.0018269229
0.0019573613
0.0021837631
0.0024723601
0.0043774875
0.0186436818
0.0089041773
0.0110310606
0.0120134410
0.0179968914
16.0130233699
0.0111853869
0.0171104519
0.0262728302
0.0197986774
0.0159164355
0.0224319653
0.0153965858
0.0190430576
0.0029875385
0.0023917753
0.0020373034
0.0018543420
0.0017287809
0.0017513452
0.0018475203
0.0020095230
0.0022277948
0.0025094169
0.0180816772
0.0176726746
0.0071877142
0.0158348644
0.0139341739
0.0119398635
0.0235739604
0.0171788038
0.0164706544
0.0145359868
0.0186400108
0.0178103007
0.0247749433
0.0032652618
0.0026649105
0.0022273141
0.0019452301
0.0017880086
0.0017287286
0.0017487851
0.0018641295
0.0020705519
0.0023854465
0.0168994968
0.0190060231
0.0093903629
0.0102410958
0.0163992466
0.0168401831
0.0091490256
0.0200630493
0.0258311298
0.0029901063
0.0024327184
0.0020443305
0.0018192070
0.0018107184
0.0018431582
0.0020382152
0.0045550875
0.0145059844
0.0132663354
0.0181038400
0.0205763013
0.0155060263
0.0121755209
0.0023051465
0.0019556575
0.0020075973
0.0021350476
0.0107560355
0.0240926268
0.0190911201
0.0022836747
0.0023760095
0.0017287286
16.0130233699