0.4264432804
0.4173418676
0.4185472880
0.4282029888
0.4462632654
0.4740373649
0.7679170249
0.5727486943
0.5576046771
0.6005126806
0.6973555779
0.5242637770
0.5114561702
0.5020312282
0.5025084105
0.5170626615
0.5502092716
0.6089797586
0.7048837054
1.2328759294
2.9902592280
3.6858825960
2.6442213985
2.7822819038
8.2923050566
3.4321484997
0.7007827218
0.5713964875
0.4942291166
0.4497858412
0.2664368214
0.2669154790
0.2730889652
0.2850665832
0.3043284267
0.3338130317
1.0544488782
1.2252480110
0.7043613387
0.9655417750
1.1742258550
1.8689767631
0.4108890626
0.4008022053
0.3984287408
0.4075729348
0.4312741850
0.4736993533
0.8777179607
4.5121367787
3.2524720703
2.3076843628
3.0663631316
3.3833645253
3.3754579441
0.4474396292
0.3665822330
0.3168889257
0.2880758912
0.2727042784
0.2425521776
0.2465565953
0.2625459419
0.2908275870
0.3284980350
0.5951783816
2.5768550444
1.2024290771
1.5179758338
1.6491084746
2.4796634513
425.2387474253
1.5759473006
2.4123639205
3.6725645820
2.7642464501
2.2105944984
3.1279685779
2.1645538976
2.6270055334
0.4001556415
0.3212485217
0.2748371805
0.2509184622
0.2325482531
0.2350060448
0.2470158958
0.2679479561
0.2974399334
0.3373772102
2.5933269105
2.5111396945
1.0059526428
2.2611648929
1.9839846912
1.6996036434
3.3756936873
2.4583509954
2.3639494912
2.0807816655
2.6659082447
2.5670616889
3.5425620551
0.4417518633
0.3586838717
0.2993802975
0.2616509688
0.2406733077
0.2328129115
0.2351396792
0.2505108308
0.2792485022
0.3248126455
2.4710122197
2.7648162477
1.3605291563
1.4810571820
2.3912956572
2.4597788520
1.3195827266
2.9406869412
3.7760709521
0.4087176467
0.3297696751
0.2760238606
0.2452783529
0.2453400163
0.2498246722
0.2777530741
0.6503058717
2.1391403171
1.9472921785
2.6740897722
3.0449981817
2.2837120453
1.7872909588
0.3149155408
0.2655778704
0.2747840688
0.2937304687
1.5831450550
3.5912907952
2.8386597255
0.3144186142
0.3295253775
0.2325482531
425.2387474253