48.4926772521
47.5963132550
47.8148289823
48.9563920083
51.0249456853
54.1683920785
85.0302174230
64.4910032500
63.5826893639
67.5722820503
78.1130831993
60.0834580314
58.6753376593
57.6182330668
57.6508254435
59.2420959659
62.8857559335
69.3384777005
79.8277440936
138.4229943286
322.7227665279
385.3044875025
279.9591067968
304.8370857966
814.0013357090
361.3411398278
77.4622440514
63.7575993613
55.5968209502
50.9180570171
30.7240658320
30.7885144833
31.4960268214
32.8612024679
35.0534988770
38.4105483744
120.3799013973
138.9960697259
79.4762250963
110.0583719491
132.7576121399
212.7126137351
47.5580689982
46.4494817541
46.1976401432
47.2450320904
49.9382197594
54.7395910771
101.1561142067
517.6027162909
371.6739621597
264.0793762097
350.0256218380
389.7079546772
382.0938988582
50.9966365565
41.9144091684
36.3533748552
33.1333578124
31.4183336969
27.7238342221
28.1394686167
29.8711662180
32.9667514398
37.1916787589
68.2236488206
298.3394439707
137.9202438159
175.4321581823
190.5100914530
286.9835506710
1008.0722250188
183.6553971216
281.3262701284
427.1509744561
321.2339356970
256.3055015433
363.3029511598
251.9433813367
303.8932733510
45.5468821862
36.5990202120
31.3693291339
28.6775211469
26.4864572317
26.7314992939
28.0437024848
30.3741247677
33.7337173950
38.3886849010
303.9251370167
293.4438859029
116.7998063919
264.6647493254
232.0114474959
198.7309929456
395.6917718785
288.0474011499
277.1461750995
243.7128724820
312.1835591552
301.2904385057
414.8710128477
50.4922470547
40.8920754023
34.1011869704
29.8078275095
27.4234770324
26.5211408897
26.7614731049
28.4976935660
31.8146426400
37.1663535727
291.3505150251
325.5344724151
159.8695890987
174.0034930041
281.8068612375
290.0131437549
154.7882274909
347.0587887701
445.3083459923
46.9023514895
37.6978350681
31.4912127615
27.9604101038
28.0194648622
28.5306919905
31.7922533023
75.9202982404
252.8974299352
229.8852241163
316.3672705536
360.4877840035
269.8845743768
210.9387377818
36.1101787523
30.3672351657
31.5202322060
33.7639140287
187.0046833129
426.1166495521
336.5003270232
36.1652610699
38.0142728006
26.4864572317
1008.0722250188