2.5998921620
2.5514954120
2.5625299715
2.6227036646
2.7321237661
2.8985414774
4.5413726833
3.4683571158
3.3970088606
3.6303270093
4.1811653489
3.2148338427
3.1418539131
3.0874640567
3.0904595854
3.1757237337
3.3694567882
3.7116016565
4.2667465632
7.3349533489
17.1629225515
20.9344514562
15.0315507281
16.0758480077
46.2514563432
19.2449790648
4.1482448266
3.4162092180
2.9800937159
2.7298586933
1.6473170093
1.6505274693
1.6879756033
1.7604144331
1.8767841822
2.0548342936
6.3519017316
7.3173422617
4.2079869112
5.8131256497
6.9954151677
11.1871958323
2.5464125745
2.4896533981
2.4777382410
2.5342021752
2.6774443943
2.9317150091
5.3826440937
27.3021720754
19.5897711160
13.9493339158
18.4389933524
20.6324624478
20.0431217328
2.7259901243
2.2435235797
1.9475979604
1.7760248105
1.6845041623
1.4876347116
1.5099654495
1.6028785408
1.7689816116
1.9953598380
3.6484969280
15.8678689128
7.3130480555
9.3342153946
10.1207868807
15.2390052791
316.1986391048
9.8277571916
15.0491328764
22.7696899409
17.1392629870
13.6691864479
19.3813704156
13.5025669257
16.1565291831
2.4378677623
1.9611059287
1.6822291564
1.5385537477
1.4224537145
1.4357743184
1.5064222966
1.6318537826
1.8126834808
2.0633658791
16.3795231956
15.7556231482
6.2605976309
14.2322337299
12.4648935762
10.6806646456
21.2784904243
15.5029016932
14.9364536362
13.1378980900
16.8105093984
16.2864680802
22.3203660898
2.7076376176
2.1929199014
1.8295568985
1.5999762227
1.4724926452
1.4257032956
1.4389290625
1.5327578009
1.7120386748
2.0017047942
15.8319336917
17.6361140002
8.6690971431
9.4215227226
15.2898537290
15.7499332574
8.3853376906
18.8822059136
24.1757952235
2.5222486764
2.0257874883
1.6921826138
1.5027574095
1.5081281426
1.5362592350
1.7133297850
4.1157815039
13.8057505958
12.5219487128
17.2691340411
19.6931760829
14.7281728240
11.5070196478
1.9443615111
1.6343653370
1.6993614088
1.8220777480
10.2128326782
23.3487419529
18.4319625829
1.9508792262
2.0537127119
1.4224537145
316.1986391048