0.9995970576
0.9794970558
0.9830093027
1.0059570072
1.0483078261
1.1131066273
1.7774453210
1.3375986908
1.3076423297
1.4016979794
1.6228632298
1.2326538654
1.2032833181
1.1815073199
1.1825240021
1.2160510102
1.2924728641
1.4278291698
1.6482522583
2.8667206353
6.8401534332
8.3517840801
6.0102303475
6.3922837003
18.4816952801
7.7698538420
1.6220104089
1.3281185957
1.1529382319
1.0522235970
0.6284230163
0.6296169354
0.6440997784
0.6721454743
0.7172228731
0.7862240004
2.4681484673
2.8581371338
1.6406031572
2.2587609232
2.7352002429
4.3657872837
0.9705182433
0.9474356639
0.9421578426
0.9636844625
1.0191374703
1.1181377988
2.0669238631
10.5855464498
7.6155927703
5.4092763331
7.1755452981
7.9582287148
7.8610357063
1.0492387594
0.8610759578
0.7455834948
0.6786415973
0.6429435576
0.5699356820
0.5789700351
0.6156782933
0.6809039175
0.7686823283
1.3996295046
6.0810844108
2.8238080508
3.5796282235
3.8867775638
5.8488056974
258.9326428783
3.7342127988
5.7177689276
8.6884753154
6.5380187172
5.2226222413
7.3965270874
5.1274702399
6.1963051194
0.9380454632
0.7535389650
0.6453048264
0.5895474062
0.5456611357
0.5511286016
0.5788245144
0.6274862323
0.6967418815
0.7914994297
6.1687449412
5.9613642931
2.3804115127
5.3734006769
4.7119515216
4.0365831662
8.0274090440
5.8456834408
5.6236771198
4.9480282580
6.3381049604
6.1131355861
8.4210327252
1.0378638887
0.8417372029
0.7023532521
0.6139369533
0.5648058624
0.5464219876
0.5516875416
0.5876763472
0.6556059895
0.7641821615
5.9018398131
6.5963092951
3.2434193093
3.5295908983
5.7087635854
5.8743517881
3.1426089896
7.0279474268
9.0183958776
0.9624558271
0.7751156819
0.6482118152
0.5758252179
0.5766058493
0.5871903694
0.6536057673
1.5455669566
5.1192988008
4.6554365835
6.4014949176
7.2921588437
5.4637689844
4.2731867190
0.7414847507
0.6244853489
0.6472612353
0.6926658312
3.7873441886
8.6136206148
6.8051231222
0.7415883000
0.7784579138
0.5456611357
258.9326428783