0.5031069689
0.4924023484
0.4938390513
0.5052317902
0.5265280281
0.5592703170
0.9051689526
0.6756267455
0.6577773516
0.7083072553
0.8223266239
0.6185753167
0.6035030230
0.5924097060
0.5929785803
0.6101312410
0.6491867229
0.7184226262
0.8313829921
1.4532014605
3.5216922833
4.3418895467
3.1140084911
3.2768125666
9.7796322188
4.0402640060
0.8261319668
0.6737779009
0.5829134588
0.5305851015
0.3144508754
0.3150157875
0.3222958216
0.3364202056
0.3591340028
0.3939014813
1.2431165903
1.4441143388
0.8302786208
1.1383220457
1.3839580607
2.2029464915
0.4849503258
0.4730863109
0.4703064279
0.4811000688
0.5090516822
0.5590689009
1.0355197798
5.3201457106
3.8344299188
2.7209996851
3.6149778498
3.9906141482
3.9774579822
0.5278337122
0.4325124171
0.3739303006
0.3399623335
0.3218399638
0.2862083889
0.2909227724
0.3097646672
0.3431010573
0.3875297563
0.7022587222
3.0404404270
1.4182285278
1.7910805850
1.9455878155
2.9255452648
459.2291875973
1.8603512493
2.8477666548
4.3343170114
3.2623636201
2.6087396948
3.6915929549
2.5551939497
3.0994135633
0.4720678158
0.3790099417
0.3242821755
0.2960771814
0.2743907293
0.2772833755
0.2914416053
0.3161295625
0.3509346528
0.3980973311
3.0628951631
2.9649522169
1.1874636803
2.6702008808
2.3426801664
2.0069316837
3.9865105375
2.9032580872
2.7918865547
2.4574885679
3.1485015264
3.0323840827
4.1832220261
0.5212428652
0.4232001073
0.3532296786
0.3087227399
0.2839777355
0.2747172852
0.2774598758
0.2955995737
0.3295325678
0.3833624947
2.9199490960
3.2665549936
1.6074499369
1.7496606947
2.8254586881
2.9065652590
1.5589046812
3.4751739194
4.4619438077
0.4823799112
0.3891511477
0.3257105024
0.2894278728
0.2895354114
0.2948345165
0.3278287701
0.7681744590
2.5285548658
2.3014168256
3.1608321593
3.5993812976
2.6993050082
2.1124148599
0.3716875189
0.3134263648
0.3243455478
0.3467453825
1.8712762524
4.2459513180
3.3560422881
0.3711634437
0.3890550411
0.2743907293
459.2291875973