688.1763073385
683.4913227363
691.3849777431
710.2423817891
740.6526675614
784.6680502495
1070.9428273844
894.1382925318
913.0500509075
929.4433312020
1047.3668663782
880.6491844221
863.2165055624
848.7505649358
847.7366250340
866.5989686021
911.2801662814
990.1346980231
1116.0038275883
1869.3634671839
3597.5076389276
3842.9760692065
2828.1842840755
3635.2174836696
6321.2774308627
3378.3232254260
972.0751394390
835.0467829674
754.3241627674
709.4173253568
461.1363000891
462.5688692312
472.9386120194
492.5663700680
523.9306059275
572.0538722397
1753.1035769635
1967.1685569138
1088.0280556403
1587.3063522860
1844.1215096147
3060.5144333798
724.0448670238
710.1624298915
707.3785588175
722.6683496065
761.0819329592
828.6289290186
1524.1587511377
7704.5538526535
5442.6702298145
3889.3303841098
5108.8564287000
5888.8301972348
5379.6913850549
734.4605558827
610.5354156470
535.8452887532
492.8420500832
470.0873324354
403.0406818614
406.6639071167
426.4964634062
464.0418465494
521.6471843795
1008.1509730454
4588.6949840364
2053.6635254727
2681.0452668930
2906.5173399878
4408.3357172200
1204.5505599215
2875.5126015341
4417.3633091379
6660.4260102348
4988.4463536526
3949.2124430326
5633.1495498331
3922.1232492771
4657.3671964805
652.7835336858
526.1336537361
453.9257794591
416.9045405736
380.0042185157
381.5317218229
397.2896464793
427.9336237782
476.6774628980
550.2748254920
4827.4436811153
4631.9332633145
1806.5978015647
4193.4499791282
3667.1893921563
3138.8894363020
6297.2114203451
4574.7105058760
4403.3534641233
3857.6438913005
4943.9407660154
4790.8321194085
6580.3169513653
734.5514000909
589.2401912852
489.7243036634
428.2270346477
394.1807579229
380.6674425364
382.7428846172
406.9299564348
457.1685523003
543.1413376503
4684.4447399446
5226.0918215898
2547.3409587299
2773.5409123593
4528.7654238848
4662.6164416868
2452.4930075701
5587.8349331073
7169.8085472512
691.2034263513
548.1427908445
454.6351033364
402.4165278403
405.7918894503
413.1603235344
464.3040991337
1183.3325473147
4083.4006424418
3702.1059301144
5120.3047042006
5840.8330126678
4352.0913811902
3387.6296595693
530.3734630296
441.6904344436
463.4379333579
500.0774519218
3009.7255959640
6933.4910027099
5461.5122245766
536.6113545447
569.5517096867
380.0042185157
7704.5538526535