662.0157552922
656.4131826193
663.4230122073
681.3330880874
710.6477091004
753.3744283021
1052.5511095286
862.0298703227
878.6052131674
897.2398283276
1018.4560959655
844.0086352073
826.4679006160
812.1344674684
811.1991784289
829.8964739028
874.1290915369
952.3770344980
1077.8674459779
1825.8111898991
3622.3315919148
3905.7345446525
2881.0108470253
3644.2330588748
6584.1142222832
3517.2079391139
954.0018875621
813.5695267216
730.6959301745
684.3388947233
440.0474631421
441.3827174765
451.3776665809
470.3260293746
500.6185639983
547.1013667040
1693.9514450881
1913.6067777797
1061.8292865492
1536.0727002164
1799.3920443510
2969.1400120550
689.7806554501
675.7747721648
672.7736039591
687.3869518142
724.4692315593
789.9608740663
1457.6921872809
7413.0332957319
5254.7897439650
3746.8018067614
4936.8764023620
5639.4879626150
5246.4901864169
706.2942698600
585.7059790406
512.9103723358
470.9878493590
448.7990600876
386.2966110257
390.0858945755
409.8153422173
446.8086222353
502.5885345015
964.5193244911
4371.8965062614
1971.1536293371
2557.3305917095
2775.2879255971
4204.6613342835
1488.7864450885
2725.3568001611
4185.4178024020
6325.8170917562
4739.6987814802
3757.9541128762
5353.3021232111
3718.8034071886
4440.7604249145
627.8347486693
505.5241971023
435.5328596378
399.6345325943
364.8152372241
366.5260756929
382.0464055148
411.8057359820
458.4614482482
528.0518116993
4554.1000121725
4379.2358291811
1714.6719502931
3960.6856605663
3465.9328007523
2966.8146612260
5943.5606174738
4318.1736038378
4154.4651848102
3641.5716057358
4667.8128636587
4515.8902622447
6212.9539445079
704.2178953884
565.7524112868
470.3558200816
411.1678878753
378.3727434762
365.2872938697
367.4187341243
390.6538340921
438.3524377993
519.2808404649
4402.0558277493
4915.7039184022
2398.4640847691
2612.1959917402
4257.9736531088
4382.4725884628
2311.9454557703
5249.0006400409
6737.9554721124
660.5964627684
525.1064631937
436.0054183857
386.0576872976
388.6806197406
395.6524449064
443.8928314793
1117.9239155958
3831.2457850346
3476.5758935421
4802.7059499916
5476.7756568642
4084.8602068324
3181.7924469975
506.9030374740
422.8304791117
442.6148790364
476.8876728277
2825.1105801470
6493.2683570765
5117.1718091313
511.7241324635
542.0397906768
364.8152372241
7413.0332957319