47.9640970569
47.0706787870
47.2831245444
48.4107190480
50.4569745213
53.5683656068
84.2368224763
63.8044551306
62.8892148382
66.8626001669
77.3220427228
59.4090771790
58.0120957587
56.9641784939
56.9966580863
58.5738735373
62.1853538164
68.5821749755
78.9835446101
137.0742977205
320.2107077097
382.4349987821
277.9561350474
302.3086402377
808.2030986993
359.0135798964
76.7342836909
63.1259768104
55.0219834737
50.3747348860
30.3669787326
30.4304319429
31.1303077479
32.4809659884
34.6500647103
37.9716242953
119.1148691274
137.5916945496
78.6823117824
108.9068981745
131.4395086772
210.5415338847
46.9991228327
45.8987507891
45.6475495466
46.6827985751
49.3473466533
54.0994606546
100.0114363429
512.0123918648
367.7512139986
261.2602630156
346.3407690078
385.3627812860
378.2848064981
50.4385556555
41.4471065729
35.9409782424
32.7527026780
31.0545523292
27.4126467042
27.8257632494
29.5428639659
32.6104815757
36.7917697036
67.4505561603
294.8868482291
136.4015471206
173.4124182609
188.3340850558
283.6925314233
1013.4845467601
181.4219303629
277.9093171152
422.0569239884
317.3958643890
253.2992874905
358.9949092653
248.8845343238
300.3966133040
45.0490431652
36.1958471830
31.0199998697
28.3558603042
26.1928347381
26.4368182620
27.7371153165
30.0440391271
33.3656410846
37.9624061707
300.0887627980
289.8119294935
115.3995506906
261.3645724371
229.1374335734
196.2699425536
390.7112737629
284.4348019069
273.6497777881
240.6545128332
308.2751445714
297.4382907213
409.6691113260
49.9264664225
40.4389828178
33.7242291112
29.4775833916
27.1190499474
26.2259158825
26.4645651094
28.1817408630
31.4586520405
36.7409812835
287.4979903848
321.3081968630
157.8077023052
171.7578891555
278.1222796003
286.1999614155
152.8103429625
342.4638841106
439.4672940883
46.3631859200
37.2723936415
31.1388515552
27.6484417429
27.7028029527
28.2077941251
31.4277584217
74.9591004141
249.5087427238
226.8263407992
312.1243955654
355.6051750782
266.2781837763
208.1307017977
35.6947621649
30.0224289772
31.1554756381
33.3684895981
184.5002637943
420.2668494519
331.9138896555
35.7414594810
37.5613218084
26.1928347381
1013.4845467601