210.1539257805
209.5462866298
212.3244991080
218.1217619275
227.1543574880
239.9983265054
307.2509709808
270.6587055770
277.0435398205
280.5990808143
308.8544336569
270.5692856239
266.2162284249
262.4548894039
262.2904268479
267.6033802359
280.0199080510
301.6451792575
335.5231100256
536.8279221849
948.5259178418
992.4916982690
730.0060658924
958.9937880423
1543.4275123330
813.4734363104
281.0962231005
246.5232124411
226.2383609721
215.1271973199
143.5784170433
144.0287775044
147.1202172061
152.9614238135
162.2868168549
176.5733756314
514.9807008601
565.1436451371
313.4648149574
465.3694793771
526.5750042096
884.2625599779
226.0219869276
222.6776040672
222.3049835160
227.0867398811
238.5411394697
258.2957723349
466.5444606639
2289.8095645751
1599.9915287942
1154.0801997488
1496.5780347014
1782.8591873613
1524.2928047339
222.9452467323
186.9342105222
165.2739816642
152.7881859972
146.1730375625
124.1275122391
124.9975643721
130.5133815059
141.2299788746
158.3933287322
310.2871623690
1417.9816012274
618.4296347991
825.8518861688
891.1959857402
1355.1184010090
181.2690569490
909.1158446020
1397.2842129902
2083.2178287620
1560.4698241953
1229.9253074080
1760.8227632462
1241.5603646133
1435.7685285289
198.3847395510
160.5841657601
139.2416237455
128.3048428600
116.6304400551
116.9242834141
121.4565706451
130.5949478853
145.6688803404
169.1386442619
1559.0386307387
1480.2797895411
569.8933897111
1346.4807223517
1174.0231506491
1005.2937702514
2025.9973860440
1472.8844941918
1422.2004209133
1244.3816481150
1591.8355301040
1556.5863729549
2116.5482882378
225.8183091254
180.3965730487
149.8810970202
131.2555826794
120.9783459261
117.1209199481
117.6829894522
125.1555772797
141.1300586966
169.1051354420
1543.2870560746
1711.5321557103
832.9425139476
904.7884543241
1487.5919786875
1534.1659198629
798.6564015004
1845.2354690995
2359.2229430269
215.1329930501
169.3362758767
140.0133950397
123.8531754780
125.6802143547
128.1056711691
144.7484240941
383.4991668895
1357.1635560288
1224.9789229146
1703.0315344999
1946.0268465535
1444.9491184885
1122.2531774389
165.3265302167
136.9877876496
144.9671859801
157.2429674327
999.6589093070
2324.3191530917
1827.9812596376
168.6674170157
180.3172565708
116.6304400551
2359.2229430269