0.6954008528
0.6817759531
0.6844066659
0.7004390566
0.7298700414
0.7748056806
1.2291427472
0.9297198477
0.9095658562
0.9737181505
1.1255439098
0.8585002532
0.8383260245
0.8233258432
0.8240291378
0.8471707617
0.8999089628
0.9932533469
1.1450970432
1.9849631957
4.7028344162
5.7401365737
4.1253254342
4.3999593482
12.7124050273
5.3183063851
1.1221532105
0.9205533269
0.8004117366
0.7313898105
0.4383554559
0.4391990515
0.4492645439
0.4687466630
0.5000546172
0.5479758649
1.7136007537
1.9807795845
1.1366221069
1.5678028721
1.8943695925
3.0273455478
0.6773091535
0.6614839794
0.6579349962
0.6729456679
0.7114665794
0.7801341743
1.4398724358
7.3569550815
5.2876203698
3.7584091588
4.9807485535
5.5393980603
5.4429278083
0.7299273234
0.5995240900
0.5195143736
0.4731393368
0.4484091095
0.3969623305
0.4031374413
0.4284404818
0.4735004370
0.5344284119
0.9750171687
4.2404986907
1.9645136509
2.4954069506
2.7086108348
4.0769539099
217.1985087948
2.6097332129
3.9962625944
6.0658452385
4.5643893076
3.6441227962
5.1632204268
3.5833809734
4.3197333882
0.6525661708
0.5244023337
0.4492973860
0.4106075281
0.3798647307
0.3835816926
0.4027197306
0.4364707145
0.4847273212
0.5510591853
4.3206400500
4.1708938391
1.6630161726
3.7614660185
3.2973586686
2.8248580158
5.6204975828
4.0931124356
3.9390866147
3.4650900828
4.4376534218
4.2843957591
5.8954568613
0.7228039144
0.5859380651
0.4888715725
0.4273772574
0.3932128994
0.3804727110
0.3840873571
0.4091348697
0.4566122208
0.5327660231
4.1432993768
4.6275194854
2.2747262548
2.4749352215
4.0063139076
4.1233677780
2.2031300097
4.9353551636
6.3303975778
0.6710954347
0.5400214414
0.4514415349
0.4009828917
0.4017651408
0.4091700911
0.4557179579
1.0826188554
3.5978055994
3.2700313631
4.4995243059
5.1266770041
3.8394951609
3.0018896820
0.5170557934
0.4352135770
0.4514853443
0.4834278677
2.6614240139
6.0607617412
4.7871825265
0.5175811223
0.5437467416
0.3798647307
217.1985087948