0.0052264062
0.0050866763
0.0050858422
0.0051971475
0.0054183404
0.0057660533
0.0099335489
0.0071194419
0.0068226191
0.0074822629
0.0088118747
0.0063399733
0.0061676854
0.0060445950
0.0060526230
0.0062445422
0.0066803057
0.0074563402
0.0087333507
0.0156591726
0.0405594138
0.0514667076
0.0366416946
0.0371549822
0.1220099012
0.0484208830
0.0090617272
0.0072607132
0.0061842928
0.0055603031
0.0031761967
0.0031805078
0.0032560064
0.0034036379
0.0036415822
0.0040058214
0.0130168178
0.0153620856
0.0088872499
0.0119540569
0.0148099288
0.0232798786
0.0048669530
0.0047300468
0.0046941410
0.0048040038
0.0050969632
0.0056275079
0.0105461324
0.0551343912
0.0400918422
0.0283031560
0.0379099654
0.0408466375
0.0426234159
0.0054739810
0.0044513309
0.0038195711
0.0034528089
0.0032568397
0.0029401307
0.0029973715
0.0032110640
0.0035821240
0.0040555913
0.0071862714
0.0306434977
0.0146210076
0.0181146402
0.0197309170
0.0295729420
27.0551116128
0.0183823529
0.0281087601
0.0431831875
0.0325313684
0.0261476787
0.0368550193
0.0252871077
0.0313121879
0.0049016422
0.0039240869
0.0033426245
0.0030425275
0.0028360577
0.0028729542
0.0030305574
0.0032962060
0.0036544522
0.0041171325
0.0297030536
0.0290352959
0.0118104983
0.0260256120
0.0228892658
0.0196146897
0.0387277382
0.0282084117
0.0270611940
0.0238708067
0.0306204966
0.0292482629
0.0406905130
0.0053576317
0.0043721438
0.0036540171
0.0031912057
0.0029332720
0.0028358484
0.0028686785
0.0030578794
0.0033967327
0.0039139522
0.0277413051
0.0312210054
0.0154211159
0.0168107075
0.0269185342
0.0276438626
0.0150283758
0.0329282520
0.0424061613
0.0049059857
0.0039910952
0.0033537217
0.0029843318
0.0029703838
0.0030236119
0.0033438130
0.0074812372
0.0237983369
0.0217720369
0.0297058836
0.0337579091
0.0254391252
0.0199679902
0.0037817254
0.0032082181
0.0032934840
0.0035027115
0.0176442617
0.0395175823
0.0313078708
0.0037464832
0.0038980504
0.0028358484
27.0551116128