294.1932060817
294.7751811674
299.0285676081
306.6840056047
318.0639861850
333.7907491762
385.6676029061
369.6308060296
378.8338335090
382.3182261857
403.8943226957
378.4677089523
375.4807830000
372.6728293401
373.4110809221
379.9844793254
394.1361587358
417.6216538934
452.4152453784
644.3241095514
960.0540581437
971.1090959890
734.4345103454
952.8392728412
1341.6045286192
704.8175184583
360.0171524610
327.3735273594
308.2940985038
298.1590265352
206.1067360721
206.6875642324
210.6471216925
218.1497679183
230.1089933788
248.3086143300
625.3350652897
655.3806934153
382.9090316511
569.4158529530
611.2054806005
1025.4669941074
323.8047965023
322.2636092769
323.5332384739
330.5979938569
345.4061801842
369.5322387889
629.8081479765
2818.7850542601
1929.2359965957
1428.0357935097
1784.4759123631
2300.4037250531
1674.3329703321
303.6174896570
259.6058088502
233.0397634076
217.6065414395
209.3625920723
175.5528060923
176.2935068379
182.8031791432
196.0254619043
218.5580687770
429.5550020727
1928.1064480389
794.6932838802
1119.1302316213
1192.3937991634
1816.8617003778
101.3913786730
1315.4751554968
2019.8153067442
2918.5489928962
2197.2818391587
1717.0719739074
2474.0782420670
1812.7917797968
1943.5886406517
271.8531438496
222.5816045370
195.1712261343
181.1024821056
164.5217924113
164.6334940326
170.4092067630
182.7131278806
204.0950925443
238.8772435419
2389.0223147526
2201.9896522614
825.9301354092
2029.4789371792
1756.2253636253
1506.9620231801
3063.5082758163
2237.3551867058
2181.9923081628
1909.1523461409
2424.4220937332
2436.3762845398
3206.3013307878
317.6110144685
252.0725497978
209.6567670403
184.3622458476
170.5041994796
166.4602356210
167.2042065112
178.0263063304
202.0873131462
245.7598364914
2503.4719410321
2724.4260030319
1328.3414707724
1431.3309541981
2391.4442256824
2480.8203771464
1264.2344381534
3017.2136299106
3809.1224656171
311.9623566006
242.0125318641
199.0407519891
175.9919686554
181.3531568118
185.3792009936
211.7202305843
604.9537076479
2261.9033964232
2015.3011569051
2839.7091647181
3261.0573359449
2403.4375322237
1860.2901737116
241.4411321715
198.0934479472
213.7190269837
234.3099970485
1667.6844728934
3961.9807711013
3107.1702248354
251.0755047309
272.6402852577
101.3913786730
3961.9807711013