89.5894299969
88.0074275966
88.4569554341
90.5936965858
94.4301925569
100.2400223230
155.9799983199
118.7716699280
117.6166701101
124.4447122850
143.7321056544
111.2781057995
108.6896861867
106.7332346810
106.7759614979
109.6825596843
116.3561490685
128.1753240636
147.3714455690
255.2464870939
587.8030188899
692.9483572966
506.3579216404
558.4559547451
1426.8951447319
652.9198878660
141.9716339746
117.1653676439
102.4021529740
93.9510399617
56.9854342152
57.1107230506
58.4229173031
60.9502244455
65.0069681107
71.2203959948
223.1375271467
257.2711920340
146.7663562025
203.8864244700
245.4396287288
394.1215044495
88.3142118586
86.2732476907
85.8097012300
87.7471629745
92.7272424137
101.6008093978
187.7776925951
960.7651390784
689.1594682924
489.7719419448
648.9206434677
723.7947527684
707.0532370670
94.3202282440
77.5767321370
67.3379844742
61.4127132147
58.2589225659
51.2897819762
52.0364095693
55.1900350777
60.8457347959
68.6226177521
126.3709002476
554.5395355975
255.8257469205
325.9221001830
353.9584627883
533.5112444960
1244.0368004806
341.6815021930
523.5435493708
794.6787328377
597.4243043520
476.4243525311
675.5836222818
468.4964614358
564.7839091092
84.1949254029
67.6614985452
58.0165520909
53.0543799271
48.9468483764
49.3805181642
51.7755030463
56.0530337623
62.2607946880
70.9169291752
565.7841561416
546.1475834897
217.0496019433
492.6842162830
431.8504597149
369.8948519893
736.8735212510
536.3260175625
515.9825355721
453.6008706108
581.1169220195
560.8816385927
772.4157635327
93.4221322299
75.6048765006
63.0299008465
55.0928213865
50.6861247149
49.0071383302
49.4367787533
52.6350799950
58.7826817083
68.7470677028
542.6397249404
606.3696553008
297.5932900658
323.9254684482
524.9176271946
540.2017186685
288.0418363089
646.4821595718
829.6362041028
86.8425009415
69.7323913743
58.2195480443
51.6784172886
51.8041553353
52.7459016372
58.8063521339
141.0742812594
471.1007996535
428.1801627580
589.4695437935
671.6842343247
502.7288015579
392.7984451963
66.8341983453
56.1644689855
58.3348236662
62.5152414302
348.2638143050
794.1043882620
627.0218464695
66.9770062846
70.4438272529
48.9468483764
1426.8951447319