2.8161540049
2.7634982801
2.7754484287
2.8408124402
2.9597141381
3.1406029700
4.9298647510
3.7571031898
3.6825169386
3.9331272520
4.5354292218
3.4829481979
3.4030819969
3.3435064371
3.3464665439
3.4390027167
3.6496209965
4.0218686702
4.6262489323
7.9732557574
18.6710066203
22.7197921166
16.3317732612
17.5166330262
49.9538082946
20.9423570849
4.4999624084
3.7038579294
3.2296051850
2.9574930356
1.7833610315
1.7868722471
1.8275505634
1.9062128418
2.0325787476
2.2259615138
6.9067438392
7.9632331129
4.5744536116
6.3197691087
7.6125470128
12.1756612727
2.7571741300
2.6948703317
2.6814891148
2.7425543265
2.8980465470
3.1744109372
5.8384376721
29.6838424942
21.3060208413
15.1627080360
20.0582161517
22.4084589837
21.8335036247
2.9550161277
2.4308239984
2.1093879155
1.9230704718
1.8237122519
1.6108891268
1.6351538340
1.7359958428
1.9162063945
2.1616918028
3.9538121624
17.2110926147
7.9415035009
10.1244897078
10.9816007024
16.5355352007
344.4435123388
10.6402603783
16.2944507264
24.6777930384
18.5718392958
14.8150211358
21.0031563775
14.6142516717
17.5262236245
2.6420814401
2.1247033393
1.8220340372
1.6661198375
1.5402700207
1.5547311288
1.6313224826
1.7672198488
1.9629692192
2.2340585204
17.6981598739
17.0424624053
6.7768765945
15.3874396547
13.4800522576
11.5496258773
23.0035304759
16.7566508488
16.1380835540
14.1943286537
18.1680710305
17.5821006846
24.1282402862
2.9325170253
2.3753258813
1.9816072401
1.7327287304
1.5945107371
1.5434180164
1.5577152122
1.6592043583
1.8529431239
2.1656164697
17.0648314108
19.0259745101
9.3507658718
10.1662035533
16.4873293929
16.9786867348
9.0476826100
20.3446534723
26.0646830957
2.7292640763
2.1928761134
1.8319607922
1.6268723689
1.6319432756
1.6622248314
1.8532399657
4.4408679541
14.8606223608
13.4875277807
18.5882558306
21.1920146472
15.8548008113
12.3892307553
2.1033547353
1.7684724575
1.8377135968
1.9697571309
10.9922741758
25.1025659477
19.8191574835
2.1091099834
2.2191242268
1.5402700207
344.4435123388