9.5862368561
9.4051415518
9.4456141240
9.6692260452
10.0764287219
10.6963353360
16.8576353102
12.7822498202
12.5540989188
13.3876661360
15.4755162877
11.8594058687
11.5820925133
11.3748948229
11.3831213081
11.6993964410
12.4216062326
13.6999079915
15.7780094753
27.3309941165
64.1104075055
77.4833269989
55.9170742449
60.3323159785
167.8477857509
72.0651326678
15.3666611874
12.6336378441
11.0056796889
10.0715745016
6.0628029465
6.0750125053
6.2142577812
6.4833337850
6.9155699471
7.5772933409
23.6867496679
27.3566510073
15.6793471549
21.6657187948
26.1484991871
41.8348164410
9.3764626603
9.1588355615
9.1100846680
9.3172559575
9.8486698419
10.7955248985
19.9234964908
101.7723942885
73.1029970033
51.9614361146
68.8459366289
76.6614556165
75.1511389970
10.0717134065
8.2772058721
7.1773582763
6.5401651566
6.2005644468
5.4787980039
5.5619859155
5.9066064231
6.5218642924
7.3588234146
13.4660957327
58.7202259988
27.1595385414
34.5424891798
37.4954575414
56.4624104877
552.0132012474
36.1717745115
55.4012169450
84.0667239870
63.2433531015
50.4721135512
71.5291713234
49.6503492266
59.8133329852
9.0004822997
7.2334854311
6.1995871540
5.6671671632
5.2381883696
5.2876863733
5.5488100439
6.0114151584
6.6764256371
7.5953252444
59.9270168580
57.8277650423
23.0275025189
52.1644065682
45.7222298088
39.1687289179
77.9725521880
56.7783900041
54.6422388660
48.0583598148
61.5470876707
59.4397763148
81.7750414335
9.9768950395
8.0830267733
6.7423456317
5.8941169850
5.4229585859
5.2463545528
5.2948457641
5.6392017751
6.2952531590
7.3516731154
57.5181769543
64.2341648552
31.5611982834
34.3366299858
55.6172960821
57.2457974289
30.5571322349
68.5276368134
87.8939179886
9.2692318408
7.4528372485
6.2275175312
5.5302431465
5.5426106850
5.6443832313
6.2891175630
14.9994421027
49.9647751040
45.4033343689
62.4999790431
71.2206887398
53.3202051348
41.6770512128
7.1396137596
6.0058532684
6.2339206964
6.6774457474
36.9554204239
84.2204180411
66.5133432444
7.1507712792
7.5162354065
5.2381883696
552.0132012474