1.2152158437
1.1904384610
1.1945206172
1.2223360989
1.2738256404
1.3526990939
2.1673965680
1.6274228658
1.5896079163
1.7058119274
1.9761485957
1.4975282294
1.4616289276
1.4350573833
1.4363170076
1.4772415885
1.5705123645
1.7357549830
2.0049800402
3.4919520232
8.3648964850
10.2316817430
7.3612356729
7.8084886625
22.6706177042
9.5243289290
1.9776501799
1.6177407047
1.4031808068
1.2797757356
0.7628878637
0.7643213826
0.7819279119
0.8160360145
0.8708640168
0.9547913936
3.0020267200
3.4792147131
1.9976874080
2.7476219290
3.3306552981
5.3127631680
1.1778236097
1.1495930064
1.1430896276
1.1692316849
1.2366787299
1.3571701092
2.5103221343
12.8683612036
9.2619370745
6.5770292608
8.7283679015
9.6686363626
9.5731022748
1.2754558171
1.0463120094
0.9056267343
0.8240776023
0.7805867587
0.6924686967
0.7035511398
0.7483929593
0.8279812833
0.9348197959
1.7002733881
7.3817701956
3.4316048138
4.3458614801
4.7196227747
7.1008767514
282.9648392080
4.5286950995
6.9335518432
10.5409880234
7.9323002803
6.3379445861
8.9744402519
6.2183862627
7.5227534400
1.1403617428
0.9159206867
0.7841812843
0.7163098528
0.6631768997
0.6699045273
0.7036978517
0.7629585063
0.8470954197
0.9619349852
7.4738695800
7.2261455990
2.8874523783
6.5119013065
5.7109656759
4.8927789190
9.7266958591
7.0832960175
6.8134636479
5.9954884966
7.6802116451
7.4044882642
10.2045151310
1.2610456675
1.0230076790
0.8536604341
0.7461647177
0.6864238220
0.6640527602
0.6705027939
0.7142561514
0.7966594282
0.9281289035
7.1434539689
7.9860861616
3.9275847334
4.2743550366
6.9104016753
7.1104103529
3.8063964866
8.5053332966
10.9161740597
1.1687808112
0.9416771181
0.7876596322
0.6997481606
0.7005073192
0.7133469679
0.7938044984
1.8728421643
6.1932618516
5.6335343685
7.7440324141
8.8207231053
6.6106004188
5.1708129298
0.9004454202
0.7585920705
0.7859307146
0.8408359334
4.5822776024
10.4150956018
8.2294000353
0.9002016690
0.9445985270
0.6631768997
282.9648392080