355.1050870606
354.1256408025
358.8360624266
368.6242843363
383.8570592269
405.5030160178
517.8376502110
457.1155571823
467.9167245821
473.8696708934
521.0632314531
457.2281447856
449.9558844784
443.6628236433
443.4065502516
452.3566440127
473.2463977558
509.5994565600
566.4936931519
904.2098812105
1592.1048868659
1664.6428304345
1224.8281346909
1609.2039617766
2583.3902336312
1360.9462479591
473.9602765731
416.0166986328
382.0236156354
363.4148597535
242.7733347408
243.5338166528
248.7488612373
258.6026707915
274.3335888175
298.4306424768
867.8878604940
951.5146400046
528.1206724602
784.3205731091
886.4555737440
1488.9393435644
382.1826568683
376.6125876329
376.0279725126
384.1174471466
403.4429022508
436.7363823561
787.9894456206
3860.6632386881
2696.3739531326
1945.7326811161
2521.5085769576
3008.6587516628
2564.0471607455
376.5246056969
315.8412169971
279.3403281558
258.2972514809
247.1469198728
209.8008207591
211.2565680911
220.5413128079
238.5985572272
267.5626439214
524.3389108439
2395.5268965191
1043.4821977765
1395.0167011792
1505.1082670533
2288.7441895459
297.5759424086
1537.8051572502
2363.6206429035
3521.6824611102
2638.2046688874
2078.9119868197
2976.8427945752
2100.3562427677
2425.3252865829
335.0805842721
271.2981882202
235.2993689973
216.8520219271
197.1104169357
197.5974397471
205.2386581462
220.6660974350
246.1478293504
285.8676379681
2640.4413723655
2505.4895088786
963.9914288161
2279.6341124179
1987.2602769128
1701.8778871743
3430.4095198445
2494.0302189342
2408.6475117427
2107.5668854795
2695.5354974569
2637.4069506465
3583.6714442539
381.6325453974
304.8202000027
253.2605840598
221.8076046264
204.4552789682
197.9688404433
198.9164790694
211.5524923116
238.5931052581
285.9912727228
2616.9939622207
2900.9466291421
1411.8133534544
1533.3878756103
2522.0200847490
2601.3808021559
1353.4598481162
3129.3561044136
3999.9437905249
363.8115692506
286.2682147478
236.6668761258
209.3481452150
212.5069248958
216.6219425178
244.8260819460
649.8195210174
2302.5777346374
2077.6771989550
2889.4086951194
3302.0421978435
2451.4170558479
1903.7925256262
279.6208374041
231.6381753190
245.2366796604
266.0698657001
1696.0443620235
3945.3835768543
3102.6655859449
285.3928928591
305.2143323215
197.1104169357
3999.9437905249