0.7450421253
0.7300941505
0.7327292991
0.7498393365
0.7814019544
0.8296852890
1.3240969513
0.9967073590
0.9746379001
1.0443949047
1.2091496113
0.9188388235
0.8969722859
0.8807551106
0.8815110567
0.9064802381
0.9633955375
1.0641964814
1.2283313067
2.1356580476
5.0916724577
6.2147801509
4.4733304898
4.7600337596
13.7353890340
5.7837538781
1.2083599020
0.9895824756
0.8591770477
0.7842085502
0.4684918349
0.4693839887
0.4801781002
0.5010790048
0.5346720425
0.5860940122
1.8393155400
2.1296328869
1.2223771778
1.6832349435
2.0378904751
3.2530831381
0.7235685804
0.7063860882
0.7024634756
0.7185103978
0.7598341125
0.8335993662
1.5406993489
7.8891842911
5.6750332028
4.0311925433
5.3471856846
5.9319053361
5.8568710081
0.7819962121
0.6418107718
0.5557711929
0.5059014839
0.4793079339
0.4248116152
0.4315312561
0.4588598365
0.5074304658
0.5728285310
1.0432942630
4.5333248739
2.1046361438
2.6683829158
2.8974756767
4.3601450810
228.1827600586
2.7844450674
4.2635001595
6.4780453045
4.8745789581
3.8936272813
5.5146133050
3.8230987068
4.6194566909
0.6991066504
0.5616156983
0.4809716309
0.4394280810
0.4066912679
0.4107549006
0.4313784809
0.4676287819
0.5192460933
0.5899057493
4.6005744270
4.4455507495
1.7748408376
4.0072152823
3.5138378711
3.0102845315
5.9865575265
4.3595385224
4.1942322879
3.6901669998
4.7268553104
4.5594933813
6.2798500640
0.7735804675
0.6273628908
0.5234708384
0.4575775904
0.4209630609
0.4072641805
0.4111812473
0.4380005085
0.4886463199
0.5696286768
4.4024639449
4.9201539968
2.4192785996
2.6325938618
4.2583399833
4.3819138655
2.3440301732
5.2428480877
6.7276415945
0.7174594395
0.5777554230
0.4831437148
0.4291843800
0.4297901590
0.4376808722
0.4872128302
1.1527108029
3.8191971771
3.4729096844
4.7757865929
5.4405142611
4.0762698900
3.1878286390
0.5527365399
0.4654898440
0.4825087382
0.5163838305
2.8255026154
6.4267747237
5.0774691340
0.5528615558
0.5803933266
0.4066912679
228.1827600586