0.4052227087
0.3966182860
0.3976753788
0.4066455339
0.4234693218
0.4493488746
0.7240602423
0.5435302391
0.5273068836
0.5696566017
0.6586527872
0.4970175559
0.4854614905
0.4770482434
0.4777773134
0.4915379129
0.5225317634
0.5772537297
0.6662910647
1.1504429434
2.7928345972
3.4804558659
2.4891909927
2.5784946582
8.0025529965
3.2199053964
0.6627186849
0.5413554398
0.4689275892
0.4271813415
0.2535026355
0.2539231333
0.2596884061
0.2708991740
0.2889300539
0.3164958823
0.9782552147
1.1335280448
0.6577416464
0.8976623199
1.0883452597
1.7258261509
0.3902831800
0.3813549513
0.3794914546
0.3882536580
0.4104778045
0.4499825173
0.8247409905
4.1807852132
3.0111242016
2.1428017878
2.8358077018
3.1515281150
3.1042946749
0.4229218873
0.3473790969
0.3008611379
0.2738464452
0.2594094282
0.2306632787
0.2344397337
0.2495316507
0.2762402511
0.3117973951
0.5625812292
2.4173086602
1.1220020193
1.4246505442
1.5445086284
2.3210231039
283.9089578221
1.4944570872
2.2862212818
3.4599804121
2.6083293857
2.0839210807
2.9502225198
2.0575383168
2.4630185671
0.3787943291
0.3046528094
0.2610365460
0.2385398209
0.2212752493
0.2236129205
0.2350060757
0.2548879630
0.2829596306
0.3210974295
2.4899243043
2.3943396773
0.9556296433
2.1624852921
1.8944206551
1.6237850902
3.2295757565
2.3553780568
2.2707126391
1.9995866391
2.5565331914
2.4795816206
3.3912756582
0.4196214341
0.3405902991
0.2844226530
0.2487610430
0.2289462038
0.2218513360
0.2241038148
0.2388261019
0.2664393687
0.3104505311
2.4107409839
2.6815386816
1.3214716647
1.4348367923
2.3263791827
2.3975579144
1.2795363307
2.8766403663
3.6777100352
0.3902534958
0.3142856006
0.2629390227
0.2336824484
0.2343475018
0.2387607040
0.2658725466
0.6308355623
2.1062058909
1.9088851029
2.6328654369
3.0032252168
2.2473507715
1.7573283624
0.3012543694
0.2537174814
0.2633835730
0.2820564636
1.5598614217
3.5639685167
2.8147407091
0.3018352247
0.3172716423
0.2212752493
283.9089578221