3.6239313123
3.5560516884
3.5715625128
3.6560279406
3.8096336802
4.0433292206
6.3552501044
4.8349850069
4.7433920035
5.0625315742
5.8435894846
4.4838937215
4.3799952412
4.3023541545
4.3056801476
4.4249066311
4.6968794633
5.1779851235
5.9596044631
10.2987153661
24.1211290867
29.2605536162
21.0633034646
22.6663578125
63.9464655319
27.0362170085
5.7970569952
4.7694859237
4.1574169567
3.8062764899
2.2941593411
2.2987415330
2.3512702069
2.4528022886
2.6159023648
2.8655605326
8.9296907037
10.3025987665
5.9082822721
8.1679388189
9.8461466832
15.7576474398
3.5480077369
3.4666440680
3.4487195384
3.5271651307
3.7277819948
4.0848566230
7.5289037186
38.3855070262
27.5579103125
19.5998459245
25.9496100950
28.9456884967
28.2808504201
3.8064515264
3.1296127305
2.7147308977
2.4743254074
2.3461687141
2.0725142188
2.1038076942
2.2337808305
2.4659986282
2.7822927975
5.0926238188
22.1997539293
10.2549496751
13.0580910639
14.1696573129
21.3376531453
405.2291235115
13.6951045896
20.9746000125
31.8040777393
23.9282705922
19.0912204559
27.0622459738
18.8015430821
22.6092880508
3.4023287718
2.7350817909
2.3447440738
2.1437054957
1.9814401957
2.0000576426
2.0986616778
2.2735486169
2.5253148388
2.8737173601
22.7247690862
21.9117511246
8.7195209201
19.7729563710
17.3271562050
14.8445135372
29.5569581858
21.5232894854
20.7200366595
18.2227764353
23.3337070058
22.5494715063
30.9983584058
3.7736872210
3.0569140850
2.5499671812
2.2293798296
2.0513161597
1.9849095808
2.0032386360
2.1336213626
2.3823417157
2.7833352451
21.8452639048
24.3842375809
11.9805847391
13.0316118267
21.1175103733
21.7405084601
11.5960270400
26.0323858833
33.3755404478
3.5085479817
2.8200564043
2.3561408846
2.0923159383
2.0977612588
2.1364521333
2.3812004390
5.6911417429
18.9914491835
17.2516838315
23.7559705403
27.0769443207
20.2656467242
15.8379021946
2.7029435124
2.2731941796
2.3606572642
2.5293627281
14.0467385807
32.0358764983
25.2960424446
2.7084858192
2.8481257240
1.9814401957
405.2291235115