14.6446702645
14.3650982519
14.4255062629
14.7667597962
15.3894063345
16.3380443634
25.8129609066
19.5257714413
19.1822440681
20.4556152466
23.6633943776
18.1110231508
17.6847581089
17.3664301144
17.3786304791
17.8631498982
18.9701135355
20.9302210672
24.1182777475
41.8467827090
98.3854888402
118.7466157407
85.8148122364
92.5897260279
256.2361287689
110.9068619323
23.5282403727
19.3287864432
16.8271295466
15.3913077990
9.2520322866
9.2706559919
9.4835732266
9.8950343873
10.5560316088
11.5680574486
36.2412820988
41.8867679581
23.9995358165
33.1496403563
40.0419262082
64.0507109981
14.3077555973
13.9727080406
13.8967735303
14.2128237086
15.0253103306
16.4741361773
30.4324482655
155.6709641907
111.8534074670
79.4791795463
105.3580742282
117.1740661779
115.1310724868
15.3870868313
12.6408590412
10.9576125960
9.9824968673
9.4628378488
8.3645374133
8.4923819847
9.0204408578
9.9624430675
11.2418007064
20.5624007627
89.6677903660
41.5137313123
52.7513041913
57.2751284655
86.2427312154
681.4745767695
55.1726482240
84.5013050309
128.3019918836
96.5166771500
77.0401941958
109.1698273477
75.7227900324
91.3479289362
13.7489670719
11.0476018606
9.4664905560
8.6523164616
7.9980538713
8.0742217751
8.4738877841
9.1810087450
10.1958646849
11.5958941558
91.2942468385
88.1510128629
35.1235223269
79.4965463441
69.6916686767
59.7013473064
118.8176464275
86.5138208473
83.2404731633
73.2166771589
93.7785374679
90.5112682861
124.6092206402
15.2327291817
12.3431413064
10.2958774295
8.9999879003
8.2801197706
8.0094116502
8.0837052859
8.6093070828
9.6091950620
11.2172312790
87.5057292168
97.7651674696
48.0373246306
52.2741349853
84.6313853430
87.0985725675
46.5205211417
104.2352944766
133.7313452719
14.1438208966
11.3759473554
9.5068670649
8.4426503181
8.4590024653
8.6138842815
9.5953366523
22.8413788170
75.9639249801
69.0511636877
95.0152187388
108.2603332044
81.0709915359
63.3762494234
10.8930839663
9.1654002614
9.5095144807
10.1834985822
56.1849311396
127.9618233911
101.0684817321
10.9055731279
11.4587174992
7.9980538713
681.4745767695