0.1548619418
0.1513365981
0.1515365502
0.1547632267
0.1609655053
0.1705828199
0.2789442771
0.2067209860
0.1998550879
0.2169999474
0.2517164075
0.1881634351
0.1839182212
0.1809500343
0.1814334706
0.1867895037
0.1985972019
0.2193333550
0.2530774576
0.4340592217
1.0776401545
1.3536780728
0.9730717846
0.9891324859
3.1453428607
1.2738485220
0.2556906624
0.2082935162
0.1799557407
0.1635628196
0.0962262300
0.0963563206
0.0984945067
0.1026710349
0.1093866983
0.1196251963
0.3590575262
0.4195430518
0.2493505990
0.3323203957
0.4063842547
0.6323889832
0.1470124424
0.1438750200
0.1433673990
0.1467434856
0.1550283495
0.1696253330
0.3040715207
1.5084206578
1.0943040338
0.7797883732
1.0300515237
1.1361686440
1.1382181489
0.1598412049
0.1316026735
0.1141225866
0.1039381362
0.0984773741
0.0879337505
0.0894202730
0.0952469623
0.1054920152
0.1188972012
0.2094007395
0.8742585864
0.4091422820
0.5182458507
0.5608116269
0.8386324058
24.2365435613
0.5493165439
0.8377332517
1.2554161200
0.9524401761
0.7617333641
1.0754416235
0.7620680326
0.8914770425
0.1435909081
0.1158182428
0.0993902008
0.0908939420
0.0846345341
0.0855742658
0.0899771005
0.0975898902
0.1082078398
0.1224660905
0.9371899332
0.8874636075
0.3543251496
0.8070765682
0.7052488453
0.6055227085
1.2045870535
0.8830158753
0.8571162254
0.7574585266
0.9617982857
0.9509521059
1.2683592866
0.1595788779
0.1297261713
0.1085137374
0.0950214981
0.0875194877
0.0851150899
0.0860194640
0.0916951690
0.1022712764
0.1191153923
0.9475450538
1.0355284742
0.5147374529
0.5544080562
0.9073152624
0.9407353692
0.4976170160
1.1413398733
1.4379749120
0.1497217130
0.1204318547
0.1007781144
0.0896100745
0.0902493994
0.0920022967
0.1025738957
0.2470663857
0.8521331350
0.7621108026
1.0641687501
1.2204580306
0.9087565467
0.7102440023
0.1161934709
0.0977155734
0.1019711810
0.1094359434
0.6338370908
1.4755846787
1.1639340120
0.1171363937
0.1237163307
0.0846345341
24.2365435613