0.9834277640
0.9635775607
0.9669921948
0.9895518086
1.0312203233
1.0949952916
1.7501415704
1.3161342641
1.2864872173
1.3792975884
1.5972614189
1.2125001005
1.1835582191
1.1621085573
1.1631107503
1.1961297532
1.2713942787
1.4047120384
1.6218458511
2.8218578753
6.7402425754
8.2312279378
5.9244677080
6.2973080706
18.2119068240
7.6618580291
1.5970502000
1.3073310875
1.1346314500
1.0353318224
0.6180157119
0.6191872305
0.6334368154
0.6610331926
0.7053896886
0.7732874259
2.4286969569
2.8131184452
1.6148570735
2.2226398426
2.6923414098
4.2966205522
0.9543760995
0.9316251480
0.9264107342
0.9475820150
1.0021456928
1.0995767134
2.0329061601
10.4145492430
7.4934676246
5.3221112650
7.0611106792
7.8285804978
7.7381886000
1.0322376016
0.8470310714
0.7333458680
0.6674508901
0.6323107581
0.5606179387
0.5695294546
0.6056931743
0.6699304335
0.7563169137
1.3767943628
5.9804154532
2.7779601862
3.5205126903
3.8228639689
5.7523359864
253.3539320378
3.6714777863
5.6214051601
8.5434124814
6.4287465059
5.1356270932
7.2731595305
5.0410775732
6.0940644233
0.9228526544
0.7413006814
0.6347838099
0.5799107896
0.5367800931
0.5421776942
0.5694531945
0.6173500464
0.6854708800
0.7786127497
6.0633258217
5.8602843354
2.3405493021
5.2819377308
4.6318838422
3.9680409932
7.8902463504
5.7458754677
5.5275500850
4.8635375065
6.2297215141
6.0081223357
8.2773962681
1.0209062421
0.8280388008
0.6909325223
0.6039458316
0.5556080525
0.5375152536
0.5427065700
0.5781127971
0.6449017884
0.7516012574
5.7992253174
6.4822672168
3.1874483057
3.4686706997
5.6097146037
5.7722115815
3.0885741330
6.9055570383
8.8619797250
0.9465850930
0.7624187887
0.6376259534
0.5664309830
0.5671556346
0.5775621717
0.6428381075
1.5191727703
5.0295603553
4.5741508856
6.2890676607
7.1642687699
5.3683900358
4.1987004444
0.7292540378
0.6142330007
0.6365608374
0.6811638645
3.7211621409
8.4612774976
6.6851237979
0.7292719051
0.7654473534
0.5367800931
253.3539320378