179.0656593272
176.7179133004
178.0619778558
182.5259263956
190.1829436864
201.5608087082
296.3809558930
234.3256595426
235.2962882819
244.9101326277
279.3417668594
224.8279821841
220.1309538832
216.4680098144
216.5041432048
221.9199469203
234.3845443563
256.3482898951
291.6846452653
493.1473553729
1059.6620546015
1198.9455754651
886.9550085018
1024.8371067676
2280.4418832996
1119.4546645596
269.9780839882
226.6768331466
200.9778578809
186.3948542285
116.4855098066
116.7791165565
119.4020316755
124.4220012101
132.4648645359
144.7818575060
442.1279299016
502.7001306200
285.4050440090
403.0726291431
476.9268621380
774.1189364251
181.3968997973
177.7338111873
177.0207723592
180.9593633981
190.8292339246
208.2251423458
381.1841784114
1920.5679233471
1367.0861742093
976.1005809164
1284.2141062395
1462.4441653597
1372.0728072480
188.7057474425
156.2087441104
136.4301366939
124.9961747948
118.9184350691
103.4565298944
104.7144926997
110.5063531245
121.1067888017
136.3148549328
255.6571797443
1135.0425256288
513.9244445493
665.2079427011
720.8033473775
1089.4008219394
1421.8789087245
710.0905088234
1089.0433159341
1641.3855280129
1232.9686973669
979.3214767214
1393.1214618251
972.9198346043
1153.8629443804
168.2890117420
135.5794349457
116.6886213427
106.9826519112
98.2409221716
98.9151076449
103.4050662930
111.6986389317
124.2124635496
142.3132923191
1192.6411407037
1143.1601908131
449.1274726622
1034.8287310098
905.1707948007
775.3433804894
1551.1145982827
1128.8806374873
1088.0023765373
955.0599385856
1222.3859340528
1186.8379653779
1624.3399787926
188.3377371322
151.7780327650
126.4008336335
110.5579616822
101.7812297018
98.4713616712
99.2108219604
105.5897407299
118.2830391652
139.4284379152
1160.1326002652
1291.4318066834
632.1599517802
687.2774252251
1120.2951708583
1154.2238879033
609.8134589721
1384.7447931974
1773.1842519593
176.6041297683
140.8517688006
117.2174204687
103.9307428431
104.6291701564
106.5715571041
119.3486037271
296.6184495822
1013.5772457500
918.2108568375
1269.5391838564
1448.5558787139
1080.7046355609
842.5107918070
135.8832606356
113.6393457727
118.8050184983
127.8506685005
748.4721804393
1720.7889919675
1356.6154725860
137.0438486454
144.9783110210
98.2409221716
2280.4418832996