77.2982223987
75.9145745468
76.2911045020
78.1281650127
81.4352950458
86.4485623938
134.8765732844
102.5682064831
101.4490323463
107.4701572711
124.1698094888
95.9444774322
93.7065028658
92.0182368804
92.0590948654
94.5756984252
100.3497229371
110.5759754282
127.1898010143
220.4041902199
509.3984134728
602.6364230916
439.6753304366
483.2146491585
1249.0215518892
567.1696040697
122.7866015294
101.2514838781
88.4330058376
81.0918703180
49.1098523269
49.2164935160
50.3476090619
52.5272362977
56.0263309574
61.3853929243
192.3853650500
221.9279107590
126.6770796796
175.8182027782
211.7869146814
339.8819917003
76.0836662043
74.3195025249
73.9183489748
75.5892450341
79.8854711597
87.5422696028
161.8100406794
828.0094932987
594.1336579395
422.1996794148
559.4815966201
623.6547996738
609.9622342828
81.3566959591
66.8990088378
58.0549137100
52.9360172941
50.2109674073
44.2342425449
44.8838831858
47.6164906281
52.5122923843
59.2293736221
108.9550081113
477.6578192132
220.5065766721
280.7772818685
304.9241478070
459.5319774126
1177.2171069188
294.2069500781
450.7676383848
684.2798519705
514.4826486364
410.3335328883
581.8074391617
403.4355561406
486.5078122459
72.6332388817
58.3673056483
50.0405864342
45.7561291085
42.2267745005
42.6057598783
44.6795156124
48.3770127413
53.7323000198
61.1855631678
487.0117627383
470.1689266936
186.9422020559
424.1147638228
371.7527707602
318.4360494033
634.2410772716
461.6598031037
444.1376757226
390.4848395192
500.2326176597
482.7754091427
664.8885229444
80.5688855830
65.2169606156
54.3743226234
47.5272410961
43.7254074756
42.2790660266
42.6532866615
45.4147777059
50.7130762622
59.2890042350
466.9665490373
521.8124413539
256.1520439440
278.8130781982
451.7203691013
464.8527319854
247.9667402555
556.2863153401
713.8776378734
74.8748860288
60.1407197130
50.2197260726
44.5807396382
44.6838963716
45.4967839202
50.7157098642
121.4849882303
405.3694649909
368.4537522479
507.1779082271
577.9095994342
432.5635957408
338.0220459228
57.6293872194
48.4399196868
50.3006959622
53.8973915638
299.6929623443
683.1583376793
539.4512928523
57.7404238040
60.7169091726
42.2267745005
1249.0215518892