139.5449048256
137.3489494048
138.2017363957
141.6047201179
147.5942298112
156.5923135127
238.1739173270
183.9001213058
183.4094926707
192.5788542315
221.4210748829
174.1840550347
170.2762237020
167.2817672741
167.3175315564
171.7176216100
181.8476750622
199.7635889830
228.7658484176
393.0895431445
879.8738481670
1017.1110299005
748.4866285699
843.4916107793
2015.1262553366
957.9714891750
216.7221993806
180.0877064111
158.3108816629
145.8889363455
89.6023513131
89.8139925874
91.8633836488
95.7983773043
102.1093569833
111.7765354411
347.5005830526
398.5909541818
226.6741018357
317.1621356811
379.3437077510
612.0211269315
139.1778502069
136.1022524074
135.4311503494
138.4670568299
146.2103784657
159.9585909965
294.8358188644
1501.6118573309
1073.9474950265
764.3266350148
1010.3699999416
1135.3665517414
1093.1746504515
147.0817132492
121.2605504079
105.5065227687
96.3957836264
91.5505565572
80.1884252850
81.2745546752
86.0203163162
94.6009321098
106.6097456978
197.9405255950
873.7060387573
400.2553420227
512.8815612110
556.6540078209
840.0282571750
1375.1116677656
541.1186660809
829.5126987882
1256.2229683394
943.9333133348
751.5531937307
1067.0617468161
741.5149222094
889.2320688609
131.2076186015
105.5272445774
90.6096747422
82.9401232333
76.3554177494
76.9662381021
80.5975311734
87.1729290533
96.8708103168
110.6032484614
900.2144904818
866.9794933705
343.0213797502
783.0321722272
685.8536800684
587.4444655930
1172.1941640767
853.0124557431
821.0552862492
721.3199384602
923.9133773840
893.3678721601
1228.1076569719
146.0465886787
117.9873961489
98.3120365398
85.9474649471
79.0882848923
76.4704756805
77.0971699208
82.0668692915
91.7592032004
107.6489270541
867.3304764629
968.0979663846
474.5469365417
516.4004908173
838.5991585875
863.2867144586
458.7435155669
1033.9219651191
1326.0753361589
136.1770492804
109.0557957295
90.9296094151
80.6722637035
80.9884818607
82.4668719020
92.0981286267
223.9798251091
754.4630277548
685.0146495495
944.4519717207
1076.6462873505
804.8606993039
628.3172524045
104.7670476996
87.8724913319
91.4862556915
98.1949169119
557.4395377717
1274.8807100567
1006.0352703442
105.2338311887
110.9192727235
76.3554177494
2015.1262553366