1.0693151151
1.0481735753
1.0518315860
1.0758976832
1.1203095166
1.1882068898
1.8814513913
1.4293147897
1.3921114384
1.4968518722
1.7235571874
1.3163473480
1.2867127850
1.2649310128
1.2667268920
1.3022844879
1.3824411856
1.5237668955
1.7531002227
3.0050101054
7.1526842150
8.8456699668
6.3349496519
6.6314011928
20.0715821515
8.1399276122
1.7226046973
1.4142653660
1.2303772038
1.1246095835
0.6739138093
0.6751067270
0.6903295340
0.7198700545
0.7673545878
0.8399508703
2.5768163341
2.9720314923
1.7209744268
2.3622777565
2.8479209941
4.5333108639
1.0393650962
1.0165365900
1.0119845713
1.0352260748
1.0937491623
1.1974421263
2.1890828550
11.0468578030
7.9354243395
5.6557374465
7.4684239751
8.3565963488
8.1237933318
1.1167273084
0.9190725697
0.7975395349
0.7269851359
0.6892953972
0.6105173349
0.6200341731
0.6588924710
0.7280505319
0.8212823125
1.4911074047
6.4358902217
2.9688510666
3.7891836398
4.1051773595
6.1752548270
486.2888315387
3.9973478546
6.1175287850
9.2388089597
6.9620335823
5.5548441702
7.8727189760
5.5012461151
6.5536849864
0.9998549064
0.8047343401
0.6903098251
0.6313151028
0.5847107126
0.5905087530
0.6200093592
0.6719938701
0.7462873636
0.8484710091
6.6879597004
6.4184480786
2.5519336631
5.8027735624
5.0799895722
4.3542024194
8.6726273143
6.3240050903
6.0992164872
5.3680020936
6.8621959191
6.6655388669
9.1033514914
1.1105286390
0.9001496361
0.7514305136
0.6573345700
0.6050856457
0.5864004801
0.5921115189
0.6309276909
0.7045514077
0.8229864459
6.4989836308
7.2230435192
3.5555664146
3.8598624429
6.2692873985
6.4626716798
3.4388121436
7.7583302089
9.9155307348
1.0354696883
0.8321302138
0.6954664463
0.6178555934
0.6203855935
0.6321311275
0.7048858071
1.6912741713
5.6858761094
5.1493749812
7.1103226778
8.1130672482
6.0652223871
4.7392202428
0.7991678506
0.6720480751
0.6990172331
0.7495333077
4.2089174333
9.6385177466
7.6085017763
0.8022271835
0.8447398470
0.5847107126
486.2888315387