64.9186802777
65.1661697298
65.9304851221
67.1835094088
68.9594955167
71.3094984990
74.8084041538
76.6663550265
78.4135556194
79.4308934086
80.6140693253
80.6612720449
81.1603474461
81.6491844221
82.4220131136
83.7515113241
85.8022583209
88.5931919391
91.9524672935
102.7060243995
114.8038366293
113.5435472590
101.2563610163
106.6411806695
120.7143059908
84.0676223317
72.2740102277
68.6172124153
66.4240319150
65.2818467520
46.1894926691
46.2596578348
46.9225493407
48.2030398737
50.2258049783
53.2119830760
85.8770863828
84.5884938523
66.5063751093
84.9617443565
84.8812319308
121.1077350540
70.3435364452
71.3801098415
72.5457195625
74.2702633273
76.8190030492
80.2389956107
112.6497478521
351.8614833799
238.5428690986
192.3028715558
211.4133528450
326.3720337576
160.3281652598
61.6810788093
54.9539825320
50.7336904352
48.1877942332
46.7769513253
39.0664951891
39.1279157487
40.2384999617
42.5949626583
46.7465896903
82.9331573990
316.6624768583
119.7329821297
188.0386028109
193.3803722133
288.6731976128
14.8034466147
262.3810624007
397.3751070185
519.9583694622
406.5468327558
313.4558452439
451.6601698948
377.4557249499
316.9913505191
56.4432135071
47.6078723463
42.7009267142
40.1325097436
36.9356321317
36.9174680496
38.0611240661
40.6083656323
45.1980933455
52.9181166258
563.4107209920
473.2762179912
170.4784051562
455.5645026371
386.8407464446
334.7815858018
689.6997262596
515.4397055563
520.5005336570
460.6623257673
566.8933216048
624.5450048316
729.9647785363
69.4981989290
54.9902499675
46.1129985222
40.9701110046
38.1688710338
38.2194700867
38.4166459360
40.9791309141
46.8512630019
57.9588222955
709.6683114143
723.9982370515
362.3877606612
378.8129665677
659.0094902809
698.2162830394
341.3515391861
881.6773855806
1060.7430883413
73.6022616867
55.7935251794
45.5891464426
40.3449762437
43.0861478994
44.2653344862
51.4124728922
166.1971587246
701.8478963925
600.6775174989
879.1312723324
1025.2746662697
744.1300830963
574.3592500213
58.5775561055
47.2266647685
53.0895941716
59.2968028234
523.2588273282
1309.4907359982
1023.1733354862
63.5685230948
71.2235085427
14.8034466147
1309.4907359982