13.3644697368
13.1174184393
13.1741346224
13.4820434108
14.0416470671
14.8924063027
23.2740511427
17.7819992401
17.4417177896
18.6188547308
21.4231094061
16.5195808704
16.1502537542
15.8755254602
15.8930925710
16.3300372224
17.3199723264
19.0660745463
21.8964242403
37.5074396455
87.5922488939
106.3210961412
76.7123188473
81.9966625753
232.6760584036
98.4639640849
21.2729712761
17.5343409060
15.3066561048
14.0283484475
8.4738162614
8.4903001979
8.6820650871
9.0530071525
9.6488404668
10.5602012696
32.4507674234
37.3530560372
21.5318281355
29.7162966418
35.7252621161
57.0801307201
13.0957113770
12.8100298926
12.7523760459
13.0432238493
13.7766164715
15.0757905443
27.5945394020
139.4298415174
100.0130145469
71.2712738488
94.1026283147
105.5135859221
102.1358690361
13.9881477834
11.5223277743
10.0095108480
9.1321593691
8.6640463805
7.6464361325
7.7605144451
8.2358167890
9.0858200223
10.2448627081
18.7204634205
81.3039106502
37.4003135020
47.8265998900
51.8333257042
78.0422991116
489.1317077143
50.5185070464
77.3495664504
116.8340858996
87.9808835044
70.1439543228
99.4713099994
69.4517704280
82.7742912191
12.5119166402
10.0702786125
8.6426739880
7.9072058718
7.3103665925
7.3783840752
7.7402954322
8.3834590526
9.3118954389
10.6011779527
84.4996122008
81.1140573675
32.1858126617
73.3384699889
64.2031593218
55.0224037572
109.6720691822
79.9377744797
77.0732630715
67.7988727397
86.6993537431
84.1746606513
115.0621899072
13.9122955376
11.2645104247
9.3985794153
8.2208063504
7.5670600292
7.3296920640
7.3975887799
7.8801604110
8.8038735029
10.2997716609
82.0654048591
91.2605190352
44.8731904745
48.7342267770
79.1937004345
81.6229898822
43.3851878711
97.9629613298
125.2664519194
12.9806958165
10.4177488733
8.6997848051
7.7257202227
7.7594900408
7.9051881603
8.8208655584
21.2914411352
71.7592200335
65.0012629992
89.7655511315
102.4205669590
76.5433615959
59.7870857189
10.0108864568
8.4101020858
8.7539417879
9.3915680449
53.0937550580
121.6532567687
96.0107923100
10.0557601736
10.5959060363
7.3103665925
489.1317077143