86.3084955594
84.7749492556
85.2025235987
87.2581878971
90.9534204090
96.5518990927
150.4325470401
114.4612852364
113.2996648467
119.9317517734
138.5547418442
107.1716144244
104.6741600060
102.7880505892
102.8307238153
105.6356280337
112.0742590772
123.4779131509
142.0023043967
246.0530715585
567.5531230909
669.8460462143
489.2280524591
538.8721226631
1382.5120762646
631.0363130453
136.9261708278
112.9586562146
98.6936503341
90.5261398112
54.8685942693
54.9886795634
56.2525415119
58.6872175382
62.5954711065
68.5813916882
214.9470333859
247.8987465638
141.4503693628
196.4150277693
236.5393859241
379.7212855075
85.0220009704
83.0526972685
82.6046822442
84.4706426085
89.2686217193
97.8192102199
180.8140309540
925.2876675112
663.8571050213
471.7288380340
625.0990161018
696.9517063380
681.3564102757
90.8579350689
74.7195070006
64.8494023845
59.1372076196
56.0966645659
49.4009480006
50.1230529856
53.1672145471
58.6240758303
66.1199645655
121.7076528778
533.8683405688
246.3776337686
313.7846555412
340.7881458901
513.6296906402
1226.6242490499
328.8539067762
503.8766669872
764.9052736434
575.0611455430
458.6278835299
650.3155118134
450.9281759581
543.7301867764
81.1079078154
65.1781133759
55.8830433337
51.1006930955
47.1505047246
47.5707075825
49.8816548748
54.0058272418
59.9854574084
68.3160251662
544.4146739767
525.5641287596
208.9312838180
474.0995330237
415.5843932551
355.9602147176
709.0422313322
516.0698321705
496.4904780880
436.4758531753
559.1802914236
539.6703585306
743.2455014283
89.9815456360
72.8277089346
60.7166080050
53.0704604917
48.8251253995
47.2080443799
47.6236098427
50.7054314862
56.6240913360
66.2110250726
522.0245162484
583.3721566041
286.3228647144
311.6744914906
504.9874662632
519.6810091468
277.1698355498
621.9021040583
798.1215632967
83.6307792311
67.1634367057
56.0790083713
49.7799336995
49.8972326381
50.8042998387
56.6364783100
135.7663950557
453.1612536793
411.9058093238
567.0066212621
646.0686392867
483.5831282720
377.8586379962
64.3640403057
54.0945526481
56.1777589588
60.1986046297
335.0193887366
763.7517443035
603.0742318588
64.4935876985
67.8240417459
47.1505047246
1382.5120762646