0.6676933448
0.6540692507
0.6560226876
0.6707610154
0.6982054637
0.7402908959
1.1787063628
0.8923852325
0.8669509666
0.9351289900
1.0763436699
0.8196370724
0.8014253810
0.7881721037
0.7895645449
0.8119275097
0.8620291028
0.9502169964
1.0932502356
1.8668552576
4.4868244135
5.5802944708
4.0009541579
4.1336113662
12.7849252768
5.1563849348
1.0805740529
0.8859061193
0.7697290864
0.7028100051
0.4195692464
0.4202660195
0.4296870161
0.4480052886
0.4774615635
0.5224682240
1.5903229043
1.8345586363
1.0687360850
1.4599970885
1.7612819624
2.7936017395
0.6462100591
0.6323032431
0.6296779053
0.6442117671
0.6805418400
0.7447745518
1.3562075828
6.8090221842
4.8928277322
3.4906164494
4.6035208754
5.1592793801
5.0029798894
0.6950199654
0.5722356802
0.4966174376
0.4526785924
0.4291836227
0.3806860854
0.3867378884
0.4111904458
0.4546018959
0.5127600798
0.9270836575
3.9817155234
1.8350023956
2.3450705958
2.5387137991
3.8169111851
133.8786042193
2.4813119469
3.7961347768
5.7219818721
4.3151475502
3.4430867752
4.8795090497
3.4189861569
4.0546746957
0.6227935299
0.5015246546
0.4303195095
0.3935935341
0.3649182451
0.3686493799
0.3872085821
0.4197812452
0.4661203215
0.5296107390
4.1670995970
3.9907111630
1.5859779142
3.6109607139
3.1597791189
2.7090525434
5.3964612897
3.9373778377
3.8007315517
3.3460881824
4.2743643107
4.1610149230
5.6668070932
0.6921261170
0.5611920871
0.4686415150
0.4100659094
0.3775490299
0.3661532470
0.3698205861
0.3941480182
0.4401261123
0.5139752793
4.0676763351
4.5130048369
2.2232473564
2.4115266578
3.9206388232
4.0438031703
2.1496210530
4.8593278621
6.2027162605
0.6461288576
0.5192449445
0.4340513889
0.3857001867
0.3875216700
0.3949461778
0.4404609474
1.0581824403
3.5677853283
3.2272569169
4.4610524113
5.0925212513
3.8053484679
2.9731770752
0.4990854240
0.4197126149
0.4368276987
0.4685224299
2.6418760226
6.0595269843
4.7826414711
0.5013480453
0.5281899825
0.3649182451
133.8786042193