2.9931370616
2.9350361695
2.9452474716
3.0116902234
3.1341594384
3.3212031267
5.2230167856
3.9840604620
3.8835271959
4.1738721043
4.7899408553
3.6808802729
3.6017921745
3.5440751263
3.5505908796
3.6493639397
3.8700975057
4.2578226448
4.8851209260
8.2791872961
19.6327243798
24.2341716972
17.4465348091
18.1336174263
54.7444132883
22.4207606013
4.7898523064
3.9420765210
3.4362626328
3.1452624444
1.8904126372
1.8936609598
1.9357507884
2.0174952056
2.1488812601
2.3495631396
7.0776812182
8.1388822590
4.7500617546
6.4993290018
7.8106606259
12.3983505671
2.9134721884
2.8536092986
2.8432253539
2.9087177332
3.0707519901
3.3561014823
6.0822983300
30.3354856561
21.7631759089
15.5516214432
20.4593279654
23.0603177664
22.1265403383
3.1120078083
2.5672985177
2.2320231390
2.0371850410
1.9329955576
1.7098153571
1.7360433907
1.8435828829
2.0352134297
2.2939908503
4.1584145182
17.8727387597
8.1947981688
10.5213719719
11.3802849690
17.1179991768
208.7099917555
11.2042121433
17.1417576787
25.7618418297
19.4337192013
15.4893244784
21.9673508431
15.4453881429
18.1919807712
2.7887865355
2.2478917195
1.9309673385
1.7675285186
1.6373562823
1.6533660328
1.7353817015
1.8802938657
2.0881787835
2.3754888906
18.9300534859
18.0701111823
7.1567120219
16.3755666776
14.3179298688
12.2771109959
24.4877744898
17.8731087906
17.2711019837
15.2024081657
19.4050921975
18.9499518780
25.7141274960
3.1074047361
2.5170455211
2.1016834044
1.8395457307
1.6941182591
1.6438275066
1.6598572588
1.7689341833
1.9767860002
2.3131242748
18.6118483093
20.6009809209
10.1470608850
10.9965195950
17.9200730433
18.4970247441
9.8007249014
22.2611646479
28.3679806304
2.9099740011
2.3340187107
1.9494386159
1.7318702097
1.7426907319
1.7763702454
1.9836262263
4.8177569167
16.3864299425
14.7952982128
20.4938039316
23.4121680825
17.4726765677
13.6429669966
2.2485995056
1.8883303891
1.9696452089
2.1152938154
12.1335456579
27.9310271581
22.0339935343
2.2638188815
2.3896859844
1.6373562823
208.7099917555