16.6745785576
16.3565352109
16.4255040226
16.8141910960
17.5232421943
18.6034426974
29.3863775236
22.2283234415
21.8419202433
23.2868746485
26.9390487800
20.6226368803
20.1372614546
19.7747208938
19.7885026656
20.3400527278
21.6002764345
23.8317887530
27.4612289943
47.6477133091
111.9897953309
135.0669531703
97.6565066331
105.4125018678
291.0482095853
126.2333169754
26.7854367414
22.0057229294
19.1584263467
17.5242740084
10.5351944949
10.5564473349
10.7989215861
11.2674652408
12.0201510162
13.1725694186
41.2722599810
47.7010473113
27.3273587218
37.7506336031
45.5979956332
72.9418265914
16.2927683282
15.9112133409
15.8247048119
16.1845604872
17.1097223791
18.7594869845
34.6551381812
177.2886939296
127.3809806187
90.5111943844
119.9843122425
133.4402962534
131.1126054721
17.5201171784
14.3933362926
12.4769254307
11.3667662088
10.7751600357
9.5238520400
9.6693228394
10.2703426075
11.3425610901
12.7989986808
23.4131941516
102.1153963771
47.2746165937
60.0721561997
65.2256428654
98.2145065506
718.4807069318
62.8301025998
96.2298926760
146.1151951343
109.9140030525
87.7341653523
124.3211723389
86.2304962247
104.0285103211
15.6544382180
12.5786259463
10.7784592823
9.8515118919
9.1062179620
9.1928484008
9.6477383432
10.4526617646
11.6080472843
13.2021709030
103.9593909313
100.3836748242
39.9963186732
90.5274651243
79.3628675875
67.9857562009
135.3074055670
98.5178428546
94.7922667156
83.3749881533
106.7921317928
103.0692471574
141.9022338345
17.3440398088
14.0536431121
11.7225271066
10.2470305849
9.4274038252
9.1190513597
9.2035545743
9.8018899684
10.9403093840
12.7713423458
99.6446084387
111.3271269247
54.7006503563
59.5252441348
96.3724887175
99.1811314719
52.9742199677
118.6925165616
152.2872226197
16.1042336231
12.9524060464
10.8241377909
9.6123795058
9.6309848979
9.8072730513
10.9247664486
26.0076751552
86.4987276260
78.6282564139
108.1948379467
123.2756993791
92.3135486699
72.1652287847
12.4026624928
10.4353642911
10.8272259997
11.5946572278
63.9776702062
145.7079476802
115.0835246913
12.4169428174
13.0468300125
9.1062179620
718.4807069318