15.9043020278
15.6008646061
15.6665852332
16.0372677785
16.7135209150
17.7437814998
28.0303750249
21.2029204420
20.8325908073
22.2125476154
25.6960273955
19.6695326008
19.2066190924
18.8608864031
18.8740865931
19.4002039133
20.6022574305
22.7307490475
26.1926434629
45.4460637121
106.8236471616
128.8776554554
93.1603583322
100.5466989022
277.8878093307
120.4174187416
25.5492405557
20.9898134645
18.2737327867
16.7148730389
10.0483161018
10.0685686918
10.2998230311
10.7467002450
11.4645850810
12.5637146725
39.3627234714
45.4937055902
26.0642658503
36.0035696077
43.4883046341
69.5659120239
15.5395460543
15.1756750847
15.0931998041
15.4364351145
16.3188241906
17.8923026778
33.0524651744
169.0792280325
121.4858898752
86.3240356710
114.4308759659
127.2640060023
125.0449855537
16.7106829848
13.7283433286
11.9004272459
10.8415196518
10.2772171396
9.0839787498
9.2227618531
9.7961012270
10.8189207857
12.2081820812
22.3313438573
97.3898762466
45.0878954807
57.2933858348
62.2073796690
93.6708648670
709.5147263661
59.9260467219
91.7806982234
139.3537269430
104.8292770384
83.6754499411
118.5712109448
82.2432609426
99.2145379755
14.9313958854
11.9976924738
10.2806576566
9.3965055798
8.6857652565
8.7684274700
9.2023686712
9.9701935022
11.0722754622
12.5927796176
99.1551122819
95.7435270014
38.1480105642
86.3427169843
75.6938140287
64.8433234177
129.0509122805
93.9633556469
90.4096005022
79.5204489559
101.8554765404
98.3051564821
135.3413964570
16.5429316676
13.4046228327
11.1812202371
9.7738791159
8.9921067987
8.6980532546
8.7786866551
9.3494352286
10.4353124992
12.1817686323
95.0401088849
106.1835608975
52.1738759612
56.7747757104
91.9195291117
94.5994198359
50.5263224692
113.2086575902
145.2480127148
15.3604421633
12.3542830853
10.3243564308
9.1685804249
9.1863521178
9.3545271970
10.4204275085
24.8058598011
82.5042648029
74.9971776801
103.1967489697
117.5805785769
88.0494143024
68.8322751612
11.8299492452
9.9535552196
10.3273310110
11.0593321854
61.0223696570
138.9780279342
109.7687775323
11.8435838652
12.4443906739
8.6857652565
709.5147263661