267.1932183679
264.3809850344
266.7585025584
273.5714439410
284.9686279810
301.7188688469
428.8745904118
347.0932555596
351.1534700579
362.0261390791
410.1136523518
337.4548193993
330.8803568468
325.6519642915
325.6770598487
333.4175363807
351.2430118661
382.5402811156
432.5726991974
720.2887827630
1476.6330068390
1633.5129557479
1214.2674712206
1449.3105656286
2936.1923669766
1512.3878987324
391.0168910668
331.8017612590
296.7247526540
276.9432439370
176.0103074137
176.4829266331
180.3902796720
187.8428243163
199.7705501994
218.0356259624
655.0530826473
738.6791027739
418.6464826031
596.5777706217
698.6922227535
1140.7139065357
274.7808601821
269.7038141601
268.8420915610
274.7774293470
289.4133161816
315.0312327493
573.1528404318
2859.4724695174
2026.3065260613
1451.0485716115
1900.6968079837
2191.5036946832
2006.6998456964
281.5710860095
233.9826462115
205.0974876388
188.4075993513
179.5417824003
155.1472628164
156.8096349612
164.9854105938
180.1603415019
202.5379731452
383.7816460726
1714.1188086164
767.7882839046
1003.1141886651
1085.4197442223
1642.7944744625
1481.1644189874
1082.2796542106
1660.5821136251
2492.0029426490
1871.4328558506
1483.0819621747
2113.4478630884
1482.5706939440
1740.6873961541
250.9888966163
202.5236676380
174.6976399220
160.4091101384
146.9169360138
147.7482640907
154.1777282549
166.3178790119
185.0782181474
212.7916598120
1833.2809125638
1749.7789099933
683.0638370961
1587.2537656698
1386.6600496741
1187.8715619467
2381.9409561603
1733.6608545794
1672.7785297711
1467.3261945462
1876.7688583385
1828.8990099242
2493.2458016985
282.3357221562
226.9819862601
188.9264213905
165.3193153736
152.2562194362
147.3750206157
148.3711508196
157.8748991436
177.1745564502
209.8196297032
1798.6589701937
1997.3980415545
976.5262920419
1060.8313109662
1734.9764224132
1788.8258036218
940.1943707550
2149.3761397862
2748.3409512953
266.1513832540
211.4381546148
175.6329320741
155.6259306643
157.0814792993
160.0349084991
179.6944937039
455.7204438838
1577.5157920854
1426.2807431162
1976.9510137726
2257.5037591450
1681.2224200327
1309.0941415774
204.7893833258
170.7854480590
179.2485569852
193.3688487524
1164.2997527011
2689.3536850687
2118.4068174938
207.3260795441
220.0809609334
146.9169360138
2936.1923669766