1.1772603172
1.1532546419
1.1572048081
1.1841447817
1.2340165369
1.3104128835
2.0995578274
1.5766599098
1.5398812576
1.6526144203
1.9143714844
1.4507183732
1.4159564793
1.3902284210
1.3914546385
1.4310978479
1.5214408702
1.6814908508
1.9422482888
3.3821820757
8.1022503533
9.9135441419
7.1313666548
7.5625554405
21.9796464859
9.2255787033
1.9158440663
1.5671966446
1.3593490149
1.2398030573
0.7390621521
0.7404491149
0.7575024692
0.7905403972
0.8436486093
0.9249426063
2.9075763566
3.3696914199
1.9349241420
2.6612498206
3.2257944408
5.1454578394
1.1410226821
1.1136900229
1.1073984562
1.1327249071
1.1980569074
1.3147626085
2.4316231598
12.4634876830
8.9705632520
6.3703066794
8.4537152879
9.3652755264
9.2711238264
1.2355677668
1.0136101848
0.8773334093
0.7983381144
0.7562082319
0.6708465837
0.6815824866
0.7250229838
0.8021251170
0.9056259949
1.6471703746
7.1505782850
3.3240077562
4.2098515713
4.5717579746
6.8784819109
282.0053730716
4.3871047123
6.7171237544
10.2111896906
7.6842242924
6.1396959365
8.6936847207
6.0241602350
7.2872351656
1.1047147489
0.8873034934
0.7596890886
0.6939419179
0.6424758414
0.6489941220
0.6817331930
0.7391456123
0.8206598935
0.9319225933
7.2412437816
7.0007592391
2.7973181353
6.3090240281
5.5328053498
4.7399377253
9.4234194803
6.8625126985
6.6012390349
5.8085737905
7.4409545863
7.1742042557
9.8861914716
1.2216564266
0.9910538821
0.8270013674
0.7228677005
0.6649953897
0.6433327402
0.6495834844
0.6919750513
0.7718147330
0.8991980349
6.9218029810
7.7380239985
3.8055356959
4.1414467116
6.6959971925
6.8895726409
3.6880482431
8.2414186372
10.5773067609
1.1323179389
0.9122892740
0.7630778987
0.6779121840
0.6786617261
0.6911054689
0.7690650264
1.8146455008
6.0014525156
5.4588487663
7.5039863015
8.5474595337
6.4057268032
5.0105548286
0.8723686826
0.7349337999
0.7614391153
0.8146459150
4.4403010499
10.0927906766
7.9747255497
0.8721551939
0.9151894008
0.6424758414
282.0053730716