314.6883643802
314.5136901514
318.8588289339
327.3002153985
340.1716939015
358.2403715299
437.0868934584
400.5245139191
410.1719865999
414.7877573117
447.6592554046
404.9957065767
400.0886516420
395.7271804597
395.9799467124
403.4882551945
420.4128676819
449.2899494846
493.4919815737
748.2610155812
1230.4034477032
1269.9702420711
945.0053229655
1233.0935320629
1890.8447713303
994.4277884071
403.6858432861
360.0251642121
334.4450763215
320.5950387218
217.6216490108
218.2702094242
222.7090558433
231.1075073312
244.5064691108
264.9711893231
721.9475401803
775.9417627473
440.1350013842
654.3996639118
723.0479615526
1214.4840869668
342.2735822014
338.8868174198
339.2504935765
346.6002933258
363.1195438008
390.8815726219
686.7636345534
3230.8760601359
2236.1864217213
1631.9022530453
2081.4114932859
2570.2353114287
2045.0135991891
329.4467133906
278.8281822466
248.3332431216
230.6931840425
221.3125775813
186.7790307938
187.8386347743
195.4778823332
210.6143517842
235.5503409247
462.2851033688
2095.0839969419
889.7503734563
1218.0981791838
1306.6577866607
1989.0054564580
142.5523175481
1383.8490426128
2126.0443829601
3122.1303497927
2344.2470111713
1839.9596146968
2642.5692158435
1898.0914732119
2116.8080443357
294.0145884096
239.2942878906
208.6115758320
192.8779726893
175.2731205485
175.5614505064
182.0580883966
195.4937507479
218.2135168432
254.3547152165
2441.4314700183
2284.1363305156
868.1269324142
2091.3008934076
1816.5824669621
1557.1224650914
3151.7841812111
2296.4552254140
2228.4404000415
1949.7872485373
2485.0336085319
2463.4784825173
3295.5387282769
338.8809233572
269.8595712148
224.3246267256
196.8402112574
181.7271148175
176.6480839492
177.4704387023
188.8483356760
213.6454217768
257.8604181283
2487.4570602902
2732.1592613856
1330.7706035973
1439.6933760747
2386.5891078248
2468.6675466521
1271.2063483941
2986.1045131001
3793.3018591883
327.6639091900
256.0866838599
211.1936516498
186.7805776579
190.9577860125
194.9169105761
221.4043997511
609.2695117050
2217.8684267389
1988.5569239667
2783.8166673735
3189.1693364088
2358.8227007368
1828.7822300938
252.6723496648
208.3535860280
222.5909458106
242.7249159590
1634.4079996058
3842.9221396607
3017.8230587982
260.2198521620
280.3630175940
142.5523175481
3842.9221396607