13.7579743166
13.4963991600
13.5537254330
13.8745523793
14.4594565136
15.3503112615
24.2301492335
18.3426684502
18.0206964124
19.2144710956
22.2229969491
17.0174668637
16.6176799728
16.3190114971
16.3304580545
16.7851593730
17.8239784027
19.6632498710
22.6543176173
39.2894097856
92.2830545496
111.3845888465
80.4722443654
86.8616838343
240.4439469995
103.9242330749
22.0853976732
18.1485338986
15.8033964947
14.4575694096
8.6953460277
8.7128790087
8.9128865792
9.2993729021
9.9202331026
10.8707976673
34.0388352962
39.3324181285
22.5348537759
31.1347712928
37.5971932906
60.1479855925
13.4477510715
13.1336043507
13.0625933125
13.3596134744
14.1227941319
15.4834224768
28.5964519303
146.2304914614
105.0584353711
74.6594980446
98.9533659970
110.0916095461
108.0945925397
14.4559829927
11.8772604519
10.2967773290
9.3811958145
8.8932647554
7.8597124766
7.9795199772
8.4749887591
9.3591331931
10.5607298351
19.3216910790
84.2690454887
39.0020300885
49.5734002492
53.8218631406
81.0455776147
662.6375829720
51.8661338278
79.4367303135
120.5981798111
90.7207207842
72.4069874381
102.6107374927
71.1857106996
85.8443540495
12.9171009801
10.3796838431
8.8947422754
8.1300899820
7.5148643829
7.5861871625
7.9613227634
8.6253912589
9.5790719320
10.8955390505
85.8476791033
82.8810130572
33.0174606598
74.7496397950
65.5271766396
56.1337929524
111.7245067884
81.3490315277
78.2768999764
68.8475546206
88.1797988885
85.1196255831
117.1686966028
14.3132721977
11.5973639832
9.6736854388
8.4562314156
7.7799499369
7.5257579036
7.5954243024
8.0892587524
9.0292535565
10.5416760315
82.3105264550
91.9521486627
45.1811538858
49.1625576455
79.6041079309
81.9271801342
43.7502130908
98.0510910348
125.7941654728
13.2922590822
10.6898438295
8.9330462198
7.9329382210
7.9489395000
8.0945611337
9.0175587439
21.4787973076
71.4641547027
64.9571737049
89.3899459558
101.8526425258
76.2671947640
59.6196569829
10.2373356315
8.6129775324
8.9374075000
9.5715628227
52.8553941009
120.4006234306
95.0932043965
10.2502678539
10.7713190874
7.5148643829
662.6375829720