83.3724205954
83.7042470594
84.8386191355
86.7352571406
89.4677676312
93.1515219631
100.2901020493
101.4303744633
103.8646425385
104.9379403995
107.5633785968
105.7596167882
105.8090811973
105.8195533602
106.4384874321
108.1719316478
111.3586484928
116.1991728062
122.7236959388
152.0426053702
189.5202141940
187.0047627373
153.0802171581
180.1534627741
222.6746599520
128.6972394525
95.6663642699
89.5055043805
85.8803247273
84.0001507460
59.1481869945
59.2774887436
60.2579418268
62.1323578137
65.1113474220
69.5872263503
141.4541415740
141.5250875706
93.7448920246
132.5462101092
135.1135013359
216.1577329370
91.8622440913
92.4270960783
93.4032453256
95.5247060774
99.2496687268
104.8047231589
163.3820108955
627.9787745169
423.0849891259
325.5596973615
384.2147335118
545.5438265097
322.4364438561
82.5006763014
72.1208391659
65.7628361375
62.0092287956
59.9713443925
50.0075139263
50.1303915094
51.7143705596
55.0378833745
60.8943076090
115.8036699496
490.3490205767
190.9710411488
285.8072404527
299.3035553395
453.9934304161
24.7353048140
365.5358183066
558.7369880421
771.7031813649
589.0755197755
456.5768470065
660.1140732867
513.0512255922
492.1775587721
74.6446423882
62.0321613951
55.0668246079
51.4677177031
46.9768827375
46.9680764248
48.4976100770
51.8683478998
57.9039732749
67.9842193222
718.4159381482
634.5607408057
232.1062056456
596.2548985569
511.1140705484
440.1763590781
902.1327056769
664.9638378180
658.7133805724
578.4076903602
725.0682424394
759.1681346502
948.7117416110
89.7686019339
70.9739133502
59.2232140787
52.3533432438
48.6113165680
48.0429095943
48.2750220579
51.4679550337
58.7264443718
72.2518695066
817.3766081652
864.6814762039
425.3957467647
452.4420853417
770.8238588431
806.8956026626
402.3322877268
997.6344683394
1234.2991055980
91.5702140495
70.0723819268
57.3839022259
50.7523587149
53.2669519588
54.6152583325
63.0032343663
193.3516769296
767.8296232225
672.1464446779
963.4674290925
1113.8737222587
814.6453545801
629.1324034194
71.7371029580
58.2899744007
64.2554452902
71.1930595597
568.2589027292
1383.4082657792
1082.4626701538
76.2455362779
84.1780878973
24.7353048140
1383.4082657792