0.0063321270
0.0061718174
0.0061758424
0.0063130599
0.0065812936
0.0070005263
0.0118682599
0.0085973163
0.0082706401
0.0090296964
0.0105945833
0.0077097112
0.0075054854
0.0073583805
0.0073671649
0.0075953079
0.0081140003
0.0090368535
0.0105523889
0.0188098377
0.0479026876
0.0604099787
0.0430626666
0.0440553580
0.1417710239
0.0566517509
0.0108293504
0.0087152779
0.0074524167
0.0067215023
0.0038767363
0.0038824583
0.0039740292
0.0041527219
0.0044405703
0.0048812328
0.0157570086
0.0185154657
0.0106884472
0.0144578597
0.0178281040
0.0281289761
0.0059514473
0.0057893637
0.0057477851
0.0058815761
0.0062359627
0.0068759441
0.0128497642
0.0669394882
0.0485710670
0.0343338346
0.0458897894
0.0497458984
0.0512749378
0.0066372040
0.0054073838
0.0046487046
0.0042084230
0.0039732728
0.0035727440
0.0036394583
0.0038927158
0.0043345713
0.0049047883
0.0087475424
0.0374701197
0.0177753786
0.0221301382
0.0240884152
0.0361274733
56.4552575804
0.0225899134
0.0345486240
0.0529481161
0.0398752337
0.0319985702
0.0451734108
0.0310425219
0.0382733304
0.0059411130
0.0047593617
0.0040585193
0.0036969445
0.0034406566
0.0034831673
0.0036707964
0.0039898049
0.0044250470
0.0049944900
0.0366511353
0.0357471413
0.0144791308
0.0320693798
0.0281988167
0.0241584928
0.0477668206
0.0347880949
0.0333936554
0.0294295172
0.0377481987
0.0361208135
0.0501823736
0.0065100279
0.0053054870
0.0044324102
0.0038716216
0.0035592617
0.0034412678
0.0034796366
0.0037085764
0.0041233293
0.0047629146
0.0343739796
0.0386399776
0.0190602397
0.0207798572
0.0333379133
0.0342442459
0.0185530544
0.0408190232
0.0525418720
0.0059759644
0.0048513514
0.0040724744
0.0036225644
0.0036098762
0.0036748403
0.0040695060
0.0092065235
0.0295449379
0.0269971938
0.0368844017
0.0419360125
0.0315659257
0.0247659105
0.0046054628
0.0039011741
0.0040125428
0.0042729030
0.0218887740
0.0491809424
0.0389411418
0.0045711685
0.0047646404
0.0034406566
56.4552575804