345.9732684717
345.2634299370
349.9313605209
359.4211316996
374.0961699670
394.8743213935
497.4629553391
444.1112765312
454.6906867163
460.2145458903
503.2803105581
445.6219836396
438.9875998273
433.1980582949
433.0691290987
441.6447010585
461.5098581483
495.9177223760
549.4654270901
865.3686222419
1494.3854346870
1556.3892841828
1147.5013211411
1507.4355889648
2387.4824485680
1254.7185742972
456.4175295074
402.4689340928
370.8379626003
353.5796512667
237.3833464735
238.1200816793
243.1524846581
252.6627429697
267.8427018097
291.0803951190
832.9816987649
908.1221930548
506.1202136284
752.9909471925
845.5904059663
1421.9101086742
373.7154607342
368.7295562838
368.4054255842
376.3384296368
395.0041379782
426.9644146620
765.4801267728
3713.6632435799
2586.7229736342
1872.0450001407
2416.4012751023
2909.7052093207
2434.7409382710
365.7660393288
307.5405580058
272.5130101098
252.3046741563
241.5883565789
204.7069644916
206.0490030312
214.9066435467
232.2283657663
260.2432525091
510.7126700384
2330.7524673336
1008.2829781110
1356.5461384080
1461.3942835421
2223.1868554520
245.7702160860
1506.8377169959
2315.9456305367
3438.3781978706
2576.8887701796
2028.2663816358
2906.9192746631
2059.9095275918
2358.3546005114
325.7105445140
264.0592948265
229.3331772389
211.5369874601
192.2304764944
192.6550519793
200.0091952732
214.9652871189
239.8462376363
278.8685513798
2604.8151298752
2463.0418214031
944.5252927828
2244.5782100017
1954.8602616650
1674.3933436425
3378.9245973693
2457.8021685128
2376.3310102333
2079.0074896766
2657.0238215590
2607.7695699805
3530.5747470774
372.1315186693
296.9645268138
246.7501660128
216.2092881471
199.3755984556
193.2295641976
194.1419292921
206.5028953512
233.1028256220
279.9606580698
2598.7975421073
2874.6690085085
1398.9750572625
1518.0795054668
2501.7755035761
2582.2637134655
1339.8432142324
3110.4408609930
3970.2245536770
356.0393059244
279.6323748642
231.0180750296
204.3354695466
207.7994174951
211.8973083038
239.8159313741
642.8186725722
2293.7728290643
2066.5702887473
2878.6022106579
3291.5858193083
2441.2571101521
1895.0210579904
273.8469067869
226.5709805320
240.4407266729
261.2221149177
1689.5653258424
3940.9268347952
3097.9486871644
280.1532871715
300.1973682504
192.2304764944
3970.2245536770