5.2480425378
5.1490505297
5.1712106521
5.2935122793
5.5161974246
5.8551719255
9.2219037821
7.0020119666
6.8709906487
7.3326084036
8.4714402526
6.4921064755
6.3407994212
6.2277955443
6.2324937106
6.4055526916
6.8004935081
7.4993580698
8.6352393066
14.9439515288
35.0578220993
42.4886575735
30.6102965666
32.9629081528
92.5810938254
39.3561497941
8.4084042865
6.9141666563
6.0240970525
5.5133864158
3.3198814374
3.3265201277
3.4026651910
3.5498414986
3.7862684624
4.1481927168
12.9489360841
14.9513900314
8.5736907288
11.8457631477
14.2919564543
22.8635128935
5.1339272117
5.0153215094
4.9889464215
5.1024447412
5.3931983871
5.9110348596
10.9021386895
55.6430862955
39.9651316927
28.4135470916
37.6347825445
41.9326150270
41.0566359133
5.5131684446
4.5315182394
3.9297916430
3.5811420509
3.3952973164
3.0002122355
3.0457227963
3.2343576949
3.5711879988
4.0294601901
7.3723341207
32.1357654335
14.8576130305
18.9043085047
20.5172112815
30.8947071458
465.9811170363
19.8077140433
30.3358002559
46.0188256128
34.6229643005
27.6274659775
39.1573765498
27.1912126203
32.7326867563
4.9275269548
3.9605573474
3.3947436139
3.1033368338
2.8686455620
2.8957417764
3.0387317835
3.2921049892
3.6564299533
4.1599848082
32.8373129717
31.6763424102
12.6113071384
28.5781298007
25.0467357716
21.4565020669
42.7181259176
31.1052797862
29.9409601310
26.3334361218
33.7212356013
32.5766886450
44.8010493064
5.4632117392
4.4261037552
3.6921005977
3.2277455584
2.9698088265
2.8733871265
2.8999737075
3.0886617080
3.4482215034
4.0273521450
31.5373053254
35.2111819196
17.3020159790
18.8220278431
30.4928001584
31.3869962149
16.7505285503
37.5778847485
48.1906759681
5.0770778092
4.0818365607
3.4106927754
3.0288410962
3.0360284144
3.0918826718
3.4453769856
8.2225538533
27.4061141029
24.9009800676
34.2800068298
39.0671558029
29.2442601344
22.8590132310
3.9110257104
3.2897800162
3.4152719139
3.6586116378
20.2706306947
46.2111945062
36.4943216552
3.9178083057
4.1186359364
2.8686455620
465.9811170363