4.2236864792
4.1449829333
4.1633372960
4.2619781951
4.4411545454
4.7136382056
7.4017901235
5.6345572495
5.5296793155
5.8988825405
6.8091752120
5.2277244263
5.1065819960
5.0159622312
5.0196828010
5.1584643193
5.4752169620
6.0355865853
6.9459427669
12.0044212668
28.0721262786
34.0334665191
24.4919004492
26.4022716402
74.3051537554
31.4339328723
6.7506780022
5.5556150718
4.8438398127
4.4355791686
2.6750911091
2.6804662798
2.7417314237
2.8601243482
3.0503006804
3.3414202084
10.4162105999
12.0162791931
6.8875496972
9.5265622940
11.4817666612
18.3813786552
4.1377597528
4.0428389436
4.0218801049
4.1133094624
4.3472150703
4.7635646039
8.7813117653
44.7829482389
32.1475589635
22.8627762397
30.2724248668
33.7684276801
32.9878160890
4.4376344460
3.6486838100
3.1651645189
2.8850096178
2.7356765169
2.4160219785
2.4523727059
2.6036172688
2.8739546019
3.2425398842
5.9377597179
25.8975229078
11.9624034431
15.2319853157
16.5301757934
24.8932693859
428.0175213875
15.9747953076
24.4678318106
37.1028586663
27.9133821794
22.2683419533
31.5693650705
21.9289962866
26.3743427269
3.9661982362
3.1883227523
2.7333558029
2.4990392275
2.3095853272
2.3311757438
2.4459482665
2.6496534973
2.9431452371
3.3495845431
26.5033063858
25.5574822192
10.1697659478
23.0614511503
20.2111298796
17.3135733060
34.4741933633
25.1049756413
24.1653506253
21.2518371317
27.2136509579
26.2967864992
36.1533752366
4.3992719102
3.5634508430
2.9723975672
2.5986705488
2.3910901136
2.3135773026
2.3348581481
2.4867709737
2.7767583009
3.2444827218
25.4750098400
28.4348651788
13.9710904608
15.1972539646
24.6256679029
25.3511633828
13.5212852538
30.3531623447
38.9211730093
4.0901899125
3.2873416203
2.7464306536
2.4388367861
2.4451829420
2.4902493467
2.7756322666
6.6358579706
22.1453552311
20.1167178649
27.6979498852
31.5695784523
23.6308663196
18.4675062771
3.1508562399
2.6497559861
2.7517753280
2.9485053794
16.3774736995
37.3525084863
29.4946624647
3.1573735371
3.3202406125
2.3095853272
428.0175213875