0.6575299596
0.6442027016
0.6464519599
0.6615156327
0.6893658134
0.7320067456
1.1710739064
0.8801778691
0.8600622071
0.9224567587
1.0683299390
0.8104900699
0.7911277336
0.7767875037
0.7774706071
0.7995740514
0.8499440478
0.9391651912
1.0844920708
1.8872079274
4.5134109848
5.5159483528
3.9692153082
4.2143686573
12.2137488711
5.1343036807
1.0686595943
0.8745650990
0.7588605676
0.6923229443
0.4130386738
0.4138179702
0.4233422539
0.4417904369
0.4714440046
0.5168345380
1.6233593078
1.8806150974
1.0798178996
1.4857872864
1.8001221726
2.8721799695
0.6377674575
0.6225479659
0.6190583635
0.6332110184
0.6696895622
0.7348313648
1.3586444624
6.9601809825
5.0085567592
3.5572283795
4.7195709754
5.2316803419
5.1734261805
0.6900760580
0.5662185150
0.4901822497
0.4461076526
0.4226025704
0.3747721578
0.3807478048
0.4049628915
0.4479604691
0.5057356262
0.9202448436
3.9961277008
1.8566435220
2.3525005596
2.5545157511
3.8437888201
216.2241070486
2.4528968656
3.7557213394
5.7080676464
4.2953886705
3.4317073925
4.8596239371
3.3682657559
4.0722529175
0.6169776703
0.4955925725
0.4243632860
0.3876680940
0.3588733578
0.3624972087
0.3807557147
0.4127988609
0.4583382977
0.5205604473
4.0506297625
3.9151631568
1.5638938497
3.5287988576
3.0944540477
2.6510584725
5.2710747964
3.8388529663
3.6926533479
3.2492235252
4.1621523159
4.0137086148
5.5297887957
0.6824637890
0.5535733379
0.4619258991
0.4037711558
0.3714546902
0.3593650299
0.3628466641
0.3865245629
0.4311603496
0.5024342421
3.8741148049
4.3300011870
2.1294526983
2.3172796736
3.7474330150
3.8557756472
2.0635067324
4.6127999108
5.9196335827
0.6327274107
0.5096750304
0.4262745711
0.3786881898
0.3791583226
0.3861171548
0.4297309100
1.0150858250
3.3596354374
3.0556467792
4.2010452382
4.7855433013
3.5859028575
2.8047664873
0.4874724887
0.4106163932
0.4255122815
0.4553048632
2.4858063191
5.6517026007
4.4654743969
0.4874516671
0.5115980915
0.3588733578
216.2241070486