333.4498377815
333.1224478292
337.7055620092
346.7249194193
360.5348143258
379.9716282370
468.0866743282
425.6184017193
435.8426980065
440.8407109749
477.6722464795
429.3521975534
423.7690050010
418.8326267733
418.9651038257
427.0113320780
445.3255124226
476.7353702246
525.0801205705
806.0325939050
1345.8196749254
1392.8796745812
1032.8990321761
1351.7118167279
2093.7417469314
1099.6559336885
431.4096907537
383.4126005198
355.2884940253
340.0260054858
230.0708709182
230.7669560079
235.5200590751
244.5088810381
258.8521286332
280.7767293489
777.7622100386
839.6451263999
473.1130544717
704.1513331261
781.9557644265
1314.7383513902
362.0237647768
358.0375171210
358.1921093583
365.9338256059
383.6020809376
413.4826733287
731.5342995850
3477.7504503114
2411.7934355477
1755.1467551610
2247.4724290966
2753.0010253023
2226.1468170601
350.2691397983
295.8198544092
263.0369430753
244.0914083640
234.0266378815
197.7361883487
198.9102892508
207.1408240480
223.3840386467
249.9991582242
490.9029894378
2231.0842477843
953.1451864776
1297.5140830493
1393.8379732274
2121.4018428838
174.1666949921
1463.2304887732
2248.2471577742
3313.8343118601
2486.3436170009
1953.3254203608
2803.5497090622
2004.4595289247
2255.3212914066
312.3557471855
253.8917225307
221.0666560947
204.2390430315
185.5802061476
185.9158572437
192.8613925010
207.1535887587
231.2051153513
269.3038673086
2563.6666226835
2407.2021197920
917.4899086136
2200.3383163554
1913.0510460018
1639.3515357913
3315.0545979990
2413.9369134674
2339.5009108603
2046.8068774353
2611.2426504171
2579.6868292330
3465.3048395097
358.9967255235
286.0579249827
237.7483948894
208.5201272597
192.4363683823
186.8682343757
187.7399374153
199.7491500942
225.8238441776
272.1445571873
2593.2716475062
2855.2556500548
1390.2063237773
1505.5994430292
2490.9525877563
2574.6196101773
1329.0536534422
3109.7080369513
3957.1300841269
345.9019333084
270.7615720741
223.4176380801
197.5959355689
201.6613782582
205.7763185957
233.4693789389
637.1021824499
2304.0316139461
2069.2761422389
2891.8784475975
3310.7866458310
2450.9715344174
1900.9157573546
266.4915917955
219.9841730013
234.5034584560
255.4123467327
1697.5052385508
3980.6622501825
3126.9788759468
273.8512857949
294.5268409199
174.1666949921
3980.6622501825