408.0137786708
403.7240098548
407.5012319257
418.1792860536
436.0073992428
462.2142657704
661.8370116052
531.6417804050
539.6188645009
554.4409002529
632.7544382571
516.7816156653
505.9195540620
497.2437962838
496.9451606416
508.8538017217
536.6856975557
585.8509199596
664.8627461908
1127.8140898991
2317.1080671077
2540.4071839725
1882.2084775962
2306.0916496371
4455.3762859883
2347.2562607792
600.2279154006
508.2013230323
453.7505840686
423.0859453898
268.6114933990
269.3731525429
275.4637869839
287.0522793641
305.5929672791
334.0202561466
1028.8517916948
1167.8258348170
656.6661748330
936.1582960052
1104.3623834350
1804.0083392227
419.8039405150
411.2383966335
409.4650451371
418.4551539787
441.1641289609
481.2529183806
884.8582317001
4483.0274561847
3186.1378705650
2272.1379386462
2992.7824978759
3409.3769248445
3194.2561827596
433.0639868326
358.7782778730
313.7824638339
287.8301008123
274.0708122638
237.0021495816
239.5562362865
252.1436744869
275.4919931867
309.9488546757
588.6072092359
2643.1364520908
1194.7722878515
1547.5749742153
1678.6331876884
2540.0689313990
1498.1866525109
1650.2107899847
2532.6351317237
3823.0267553436
2868.1266187533
2276.1396864952
3239.9358446206
2256.2597157209
2686.1231964109
385.4863422509
310.4252105428
267.2940072331
245.1534263746
224.3583965643
225.6076313607
235.4399362479
253.9891109413
282.5928250998
324.6990196297
2763.5766799181
2653.4462512832
1040.6882943262
2400.8740659843
2100.6418443830
1798.7241724431
3601.0898627200
2618.4680964060
2521.3915380291
2211.7904863242
2833.0029878485
2745.2177091385
3767.6247632101
431.8736677332
347.4485396508
289.0670261653
252.7358301035
232.6013094350
224.7452861260
226.2014648608
240.5844967402
269.7254625757
318.7847370550
2679.4092889685
2987.5641141912
1459.9512587015
1588.7519215254
2589.7591601663
2666.7901505830
1407.9837645579
3196.6798731879
4098.3739932559
404.9818631319
322.4177791577
267.9737824969
237.4027381122
238.9757161376
243.3022068344
272.7133125056
682.5624756737
2336.2574954609
2118.3334645463
2927.7520180740
3339.5633393832
2491.2567775058
1941.3304215630
311.1131208166
259.8072615804
271.7701514350
292.6227845171
1723.9579944181
3963.1583981466
3123.6550561849
313.8997586764
332.2692700398
224.3583965643
4483.0274561847