64.2954933628
63.1235431064
63.4236989787
64.9438512496
67.6904392903
71.8597264577
112.5071715362
85.4150453954
84.3413879060
89.5009142853
103.4447957477
79.7270743881
77.8617772597
76.4583875792
76.4972428554
78.5998576007
83.4189457217
91.9537764250
105.8244311253
183.4746832799
426.1272817225
506.5101048830
368.7878340060
403.2792231042
1059.5509255024
475.9719113131
102.4556088798
84.3973243951
73.6459619925
67.4849000771
40.7853806696
40.8723444017
41.8117667257
43.6232961576
46.5319544964
50.9863240306
159.8089936767
184.4583902876
105.3915662736
146.0881093855
176.1210816014
282.3910661925
63.1570486757
61.6875262345
61.3532728522
62.7423426257
66.3145575620
72.6823959871
134.3298555997
687.4292172414
493.4540891220
350.6360500767
464.7297383549
517.6284976946
507.0420562673
67.6407422835
55.6051612985
48.2389881950
43.9745770991
41.7038274326
36.7728490248
37.3191951679
39.6049720974
43.6949731187
49.2897855027
90.5283509329
396.3379894579
183.1179967782
233.0218871735
253.0637197459
381.2796817041
1113.4924057118
244.0208653429
373.8466564355
567.5947611917
426.7979905166
340.4756301289
482.6892735120
334.7096658073
403.7002875289
60.4006935620
48.5353656269
41.6046995738
38.0379483454
35.1190500686
35.4396117749
37.1726863559
40.2558615224
44.7096253563
50.8926228340
403.8749101517
389.9355197293
155.1273459821
351.7073076005
308.3123876937
264.0868954692
525.8801618320
382.8086711716
368.3000313956
323.8401768598
414.8491629327
400.3549311574
551.3564873024
66.9760235835
54.2294243138
45.2188941839
39.5251039712
36.3632924504
35.1636176295
35.4788573713
37.7782829498
42.1794967334
49.2906555382
387.1777826949
432.6265272947
212.4382297694
231.2057569308
374.5184188036
385.4191712587
205.6676901931
461.2248921289
591.8779186251
62.2255298298
49.9992216702
41.7600513121
37.0746919961
37.1558246329
37.8326151860
42.1636372716
100.8215703012
336.0823531085
305.5012570185
420.4688131912
479.0865276168
358.6692893917
280.3010977004
47.9006735315
40.2736832512
41.8101244705
44.7917152334
248.5025744123
566.3232261690
447.2218158306
47.9815479776
50.4429587702
35.1190500686
1113.4924057118