0.0036293316
0.0035322334
0.0035316163
0.0036088845
0.0037624612
0.0040038863
0.0068982220
0.0049433654
0.0047374432
0.0051961490
0.0061192863
0.0044019842
0.0042823595
0.0041969742
0.0042026379
0.0043359847
0.0046386530
0.0051776378
0.0060646117
0.0108743923
0.0281603861
0.0357411925
0.0254689771
0.0258155033
0.0847073143
0.0336689021
0.0062937726
0.0050426139
0.0042948151
0.0038613120
0.0022054268
0.0022084239
0.0022608525
0.0023633623
0.0025285687
0.0027814532
0.0090356739
0.0106695065
0.0061725075
0.0083041724
0.0102834768
0.0161450952
0.0033789453
0.0032839993
0.0032591708
0.0033355348
0.0035389945
0.0039074188
0.0073214777
0.0382743481
0.0278489762
0.0196523796
0.0263158380
0.0283594995
0.0295671454
0.0038010488
0.0030909109
0.0026522017
0.0023975112
0.0022614250
0.0020416044
0.0020813135
0.0022296151
0.0024871293
0.0028157892
0.0049898678
0.0212693475
0.0101506601
0.0125721209
0.0136960089
0.0205273251
19.3203790704
0.0127620042
0.0195122505
0.0299603917
0.0225794164
0.0181533414
0.0255835411
0.0175538002
0.0217356972
0.0034038236
0.0027249589
0.0023211506
0.0021127337
0.0019694038
0.0019949935
0.0021043873
0.0022887951
0.0025375174
0.0028587892
0.0206285904
0.0201507531
0.0081960358
0.0180644666
0.0158909963
0.0136147586
0.0268848936
0.0195857903
0.0187817679
0.0165685177
0.0212561844
0.0203053809
0.0282732809
0.0037206656
0.0030362435
0.0025375075
0.0022160821
0.0020369376
0.0019693076
0.0019920754
0.0021234279
0.0023587061
0.0027178513
0.0192694139
0.0216717735
0.0107082666
0.0116738926
0.0186906814
0.0191975475
0.0104359807
0.0228642234
0.0294508329
0.0034070761
0.0027716812
0.0023290092
0.0020724509
0.0020627743
0.0020997089
0.0023220482
0.0051887460
0.0165303784
0.0151173131
0.0206257799
0.0234458871
0.0176687125
0.0138768876
0.0026263078
0.0022279773
0.0022871891
0.0024324689
0.0122557558
0.0274505402
0.0217431851
0.0026018307
0.0027070717
0.0019693076
19.3203790704