44.7047174003
43.8676894611
44.0629952425
45.1122941199
47.0185478885
49.9182422836
78.5756803559
59.4886801575
58.6060397158
62.3389342227
72.0956761875
55.3556274541
54.0530712515
53.0767394107
53.1081185261
54.5800880532
57.9493727599
63.9170321888
73.6213588485
127.7728832297
298.9283191540
357.4713142518
259.6641375688
282.0111508236
757.7397305881
335.4619572090
71.5855979380
58.8724737149
51.3010695919
46.9584642118
28.2903487169
28.3491306600
29.0011378638
30.2596860007
32.2809635810
35.3760694884
110.9734149969
128.2062787238
73.3334328299
101.4662408971
122.4823524746
196.1533085630
43.7790993201
42.7532557112
42.5191597739
43.4840268623
45.9672341716
50.3960200415
93.1584368114
476.9687765026
342.5935108329
243.3757002346
322.6785215163
358.9557675158
352.4927991481
47.0040430075
38.6219067321
33.4881217702
30.5152502324
28.9317052527
25.5456770918
25.9320295883
27.5352218860
30.3982360731
34.2971478293
62.8539524051
274.6463805405
127.0724233528
161.5256372224
175.4172441411
264.2276333967
1030.9377454635
168.9611236787
258.8116609814
393.0631989381
295.6067858638
235.9165544241
334.3577315074
231.8031907780
279.7763183792
41.9844163664
33.7331745873
28.9082180988
26.4245754613
24.4120764131
24.6406526488
25.8543814017
28.0062670668
31.1021787620
35.3833525198
279.4455808293
269.8914849213
107.4831513218
243.3949643283
213.3815153027
182.7827253051
363.8507763389
264.8800200544
254.8342400503
224.1059030129
287.0884280222
276.9950418588
381.5183848648
46.5255930753
37.6873839546
31.4306321521
27.4729285277
25.2748226865
24.4431518821
24.6664849949
26.2676012025
29.3207969927
34.2398148589
267.7294447784
299.1875564286
146.9496198377
159.9551172404
258.9767804240
266.5088866896
142.3244645885
318.9017024108
409.2108289544
43.2015382702
34.7344634960
29.0203879796
25.7682486967
25.8180436978
26.2889581627
29.2882275856
69.8217924451
232.3275887891
211.2264131255
290.6346770579
331.1340680565
247.9554535282
193.8100026444
33.2620923636
27.9786725053
29.0325119046
31.0932467318
171.8078914043
391.3161680790
309.0504567623
33.3033326111
34.9967348405
24.4120764131
1030.9377454635