323.9567406322
320.4608886067
323.3402623897
331.6637378241
345.6137397530
366.1416937594
524.0321351590
421.4317962359
426.7722913006
439.6318165391
500.0638873564
409.3355105179
401.0678419385
394.4953394529
394.4312072108
403.8879936397
425.7836882820
464.3299343580
526.1147785654
883.5295532814
1821.1898536630
2010.4469167870
1492.5177768367
1795.4692832795
3586.8292157702
1869.5263347165
476.5220800975
403.5631174855
360.3546040644
335.9832158629
213.0631426311
213.6442728791
218.4194753740
227.5219264678
242.0903346828
264.4110595247
803.2720429154
908.7741635422
513.5306427657
731.3493506931
859.7171106691
1403.2437524576
332.6899824729
326.2441431249
325.0366723003
332.2014995029
350.0615197269
381.4471382197
697.2243463842
3502.5312066504
2485.7387204950
1776.7384721580
2333.2887261463
2674.7975468039
2476.4792516802
342.2654045272
283.9858625540
248.6293912420
228.2133416594
217.3756465048
188.0058810442
190.0499323661
200.0419107182
218.5573501953
245.8011138247
465.7417688461
2083.4350336202
937.4015562059
1219.6487074885
1321.1291998583
1999.1661602464
1555.2829152351
1308.7041778401
2008.0799297731
3021.5704018402
2268.2782400695
1798.8787847149
2561.9976986834
1791.4074716461
2116.5511344603
304.9236801645
245.8194262859
211.8562348503
194.4182176386
178.0558834963
179.0780961757
186.9060725666
201.6499549281
224.3651732771
257.8123295004
2205.3381935922
2110.5471026268
825.8288394479
1912.3311706914
1671.8480033795
1431.8837521823
2868.8948314033
2087.2627195838
2012.0101869216
1765.0256020641
2258.9789758057
2195.9742077186
3002.4779553710
342.3047074745
275.3298579192
229.1422372604
200.4396667326
184.5469576798
178.5019284166
179.7031512163
191.1854876872
214.4376012126
253.6428521276
2152.1247463103
2394.1443227573
1170.4726637141
1272.4414046811
2077.7093295744
2141.0448248009
1127.7613709574
2569.8445788741
3289.9561866180
321.8728551782
256.0080916173
212.7408936673
188.5067219624
190.0276017773
193.5470378678
217.1244412966
546.8610031781
1882.5868044760
1704.3331708333
2359.1322022411
2692.6185462450
2006.8298790041
1563.2157864310
247.5119913179
206.5778451002
216.4595212318
233.2897311692
1389.4020461657
3202.1224811180
2523.1690516009
250.1655417169
265.1862570644
178.0558834963
3586.8292157702