299.1116868648
298.8629215884
302.9821490407
311.0518707752
323.3899653081
340.7397634379
418.3775587194
381.4328065163
390.6079611262
395.0533602833
427.4841000463
385.0896817429
380.1951507753
375.8595645943
376.0172416841
383.2067671269
399.5206892594
427.4533594965
470.3683332687
719.1109249794
1194.5332960509
1235.1218357766
916.8707222923
1198.9446417171
1850.4932443611
972.1965286106
385.8608276132
343.3376158237
318.4224982236
304.9123483206
206.5427946210
207.1647321135
211.4139173914
219.4509157515
232.2746650600
251.8715587501
693.9351092462
748.0374035410
422.3843216000
628.5602373805
696.7409871376
1171.2059813786
324.9584107758
321.4996684781
321.7058840164
328.6639445108
344.4650294956
371.1334243066
655.1689434594
3103.9723307485
2151.2535986192
1566.9743486977
2003.9395281373
2461.0748381383
1979.6218615362
313.8593190394
265.2565464469
235.9884727490
219.0690851771
210.0778311269
177.4301110838
178.4674569193
185.8090585833
200.3177908602
224.1355904831
440.0800391954
1998.3328460937
852.0523660195
1162.0847297266
1247.7276687350
1899.1395778055
150.0783803314
1313.5594474569
2018.2113965233
2971.4239101230
2229.9546496412
1751.2908061046
2514.0897983132
1800.1639305974
2019.6823330020
279.9558705005
227.6529491563
198.3003820555
183.2516751109
166.5129691830
166.8045512339
173.0158932348
185.8194610384
207.4018799408
241.6390070097
2306.7606718382
2163.4621179367
823.8317969537
1978.5970139518
1719.7277076724
1473.8543807815
2981.2681548198
2171.3506655087
2105.2327946854
1841.8027229466
2349.0585146783
2323.2074580198
3116.6746605926
322.0613642193
256.5719638592
213.2533865669
187.0655248851
172.6583310286
167.7174078152
168.4988204544
179.2850898288
202.7349312453
244.4451264558
2338.8004773162
2573.1130468163
1253.0111479443
1356.4765933247
2245.6786521480
2321.7618032872
1197.5320378958
2805.5933343604
3568.1886881029
310.6699160719
243.0569240359
200.5204656312
177.3434229399
181.0961409661
184.8108866414
209.7631546803
574.0287325419
2080.3437164677
1867.3732376027
2611.2284857680
2989.9722326535
2212.8867753656
1716.0761332497
239.4180875675
197.5650632664
210.7560834106
229.6376035805
1532.8035258423
3597.5664952846
2825.7525382422
246.2072064907
264.9504243717
150.0783803314
3597.5664952846