0.0721679932
0.0705475046
0.0706904783
0.0722728785
0.0752795314
0.0799275468
0.1306850094
0.0971616643
0.0939498874
0.1019028234
0.1182087390
0.0883018589
0.0861813474
0.0846439853
0.0847713056
0.0872647343
0.0928900290
0.1028401467
0.1190680026
0.2071006201
0.5106356477
0.6400212109
0.4571146309
0.4697641585
1.4868718681
0.5939570830
0.1195784281
0.0972542035
0.0839260131
0.0762325780
0.0448631249
0.0449342051
0.0459636535
0.0479684591
0.0511948058
0.0561287529
0.1752891447
0.2037564087
0.1181324392
0.1608203734
0.1957891070
0.3100531976
0.0690158439
0.0673652682
0.0669992670
0.0685505358
0.0725272298
0.0796241662
0.1466709628
0.7484076105
0.5398748345
0.3836379987
0.5088422558
0.5624772585
0.5596356088
0.0753656090
0.0617714655
0.0533937136
0.0485286105
0.0459285615
0.0409713119
0.0416704000
0.0444170878
0.0492566110
0.0556373853
0.1000789200
0.4296172440
0.2003725836
0.2532803486
0.2748154971
0.4128210905
131.6597235784
0.2639321406
0.4037803550
0.6129950148
0.4619556585
0.3695092339
0.5227514601
0.3632283577
0.4379688058
0.0675009001
0.0542338215
0.0464109044
0.0423756983
0.0393493279
0.0397870344
0.0418496949
0.0454206534
0.0504122386
0.0571229420
0.4367806263
0.4215952498
0.1688747928
0.3800918951
0.3332641635
0.2856134094
0.5672676625
0.4135144099
0.3981575654
0.3506731023
0.4487876576
0.4336109669
0.5957131937
0.0745638273
0.0605867913
0.0506025890
0.0442440640
0.0407092565
0.0394265857
0.0398404488
0.0424619560
0.0473300986
0.0550201704
0.4191045937
0.4676122834
0.2304391232
0.2505098666
0.4049992404
0.4169721297
0.2234005356
0.4993141998
0.6397981421
0.0691034456
0.0557719387
0.0467043096
0.0415197351
0.0415675537
0.0423436714
0.0470831517
0.1103207905
0.3643007635
0.3309988328
0.4552712659
0.5187833088
0.3888309131
0.3042965354
0.0533194661
0.0449782946
0.0465753737
0.0498034700
0.2697778051
0.6134309432
0.4848036902
0.0532855414
0.0558832909
0.0393493279
131.6597235784