0.0030095442
0.0029306053
0.0029307059
0.0029946764
0.0031212669
0.0033199290
0.0056826485
0.0040900916
0.0039236001
0.0042989778
0.0050523968
0.0036522085
0.0035551115
0.0034858924
0.0034911177
0.0036008479
0.0038491492
0.0042906347
0.0050161421
0.0089476409
0.0230461335
0.0292125091
0.0208439569
0.0211165397
0.0691782737
0.0274902648
0.0051867497
0.0041642263
0.0035530744
0.0031988873
0.0018341213
0.0018366023
0.0018798478
0.0019644127
0.0021006861
0.0023092088
0.0074344583
0.0087595263
0.0050808139
0.0068287440
0.0084503289
0.0132706757
0.0028101698
0.0027335897
0.0027142634
0.0027778230
0.0029456003
0.0032485069
0.0060553815
0.0314724187
0.0229009089
0.0161712791
0.0216114839
0.0233967888
0.0242720800
0.0031473107
0.0025629855
0.0022019695
0.0019923145
0.0018802496
0.0016949057
0.0017273315
0.0018491329
0.0020609833
0.0023322422
0.0041340782
0.0176096592
0.0083682455
0.0104094817
0.0113114373
0.0169614854
19.0712508010
0.0106251912
0.0162275798
0.0248679467
0.0187404243
0.0150383325
0.0212211367
0.0146174808
0.0180022880
0.0028191690
0.0022587251
0.0019256559
0.0017537294
0.0016343064
0.0016551626
0.0017452576
0.0018976212
0.0021040336
0.0023720820
0.0172631787
0.0168159861
0.0068235804
0.0150990759
0.0132688389
0.0113795155
0.0224901725
0.0163689577
0.0157139830
0.0138818589
0.0177734330
0.0170488333
0.0236141569
0.0030874891
0.0025181573
0.0021046087
0.0018385489
0.0016903199
0.0016351548
0.0016538855
0.0017629923
0.0019594317
0.0022609925
0.0162723269
0.0182429288
0.0090166038
0.0098125447
0.0157435487
0.0161989940
0.0087749113
0.0193238230
0.0248564778
0.0028347437
0.0023029085
0.0019341015
0.0017208808
0.0017150481
0.0017461005
0.0019329467
0.0043632223
0.0140087206
0.0127873634
0.0174979012
0.0198933141
0.0149673862
0.0117449296
0.0021863729
0.0018529047
0.0019056316
0.0020288774
0.0103864658
0.0233689684
0.0185033758
0.0021701410
0.0022617755
0.0016343064
19.0712508010