0.0063895734
0.0062238613
0.0062255528
0.0063626786
0.0066327749
0.0070560198
0.0120423245
0.0086878853
0.0083400738
0.0091276913
0.0107206038
0.0077655713
0.0075584010
0.0074097996
0.0074194097
0.0076514263
0.0081782210
0.0091155978
0.0106560100
0.0190217015
0.0488152540
0.0617952094
0.0440153813
0.0447817562
0.1459575646
0.0580047761
0.0109898429
0.0088284831
0.0075369999
0.0067889378
0.0038996017
0.0039051033
0.0039973203
0.0041774771
0.0044677623
0.0049120976
0.0158746180
0.0186822668
0.0108025486
0.0145699931
0.0180001641
0.0283553731
0.0059810997
0.0058167341
0.0057743797
0.0059091335
0.0062665649
0.0069125169
0.0129246816
0.0673534203
0.0488994586
0.0345632208
0.0462146629
0.0500337603
0.0517762230
0.0066921611
0.0054487842
0.0046811495
0.0042355440
0.0039974712
0.0036007261
0.0036691888
0.0039271113
0.0043761479
0.0049527245
0.0088060204
0.0376309906
0.0178808600
0.0222325715
0.0241987457
0.0362966313
44.9183949441
0.0226553894
0.0346456407
0.0531164748
0.0400220818
0.0321413570
0.0453350296
0.0311536138
0.0384419195
0.0059921316
0.0047995192
0.0040913242
0.0037258837
0.0034702905
0.0035141841
0.0037049838
0.0040281533
0.0044668930
0.0050378496
0.0367251143
0.0358315223
0.0145373618
0.0321517050
0.0282568933
0.0242169132
0.0478576323
0.0348560042
0.0334599086
0.0295053890
0.0378390567
0.0361942581
0.0502814394
0.0065607524
0.0053497209
0.0044702411
0.0039046225
0.0035895248
0.0034709411
0.0035103620
0.0037416854
0.0041587578
0.0047993635
0.0344378668
0.0386988101
0.0191049355
0.0208221053
0.0333881252
0.0342967096
0.0185999872
0.0408779330
0.0526333977
0.0060185345
0.0048895987
0.0041062204
0.0036532262
0.0036393227
0.0037048861
0.0041009078
0.0092426875
0.0295839264
0.0270399811
0.0369356484
0.0419817633
0.0316119871
0.0248152105
0.0046393370
0.0039320251
0.0040419502
0.0043024744
0.0219241034
0.0492263865
0.0389871162
0.0046022422
0.0047943947
0.0034702905
44.9183949441