11.0392836558
10.8308308191
10.8774996377
11.1350505166
11.6040122309
12.3179129464
19.4110395478
14.7193562401
14.4572597824
15.4163773960
17.8197502392
13.6575299256
13.3381927269
13.0995525346
13.1089711525
13.4731237960
14.3047291605
15.7766823664
18.1695714382
31.4739197541
73.8185621097
89.1947035247
64.3777196933
69.4694508698
193.1373527557
82.9726710206
17.6945355332
14.5478544507
12.6735069614
11.5980430274
6.9820606974
6.9961324784
7.1564972295
7.4663774012
7.9641604424
8.7262379168
27.2801307561
31.5058938200
18.0551262331
24.9518084162
30.1127499146
48.1826437845
10.7985121286
10.5478645407
10.4916895751
10.7302521779
11.3422414800
12.4326912774
22.9459422717
117.2206818259
84.1942244657
59.8471095635
79.2918955641
88.2989912662
86.5483960367
11.5985837283
9.5320529217
8.2655101440
7.5317519427
7.1406910752
6.3092734206
6.4050387509
6.8018324722
7.5102682470
8.4740595961
15.5082588121
67.6334321625
31.2803745244
39.7846849804
43.1867173517
65.0340022879
614.9828693257
41.6616087986
63.8075328053
96.8282579223
72.8420235893
58.1313028435
82.3872207422
57.1828223891
68.8914948475
10.3648060798
8.3299222946
7.1393146070
6.5262014014
6.0320698277
6.0890382061
6.3896916802
6.9223653667
7.6881609412
8.7464027007
69.0167289300
66.6016878707
26.5206799407
60.0791290154
52.6599454538
45.1119233886
89.8040077586
65.3917693002
62.9301845238
55.3477214966
70.8845089774
68.4512381412
94.1782044933
11.4892194448
9.3081813304
7.7642434672
6.7874366752
6.2448600932
6.0414182395
6.0972306845
6.4937474054
7.2492274327
8.4658110548
66.2362648751
73.9716075983
36.3446618363
39.5433187388
64.0466278667
65.9222723703
35.1888030536
78.9119604637
101.2156832529
10.6741383123
8.5823873982
7.1713207796
6.3683505233
6.3825430047
6.4997192200
7.2421587086
17.2724239844
57.5351843559
52.2826900970
71.9678387320
82.0078291020
61.3979093231
47.9904359451
8.2216127020
6.9160091699
7.1785922486
7.6893155558
42.5534595675
96.9743934437
76.5854923409
8.2343914031
8.6551889227
6.0320698277
614.9828693257