276.2096580730
275.2920434579
278.9000444867
286.5323376300
298.4693653273
315.4789578969
407.0704335164
356.2426656700
364.5926701625
369.4199390910
407.8850865828
355.4813441771
349.5677863295
344.4830034419
344.2217235568
351.2734586330
367.8096884860
396.6769622080
442.0316995125
712.2361361238
1272.2610256601
1334.2807245026
980.7441575744
1287.2890869507
2088.5621453464
1102.8287861697
371.9432116604
325.3420083583
297.9891111634
282.9777213376
188.2986375086
188.8912500251
192.9735544409
200.6869543408
213.0024220959
231.8756821094
681.8380236705
750.5487379886
415.6350462375
616.1473809452
699.6838495665
1173.8049707232
296.3819793992
291.8019670150
291.2108862933
297.4739669278
312.5943597649
338.7533979754
613.8183035310
3027.5799491608
2118.6544474183
1525.8597168718
1982.8981374279
2350.6342474177
2029.4313458894
293.4295613470
245.7230803732
217.0273814877
200.4914549391
191.7335587228
162.9955262750
164.1749857994
171.5111492134
185.7192744469
208.3628821550
407.7456853042
1863.7199674391
815.8470711833
1085.8264848359
1172.5989088959
1782.5867188534
260.1732553967
1190.5081025702
1829.6931134507
2733.0282967466
2046.9155815919
1614.2927189780
2310.0542284953
1625.2146282839
1887.7210130810
261.0287111849
211.1471856458
182.9505671931
168.5014449778
153.2014197934
153.6119749225
159.6114047746
171.6564768052
191.4410834352
222.1341865189
2034.5936604008
1935.1768988126
746.3517723871
1758.9332499126
1534.2514911347
1313.6689789676
2645.8795190262
1923.1367163888
1855.8766066858
1624.0322281756
2078.2552921462
2029.0403839603
2763.9572505226
296.6242375030
237.0829269736
196.9759073357
172.4553369168
158.9186091711
153.7805967293
154.5262058178
164.3272058900
185.2099623093
221.6762930689
2007.2663046593
2228.2973173055
1084.4957785318
1178.6065515424
1935.7440071475
1995.8280431460
1040.5171286623
2398.8838665252
3069.1919299002
282.0518588714
222.2370372692
183.8268290416
162.6185402970
164.8579480195
168.0086910808
189.6919171070
499.8690183149
1762.3825583479
1591.9084651988
2211.3235166740
2526.0370672359
1876.6595246882
1457.9676480017
216.6780155980
179.6609605159
189.8853446825
205.8121391319
1298.1644878067
3014.0095216452
2370.9373775552
220.7817085912
235.7824944413
153.2014197934
3069.1919299002