164.8134312979
162.5274240311
163.6984056580
167.7818951257
174.8382499930
185.3570618788
275.2651191202
216.1212761599
216.5920476941
226.0072954923
258.3899209781
206.5883092229
202.1785469315
198.7574756720
198.7923359521
203.8385422251
215.4548072239
235.9470355539
268.9777562661
456.9652668952
993.9570255009
1131.7585514018
836.0660932803
958.7607727391
2180.7708947542
1059.6719914697
250.6596546521
209.8137613819
185.5603860651
171.7757468286
106.8132073225
107.0776623326
109.4939636546
114.1227745931
121.5411302729
132.9026977369
408.0221781393
465.1330004145
264.1795660128
372.0996479250
441.6769590591
715.6779774333
166.2150632433
162.7657829041
162.0687409450
165.6822087308
174.7852534063
190.8649096839
350.1281638574
1769.7491475864
1261.4636740472
899.8323509509
1185.5433793561
1344.7878773665
1271.3920202119
173.7040595225
143.6194444951
125.2961276450
114.7024188145
109.0705592392
95.0742290116
96.2682188486
101.6786190162
111.5449694635
125.5972277387
234.8779526197
1041.1075725163
473.0189158922
610.4530966121
661.7919370278
999.7566588334
1387.0431644468
649.4024265342
995.8237569968
1503.0155487429
1129.1192599873
897.4590451124
1275.9614189732
889.7865790039
1058.7238746230
154.9220082054
124.7479016615
107.2918363760
98.3213429039
90.3524518183
91.0021045696
95.1799264592
102.8518116364
114.3512226815
130.8836363189
1087.6345943834
1043.9792666861
410.9931465675
944.4157234785
826.4073314991
707.8730899115
1415.0704126818
1029.8342999081
992.1564137604
871.1339450633
1115.2108297555
1081.4798596160
1482.0580766022
173.1028026322
139.6004213421
116.2766669966
101.6876841291
93.6023170343
90.5415507782
91.2392338014
97.1096724601
108.7237550255
127.9830388691
1055.0464280562
1175.3864062864
575.5735737110
625.9383688881
1019.1887774545
1049.8004876812
555.5703454655
1258.8410327134
1612.7314965619
162.0487900208
129.3975959697
107.7446759691
95.5485545026
96.1116113015
97.8868779463
109.5340290622
270.5246377881
920.5836541148
834.5193111903
1152.8921638890
1315.1145958924
981.7100013159
765.6285986674
124.6787369284
104.3573454188
108.9684163824
117.1757756586
679.9117216314
1560.7947378769
1230.8325796010
125.5942306615
132.7238667434
90.3524518183
2180.7708947542