166.9753294878
164.6579977619
165.8446044784
169.9832429966
177.1351433498
187.7967262934
278.9531894284
218.9512909464
219.4566090915
228.9703157364
261.8230066488
209.3048370092
204.8309072151
201.3597724964
201.3927932863
206.5064235889
218.2807115848
239.0539004932
272.5406994259
463.1773049218
1007.5632465914
1146.7251125867
847.3258328696
972.1484970737
2207.0690417272
1074.2103637139
253.9919737775
212.5889479300
188.0050216103
174.0325645918
108.2079354156
108.4761745747
110.9250921784
115.6161573669
123.1342451536
134.6488435097
413.5859367092
471.5275615189
267.7762723598
377.1660281210
447.7523421641
725.5230537273
168.3890938549
164.8881676121
164.1783022492
167.8384307579
177.0633787309
193.3609919479
354.7796348297
1793.8271721252
1278.6882412092
912.0300564807
1201.7283980792
1362.8757804621
1289.0449716848
176.0000111211
145.5089204646
126.9387328096
116.2026692399
110.4953530687
96.3177635317
97.5278487095
103.0103685198
113.0077271858
127.2458271998
237.9694315632
1054.9181446455
479.3663947509
618.5527028133
670.6024240406
1013.0819225089
1397.1691620893
657.8718885992
1008.8270323917
1522.8012294688
1143.9707908459
909.2856118625
1292.7517503711
901.3536414350
1072.7877430650
156.9646697979
126.3876714749
108.6982918450
99.6080501872
91.5336353067
92.1919073968
96.4247707778
104.1971740955
115.8461475732
132.5917644609
1101.5656612229
1057.4810017939
416.3471195598
956.5725275880
837.0868045279
716.9985606603
1433.2910635052
1043.0618692455
1004.8548830311
882.2894705188
1129.5300185004
1095.2331243024
1501.1217088766
175.3708625973
141.4314720483
117.8007543543
103.0188956685
94.8264853081
91.7225115177
92.4289816939
98.3751527612
110.1380180533
129.6418058640
1068.2843529388
1190.2359843579
582.8335665674
633.8728120849
1032.0264370377
1063.0064818100
562.6056235924
1274.6016050508
1633.0051890487
164.1545875593
131.0847175173
109.1507782546
96.7952376989
97.3603614497
99.1573945865
110.9515743826
273.9497153099
932.0087298337
844.9305576803
1167.2099182907
1331.4170752004
993.9217207341
775.1580339024
126.2947499327
105.7129456991
110.3763846640
118.6851113929
688.3477617908
1580.0279477984
1245.9723855925
127.2132618237
134.4269614497
91.5336353067
2207.0690417272