0.0003326852
0.0003236512
0.0003235314
0.0003306015
0.0003447107
0.0003669236
0.0006352491
0.0004536867
0.0004344588
0.0004769298
0.0005626114
0.0004032469
0.0003921418
0.0003842169
0.0003847126
0.0003970029
0.0004249359
0.0004747192
0.0005567136
0.0010017460
0.0026051107
0.0033082749
0.0023565266
0.0023866074
0.0078588804
0.0031165810
0.0005794048
0.0004635729
0.0003943384
0.0003541905
0.0002017259
0.0002019953
0.0002068090
0.0002162247
0.0002314019
0.0002546377
0.0008315434
0.0009824270
0.0005679482
0.0007636628
0.0009480360
0.0014877930
0.0003089735
0.0003001302
0.0002977737
0.0003047492
0.0003234384
0.0003573431
0.0006713512
0.0035185029
0.0025616354
0.0018063548
0.0024215003
0.0026015485
0.0027300543
0.0003486326
0.0002832554
0.0002428608
0.0002194118
0.0002068832
0.0001869892
0.0001906692
0.0002043573
0.0002280964
0.0002583013
0.0004570720
0.0019476988
0.0009319491
0.0011517195
0.0012547466
0.0018809098
1.3111714842
0.0011649789
0.0017805125
0.0027409300
0.0020654919
0.0016607708
0.0023394722
0.0016028578
0.0019900457
0.0003121631
0.0002498048
0.0002126803
0.0001935178
0.0001804486
0.0001828244
0.0001929019
0.0002098487
0.0002326259
0.0002619245
0.0018780296
0.0018375303
0.0007490617
0.0016458234
0.0014487918
0.0012411369
0.0024478497
0.0017835063
0.0017102248
0.0015086844
0.0019360231
0.0018462878
0.0025750549
0.0003408193
0.0002782512
0.0002325589
0.0002030736
0.0001866347
0.0001803969
0.0001824986
0.0001945309
0.0002160050
0.0002486633
0.0017478501
0.0019686940
0.0009732185
0.0010611551
0.0016969473
0.0017419500
0.0009492507
0.0020741190
0.0026724678
0.0003116797
0.0002537707
0.0002133169
0.0001898353
0.0001888275
0.0001921897
0.0002124155
0.0004729151
0.0014982522
0.0013710371
0.0018688041
0.0021240875
0.0016020857
0.0012585473
0.0002402284
0.0002039142
0.0002091377
0.0002222901
0.0011110955
0.0024845653
0.0019683214
0.0002377657
0.0002471699
0.0001803969
1.3111714842