87.1882554994
85.7221270024
86.1952613486
88.2834390780
92.0024479240
97.6151513418
150.2156337899
115.2960871789
114.3790682501
120.7504657864
139.0346255988
108.4613741533
106.0090036275
104.1486034155
104.1969032044
106.9880655309
113.3854211946
124.6961977769
143.0262010825
246.0639561373
559.9204111244
657.2652107562
481.0155045312
532.7510900610
1344.0750153710
617.3372043991
136.8238994767
113.2993182567
99.3034565446
91.3017241574
55.6994060147
55.8236711941
57.0965721418
59.5464187080
63.4775956809
69.4971752369
215.8625346172
248.1154185034
141.6593227261
197.2344920180
236.5543724420
380.3417362227
86.3705344298
84.4473537377
84.0308017624
85.9250999489
90.7522797757
99.3253620530
182.8867783123
930.7405615555
666.5618278138
474.3676051331
627.2707383376
703.2331489442
680.3450670233
91.7195131275
75.5617047223
65.6857240904
59.9697202641
56.9270119192
50.0061898108
50.7109503738
53.7308901095
59.1663227835
66.6955154138
123.1331058828
540.7460094049
248.3619438137
317.6802257198
344.7343836379
519.8088618887
1071.4051956773
334.7765557588
513.0072468463
776.8192795420
584.0673326138
465.3447927765
660.3455373458
459.1677245660
550.4877612463
81.8820678146
65.8550300184
56.5219547605
51.7205872741
47.6841158013
48.0892613208
50.3931437541
54.5331530121
60.5857789751
69.0877975642
557.0816523290
536.3575265949
212.5677874123
484.4389107600
424.3319908113
363.4990619181
724.8703403285
527.7180737817
508.1213184150
446.5996008862
571.8178784498
553.2685864622
759.7745300079
91.0554434486
73.6285438636
61.3766005836
53.6616589626
49.3804790296
47.7656996145
48.1749867020
51.2910799953
57.3220239228
67.1564346099
537.2930142574
599.3100696786
294.0701809178
319.8743507005
519.2959727144
534.7197740282
284.3726813761
640.6437778505
821.1425857412
84.8587155403
68.0320908962
56.7617622976
50.3754658407
50.5617760203
51.4897184611
57.4694466591
139.1046707568
467.8005251671
424.5980811894
585.4599830520
667.5000757259
499.0673297060
389.7327832728
65.3280424241
54.8368938553
57.0592498416
61.2155975740
345.8123578536
790.7610809510
624.1015104319
65.5868987492
69.0933647260
47.6841158013
1344.0750153710