3.0427583530
2.9843945157
2.9954071355
3.0635921029
3.1888207785
3.3798540741
5.3058285238
4.0528421525
3.9534540954
4.2447955614
4.8720382940
3.7467479046
3.6654544794
3.6058062199
3.6117539161
3.7119171321
3.9365570881
4.3315713595
4.9709528882
8.4459691153
19.9576085693
24.5917808785
17.6828347807
18.4762714294
55.3885633734
22.6803565106
4.8629174860
4.0036700237
3.4911858715
3.1965397247
1.9237215545
1.9271212618
1.9701194704
2.0535561210
2.1876469968
2.3925332698
7.2449006657
8.3307402460
4.8441261213
6.6466992697
7.9857322990
12.7035333496
2.9668701928
2.9049527768
2.8937319474
2.9602191898
3.1255362433
3.4171192991
6.2097151950
31.0784021320
22.2926425512
15.9195762879
20.9629372376
23.5993952907
22.6854967451
3.1694139560
2.6135874252
2.2717347154
2.0731703224
1.9670427189
1.7391168196
1.7656309504
1.8747560569
2.0693884349
2.3328471954
4.2376434546
18.2629813239
8.3811181127
10.7491069149
11.6322727246
17.5016301785
224.0852107298
11.4204547500
17.4760487942
26.3010014215
19.8307522034
15.8068299153
22.4174907098
15.7313351634
18.5895693840
2.8389957130
2.2874970862
1.9645103987
1.7979805826
1.6648069159
1.6809107897
1.7641064634
1.9113040486
2.1227800086
2.4153688932
19.2423506216
18.3967185786
7.2904531540
16.6608125801
14.5721929687
12.4933084655
24.9138063635
18.1771425524
17.5539752257
15.4488311060
19.7294580362
19.2362210864
26.1547993811
3.1615459727
2.5607099845
2.1377691759
1.8708213592
1.7227008881
1.6708400764
1.6869556334
1.7976468631
2.0087723206
2.3504023990
18.8560706454
20.8971521581
10.2884733673
11.1560894955
18.1659446941
18.7433134694
9.9397824377
22.5408547589
28.7503663425
2.9577657594
2.3728363028
1.9818416663
1.7605065891
1.7706399856
1.8046374471
2.0147934567
4.8843912351
16.5716265415
14.9751566930
20.7262886434
23.6698394238
17.6716489854
13.7995956339
2.2844335628
1.9186918495
2.0001931972
2.1475159479
12.2684514544
28.2068182608
22.2541170108
2.2984938899
2.4251268242
1.6648069159
224.0852107298