66.5441536003
65.3402339468
65.6559183666
67.2315605029
70.0743774387
74.3873250159
116.2753663511
88.3591313626
87.2962605869
92.5802436041
106.9745090511
82.5430387422
80.6171415787
79.1668759861
79.2062294848
81.3779264384
86.3560225108
95.1715013641
109.4949504269
189.7201881228
439.7491170313
521.9664785934
380.2464223235
416.4439677921
1089.0261742568
490.6219003938
105.8881815101
87.2668921833
76.1811268022
69.8298532212
42.2399136817
42.3304861330
43.3028780911
45.1775636524
48.1874439580
52.7968556047
165.3826475414
190.8185410962
109.0074287329
151.1599077862
182.1614797257
292.1552971432
65.4197078389
63.9028351597
63.5589390575
64.9972209988
68.6935222311
75.2807266178
139.0968938016
711.5666029691
510.6865304559
362.8807991727
480.9023913237
535.9572913045
524.3994612474
70.0081657580
57.5620611872
49.9457925908
45.5367843245
43.1891674723
38.0681328849
38.6309029051
40.9906810904
45.2154475685
51.0018243686
93.7273007947
410.4954830952
189.5531036814
241.3245627114
262.0650431178
394.8939094451
1111.9212245189
252.8580382745
387.3706604282
588.0111748107
442.1419813894
352.6831047242
500.0303575336
346.8025257517
418.0994423601
62.5119566937
50.2352872616
43.0665445923
39.3774536760
36.3502085189
36.6797455518
38.4699071022
41.6577116015
46.2679931189
52.6756073745
418.6555644351
404.1209825714
160.7195080498
364.5482231410
319.5352163321
273.7157771101
545.1186114621
396.8063031325
381.7725364645
335.6775899646
430.0108153788
415.0582082135
571.4812140380
69.3340211270
56.1314770890
46.8032713888
40.9106751122
37.6386812917
36.3972761848
36.7220911440
39.1014915179
43.6606582350
51.0334368065
401.5187859874
448.6154624427
220.2538771807
239.7246576178
388.3776410981
399.7002931447
213.2204816823
478.3552354148
613.7740503404
64.4322971380
51.7618648769
43.2279541124
38.3765091365
38.4651222426
39.1660665368
43.6554435890
104.5023309754
348.6240922424
316.8321610451
436.1652016460
496.9945676727
372.0207234591
290.7162936394
49.5987112257
41.6952105936
43.2941658003
46.3873128532
257.7477422187
587.5586513055
463.9768540879
49.6917784892
52.2500044490
36.3502085189
1111.9212245189