0.5304051976
0.5203869186
0.5225284636
0.5347129321
0.5569489431
0.5908078936
0.9270007179
0.7086042686
0.6921816931
0.7416151553
0.8528307593
0.6551806581
0.6404056328
0.6294156815
0.6300977113
0.6475315654
0.6870690943
0.7568566819
0.8700517210
1.4926947857
3.5074057743
4.3076859918
3.0844889704
3.2681040723
9.6610907560
3.9448225303
0.8480672085
0.6979474890
0.6084880534
0.5571261608
0.3356774276
0.3363124548
0.3439245532
0.3586654109
0.3823527846
0.4185891397
1.2910672486
1.4858498790
0.8548599498
1.1812984733
1.4202295180
2.2719314873
0.5187300822
0.5072499156
0.5048697391
0.5163922386
0.5455689346
0.5973296542
1.0960750496
5.5522415870
3.9823878036
2.8373324541
3.7481414560
4.2003974205
4.0683997398
0.5556022963
0.4572911402
0.3969507839
0.3619534481
0.3432768360
0.3033611541
0.3079623913
0.3270098347
0.3610298281
0.4072811261
0.7441324039
3.2332529631
1.4889107448
1.9017314352
2.0611664536
3.1036722476
174.5197851140
2.0035217866
3.0679217333
4.6402362154
3.4928613266
2.7856787519
3.9502249522
2.7528772732
3.2916790823
0.4970258945
0.3998760660
0.3430225358
0.3137282597
0.2901721727
0.2929365950
0.3074186995
0.3330851350
0.3700182835
0.4211382581
3.3405901394
3.2130701966
1.2766964480
2.9021099165
2.5417342923
2.1779487822
4.3389591744
3.1611873800
3.0458090403
2.6788993913
3.4278468077
3.3205961935
4.5515516427
0.5520596263
0.4471720735
0.3731225376
0.3263295897
0.3003498331
0.2908629847
0.2936065595
0.3127974676
0.3493981005
0.4084684643
3.2279208625
3.5961533312
1.7676153047
1.9211644030
3.1173151835
3.2109602282
1.7095371582
3.8487903154
4.9286671396
0.5143019172
0.4131280423
0.3451426016
0.3065441168
0.3076646091
0.3134407921
0.3495730961
0.8392721031
2.8135822184
2.5523307500
3.5191724408
4.0128676854
3.0011094739
2.3449409791
0.3965323194
0.3333679086
0.3466279651
0.3716678850
2.0811240865
4.7561014395
3.7546334913
0.3978574270
0.4188213583
0.2901721727
174.5197851140