5.1520463340
5.0537227907
5.0749465650
5.1949203542
5.4138304693
5.7473557319
9.0802338162
6.8769930693
6.7473311703
7.2031617696
8.3306180397
6.3709826570
6.2212439605
6.1095085609
6.1139691972
6.2844740721
6.6738191768
7.3631246270
8.4841723027
14.7127543478
34.6152717443
41.9508110921
30.2357166903
32.5499096145
91.2909091030
38.9352330322
8.2759578129
6.7992191372
5.9195142382
5.4146072897
3.2553138312
3.2618089324
3.3366491552
3.4813191711
3.7137345931
4.0695471625
12.7364713052
14.7199208418
8.4395390548
11.6516165935
14.0740735593
22.5055779814
5.0333297668
4.9157714011
4.8892686996
5.0005382052
5.2863122751
5.7957627861
10.7015486513
54.7063505426
39.3083910507
27.9359253950
37.0218636342
41.1879646425
40.4504089864
5.4136620704
4.4476674269
3.8554929074
3.5124001790
3.3295299371
2.9437854528
2.9887954103
3.1747196144
3.5064011531
3.9568170010
7.2346745061
31.5281354263
14.5962262090
18.5502041145
20.1379946143
30.3199294351
471.7469010960
19.4068786773
29.7215038114
45.1168736543
33.9420398756
27.0938576908
38.3929310371
26.6392327524
32.1174006306
4.8383040202
3.8879491744
3.3316056970
3.0450762348
2.8152389845
2.8420865774
2.9828459744
3.2318767133
3.5892562614
4.0822173785
32.1278671273
31.0143252465
12.3578898653
27.9724234429
24.5205261669
21.0041551320
41.8052441871
30.4421643765
29.2937439404
25.7650044823
33.0011241290
31.8582486970
43.8465273761
5.3609641568
4.3442348423
3.6238709176
3.1678484697
2.9145035798
2.8194940194
2.8457050852
3.0308279783
3.3829506100
3.9491703693
30.8103225273
34.4157258913
16.9123598655
18.4017420411
29.7959420489
30.6660475085
16.3776690082
36.7034230894
47.0833030585
4.9784883326
4.0043003647
3.3464998500
2.9719566777
2.9779472063
3.0325569897
3.3782039973
8.0424169036
26.7543981476
24.3177918323
33.4625345420
38.1298273341
28.5498076939
22.3205126149
3.8347111257
3.2265624768
3.3479516129
3.5853781646
19.7883989665
45.0782611231
35.6020382862
3.8394199265
4.0344141757
2.8152389845
471.7469010960