198.6836669778
196.2711306284
197.8632379653
202.8532684598
211.3330362891
223.8819227654
325.0001411349
259.2856813367
261.0212816266
270.8051324684
307.9470193785
249.9811561722
244.9069600032
240.9230910893
240.9630219542
246.8776741194
260.4839579443
284.4217889355
322.8371799934
542.3310669277
1146.6217070346
1286.6043509678
953.6826300822
1112.9400600636
2404.3725354949
1196.8609939739
296.2002377489
249.6890184514
222.1024457134
206.4817901330
129.8638140685
130.1984087322
133.1047017506
138.6604581990
147.5583094205
161.1829357422
488.7000303564
553.7993978026
314.3201907497
445.3779661573
524.8240457217
853.6896062265
202.4102948187
198.4700596963
197.7444034772
202.1328627241
213.0528443853
232.2433216263
423.9833631379
2126.9402864511
1511.2641993866
1080.4314184706
1418.8101449100
1624.0500340042
1508.4815013571
209.3285257795
173.5502148693
151.7941032059
139.2183745255
132.5348037439
115.0167729639
116.3570233726
122.6602839208
134.2518057547
151.0396844381
284.2988380917
1264.6389956332
570.0725637380
740.7201984780
802.1255047483
1212.9680254644
1446.5780599141
794.2826586192
1218.3466690710
1832.8203775168
1376.6981850900
1092.4922186541
1555.1875024304
1088.2717433327
1285.0523413695
186.6654471765
150.4846969918
129.6351309744
118.9255093349
109.1094441316
109.8130223080
114.7252341978
123.8680840051
137.7811721286
158.0623591344
1338.9363741670
1281.0287956149
501.9815281890
1160.6524443860
1014.6925230878
869.1995228622
1740.5321349782
1266.8048935714
1221.5735840327
1072.0129808348
1371.6176460592
1333.9070885721
1822.4138580256
209.3391174895
168.5474151659
140.3407233655
122.7754970981
113.0499941049
109.4027788859
110.1976069233
117.2774216029
131.4693406469
155.2484707758
1307.2957129038
1453.7052809404
711.2618056040
772.9923363390
1261.7659603293
1300.4110157535
685.5702348942
1561.1669125882
1997.8055825369
196.7272904768
156.6586745005
130.2796062447
115.4870119506
116.3895646128
118.5653918684
132.9200250910
333.0318532893
1144.0923530898
1035.5484226229
1433.3049529344
1635.9746862163
1219.6139252269
950.3479716271
151.3788155787
126.4600067769
132.4193283688
142.6429565468
844.6708366095
1945.7938473743
1533.4660221957
152.9096121865
161.9880104367
109.1094441316
2404.3725354949