3.8490396888
3.7772500563
3.7927611216
3.8803877269
4.0401637046
4.2832884497
6.6908532329
5.1287678725
5.0117125921
5.3691800633
6.1606839919
4.7510989647
4.6471127915
4.5701147939
4.5763442095
4.7022328583
4.9860745786
5.4858569893
6.2949579351
10.7209897444
25.1326881165
30.8408347458
22.1511800275
23.3600530697
68.9761906432
28.3161101360
6.1271762227
5.0507643293
4.4091343071
4.0407005951
2.4394213572
2.4439452191
2.4987339176
2.6048903929
2.7754604350
3.0362288373
9.2532199148
10.6303806721
6.1478062009
8.4765239458
10.1711713564
16.2391840636
3.7674642116
3.6875805034
3.6723321865
3.7563239192
3.9665121075
4.3379072696
7.9130209726
39.7767033155
28.5092009664
20.3459129399
26.8147539649
30.1804766304
29.0061823070
4.0201966216
3.3140520781
2.8803367184
2.6286082935
2.4941764045
2.2023983005
2.2354473543
2.3726497739
2.6178911670
2.9516310690
5.3850757802
23.3242997556
10.7022700783
13.7191175837
14.8553915868
22.3658999153
288.0210736685
14.5421929040
22.2621084465
33.5624382760
25.2854366439
20.1511747957
28.5859924116
20.0074851116
23.7398839830
3.5985792200
2.8981077227
2.4883758086
2.2772123710
2.1066016124
2.1264811534
2.2311149280
2.4168721668
2.6847957825
3.0567377853
24.4109895078
23.3913366184
9.2712988580
21.1638200633
18.5179359452
15.8725631586
31.6508290699
23.0762525581
22.2636366734
19.5847835353
25.0338936904
24.3462068115
33.2125375799
4.0055263845
3.2431859910
2.7066154994
2.3680897806
2.1802389325
2.1131908521
2.1331389964
2.2727796885
2.5398932273
2.9726442214
23.7897777052
26.4231866270
12.9959019349
14.1060219085
22.9425964311
23.6542124238
12.5575993818
28.4066737384
36.2992503033
3.7427033985
3.0025955803
2.5074303862
2.2270046983
2.2384333527
2.2810388246
2.5463814958
6.1641322007
20.8361092927
18.8585536660
26.0651866631
29.7487910310
22.2224125656
17.3535415250
2.8882185302
2.4258954933
2.5272689229
2.7127008388
15.4177539159
35.3734862274
27.9130812385
2.9037496256
3.0619753213
2.1066016124
288.0210736685