0.5568257669
0.5448790671
0.5464219380
0.5590210368
0.5826135832
0.6189118636
1.0040459303
0.7481080916
0.7281461727
0.7844209438
0.9112734220
0.6844064847
0.6676297405
0.6552890253
0.6559078328
0.6749434565
0.7183044562
0.7952002910
0.9207132492
1.6117361279
3.9148422310
4.8274274637
3.4627808392
3.6417870280
10.8658459622
4.4968302193
0.9161701325
0.7467077709
0.6456349804
0.5874159929
0.3476960079
0.3483188683
0.3563828596
0.3720299551
0.3971938863
0.4357139481
1.3778031622
1.6016062356
0.9206543050
1.2616592721
1.5350954101
2.4429091781
0.5361566708
0.5229356800
0.5198092837
0.5317425184
0.5627058958
0.6181523651
1.1459330965
5.8945800944
4.2499557256
3.0148134921
4.0070901809
4.4185111120
4.4135523921
0.5842933283
0.4786044605
0.4136461025
0.3759825539
0.3558894340
0.3166379381
0.3218859521
0.3428065614
0.3797942287
0.4290144399
0.7770280406
3.3635238449
1.5704630727
1.9816228420
2.1529950893
3.2371804326
493.6273039008
2.0558309706
3.1469677019
4.7924000650
3.6070601473
2.8848912819
4.0817789353
2.8235838992
3.4291762275
0.5225442449
0.4194622295
0.3588179092
0.3275638365
0.3036124344
0.3068368180
0.3225423583
0.3498944646
0.3883939495
0.4404748779
3.3809273832
3.2747133431
1.3123734596
2.9483927651
2.5871322224
2.2163043620
4.4014004078
3.2051909115
3.0816652218
2.7127108206
3.4759393226
3.3458700482
4.6187119973
0.5767007623
0.4683090754
0.3908866383
0.3416147709
0.3142178134
0.3039403721
0.3069869054
0.3270559017
0.3645406297
0.4239220866
3.2189996960
3.6025799819
1.7729054437
1.9301218332
3.1154677065
3.2045120915
1.7197641205
3.8303807753
4.9193440089
0.5334022605
0.4304600491
0.3603364372
0.3202079993
0.3202377274
0.3260850816
0.3624861661
0.8476568877
2.7856681677
2.5363277768
3.4821436101
3.9646984350
2.9740056454
2.3276913126
0.4109711446
0.3466366786
0.3585691432
0.3832374351
2.0616303914
4.6748438354
3.6953795490
0.4102261065
0.4298451349
0.3036124344
493.6273039008