39.4333468277
39.5783832255
40.0181480958
40.7351744193
41.7451821322
43.0718186104
44.9142742513
46.1142150986
47.1463765271
47.7911825247
48.4225184769
48.6215985179
48.9983270227
49.3783120601
49.9010849222
50.7057273760
51.8721106622
53.3898384950
55.1307115361
59.8336556783
64.8459792382
64.3022597455
58.8297787001
60.0981554078
65.8929278130
49.0228945087
43.5408280137
41.5079511278
40.2785420202
39.6358712511
28.0768419081
28.1134169229
28.4964126806
29.2386916624
30.4076299352
32.1206489982
47.7086869456
47.0698559725
39.4002611910
48.3474866772
48.2238620141
65.2256487532
42.4103229147
43.1443906004
43.9279888810
44.9877253139
46.4634399194
48.3608358558
65.2234622602
185.6887168602
127.1265650481
104.5204265227
111.5197084996
176.6531492909
81.9359312947
36.9709688318
33.1465648977
30.7227663337
29.2477526489
28.4238086407
23.7673000272
23.7980422477
24.4492703670
25.8342975510
28.2675563057
48.6030480809
176.7253796353
66.6871737085
106.1408837245
108.4289509356
160.3538135447
7.7874873783
152.9950210953
230.6306695052
295.1114511107
233.4242560477
179.7335399939
258.1799155263
222.2897088121
176.7852477772
33.9619678242
28.7983026151
25.9183207157
24.4020142848
22.5313738801
22.5175422457
23.2023455873
24.7313501046
27.4869310213
32.1237224775
339.9745531632
279.9401762988
100.5157996492
272.1638664620
230.3390360378
199.7440099074
412.0243264102
309.7643112699
315.2171511670
280.0193926057
341.8630701987
384.4109489072
437.1287267579
42.1275839400
33.3683024763
28.0385262938
24.9554156411
23.2741483529
23.4151877869
23.5365807977
25.1062481365
28.7101863341
35.5554146693
446.0349597366
448.4744699370
226.2226714939
234.8225076075
411.7318034495
438.3663128403
212.8492578953
558.1996673415
663.8877567118
45.2188015783
34.1844263250
27.9183171705
24.7125702970
26.5523532935
27.2928145413
31.7614706752
104.2689207476
450.2963251283
381.9825726034
563.5990173184
659.5406198171
477.3651395644
368.4817536494
36.2143409489
29.1220943811
32.9597454430
36.9055099754
336.8011361883
851.5855442682
665.1433406294
39.5905036848
44.5817628599
7.7874873783
851.5855442682