0.0044648050
0.0043467572
0.0043466872
0.0044419409
0.0046306659
0.0049270130
0.0084579749
0.0060772703
0.0058267734
0.0063869766
0.0075128637
0.0054195376
0.0052735152
0.0051690603
0.0051759436
0.0053390989
0.0057094375
0.0063686779
0.0074528300
0.0133381098
0.0344200040
0.0436719777
0.0311015665
0.0315414489
0.1033972965
0.0410511409
0.0077168990
0.0061895357
0.0052767107
0.0047476802
0.0027178576
0.0027215828
0.0027860135
0.0029119773
0.0031149845
0.0034257196
0.0110972514
0.0130817012
0.0075707696
0.0101894947
0.0126143343
0.0198445695
0.0041660373
0.0040501376
0.0040200427
0.0041140015
0.0043638546
0.0048158994
0.0090160033
0.0470426309
0.0341663925
0.0241481144
0.0323085619
0.0348982767
0.0362837460
0.0046753402
0.0038040764
0.0032659201
0.0029534884
0.0027865428
0.0025134614
0.0025619256
0.0027435228
0.0030591854
0.0034629608
0.0061459735
0.0262182953
0.0124823676
0.0154902442
0.0168725739
0.0252769398
33.9145212562
0.0157544923
0.0240882033
0.0369624519
0.0278410980
0.0223803616
0.0315531037
0.0216635403
0.0267866949
0.0041868191
0.0033526703
0.0028568216
0.0026009157
0.0024237754
0.0024549606
0.0025890800
0.0028155922
0.0031219022
0.0035187759
0.0255132233
0.0248965077
0.0101171470
0.0223218568
0.0196363709
0.0168243455
0.0332439255
0.0242140733
0.0232281397
0.0204870411
0.0262746993
0.0251299617
0.0349367771
0.0045800058
0.0037363168
0.0031224451
0.0027271733
0.0025069197
0.0024239693
0.0024518390
0.0026135347
0.0029039390
0.0033484174
0.0238731526
0.0268394037
0.0132490629
0.0144491192
0.0231385536
0.0237748285
0.0129054702
0.0283242269
0.0364862892
0.0041975180
0.0034127364
0.0028669892
0.0025510210
0.0025401503
0.0025858256
0.0028608502
0.0064191053
0.0204879170
0.0187317974
0.0255658433
0.0290580868
0.0218936045
0.0171910692
0.0032357175
0.0027438934
0.0028185399
0.0029988106
0.0151835101
0.0340424428
0.0269658249
0.0032074877
0.0033391157
0.0024237754
33.9145212562