3.6904395989
3.6211174995
3.6356122566
3.7193013339
3.8721687356
4.1049263840
6.4209544497
4.9164685034
4.8027631980
5.1475479178
5.9079336733
4.5524243599
4.4529283713
4.3794421075
4.3857278321
4.5066411396
4.7788877142
5.2581005289
6.0339244681
10.2728322424
24.1291578945
29.6309259965
21.2904759454
22.4137710477
66.3431247990
27.2453468908
5.8806481513
4.8460136921
4.2291962183
3.8748987871
2.3374688067
2.3417556374
2.3941939845
2.4958294782
2.6591379664
2.9087665869
8.8506824174
10.1728460803
5.8920407418
8.1117627112
9.7387945653
15.5312252184
3.6084482472
3.5322029879
3.5178438066
3.5984064075
3.7996629349
4.1551121969
7.5710253108
38.0146643093
27.2561733542
19.4534423862
25.6350618942
28.8438684786
27.7428496478
3.8518736818
3.1755715836
2.7600429032
2.5188225077
2.3899760591
2.1110900155
2.1428858009
2.2746154844
2.5099422034
2.8297530482
5.1556421890
22.2963447280
10.2340161714
13.1182752210
14.2025239901
21.3774065790
269.7502989184
13.9123513922
21.2956380667
32.0891098833
24.1811026672
19.2732432513
27.3370285921
19.1472553073
22.6942969321
3.4485301406
2.7776504181
2.3850864493
2.1827422525
2.0197126943
2.0388803294
2.1393315265
2.3175123155
2.5742468147
2.9303316652
23.3808398143
22.3876468645
8.8735273546
20.2629433221
17.7282687323
15.1958031968
30.3010964927
22.0973648260
21.3264393133
18.7643900376
23.9765465526
23.3371331303
31.8001586290
3.8389712293
3.1086685030
2.5946061830
2.2702309081
2.0902281461
2.0263367313
2.0455555069
2.1795211858
2.4356002457
2.8503590093
22.8304915157
25.3372585791
12.4661538776
13.5265960162
22.0089108737
22.6984247241
12.0455178607
27.2747605095
34.8251033410
3.5884706254
2.8788324890
2.4041733984
2.1353848234
2.1467518861
2.1876920434
2.4422574493
5.9151206235
20.0221769454
18.1111435424
25.0434650306
28.5883922494
21.3514406771
16.6752435740
2.7699473473
2.3264886943
2.4242295482
2.6023140292
14.8182370866
34.0228477283
26.8464155679
2.7855584702
2.9379075755
2.0197126943
269.7502989184