369.6699285423
365.8322234619
369.2404820670
378.8496309943
394.8827894463
418.4376315549
597.1684569563
481.0671673045
487.9801198230
501.7118050338
571.3484188365
467.9395121088
458.3626710177
450.7184864534
450.5465763931
461.2945117362
486.2944835075
530.3641409814
601.0492050525
1012.8449006024
2075.5850187479
2279.1080555348
1691.1737326382
2058.3397039113
4012.5932685379
2105.4347221808
542.0843907598
459.5465066758
410.6988109617
383.1879810969
243.5666204783
244.2476547097
249.7303666014
260.1685536048
276.8701938167
302.4679310580
923.6344485722
1045.8066271048
589.4705667475
840.5985616624
988.8863688650
1615.6003244846
380.5738322482
373.0726422155
371.6107613635
379.7810872054
400.2470704066
436.2685225446
799.2428488776
4027.9227680670
2859.3435766757
2042.0706025592
2684.5674324678
3071.6831630632
2853.8309210614
391.4865497914
324.7044502093
284.2325150114
260.8769770884
248.4873059447
214.7702058580
217.0663183929
228.4110378617
249.4722488119
280.5887793188
532.7225348398
2388.7444864480
1076.1428459454
1398.3582716778
1515.4227788037
2293.5342415235
1515.6966865003
1497.4246526167
2297.9361546241
3461.7201177599
2597.8728065816
2060.4459423331
2934.2314193198
2048.4748399729
2426.9339155648
348.6319702937
280.9478558379
242.0766746562
222.1217233709
203.3107463600
204.4379451348
213.3255108843
230.1139445055
256.0488093220
294.3060228681
2517.7221413939
2412.4347000076
944.4434030310
2184.6920703628
1910.5058246866
1636.2567203710
3277.5849382529
2384.0473314453
2297.2928224870
2015.0589846109
2579.7871897649
2504.7155514092
3429.5734190063
391.1836149766
314.6084200910
261.7770098534
228.9427898983
210.7563454587
203.7594730359
205.0915434038
218.1602897992
244.6817951646
289.4292235667
2451.2680548286
2729.2957294339
1333.9239650147
1450.7852021543
2367.6622632341
2439.2718404997
1285.5681921518
2926.2290466810
3748.3120398288
367.5292488587
292.3511352922
242.9211573079
215.2169206766
216.8560809879
220.8332012515
247.6946155164
623.1510624852
2141.7695204112
1940.0895322338
2683.9915854745
3062.7987357458
2283.3338095175
1778.6584349697
282.4880487690
235.7733991175
246.9366954747
266.0740565831
1580.4830331737
3639.5349500175
2868.0414604675
285.3760463634
302.3960078922
203.3107463600
4027.9227680670