42.7829981581
41.9885894562
42.1793552072
43.1855489714
45.0104321257
47.7845515580
75.0833541013
56.9077300208
56.0938777469
59.6310144650
68.9425703221
52.9980687748
51.7540537998
50.8205913374
50.8496585753
52.2552380131
55.4734763641
61.1731850964
70.4396604334
122.1944963871
285.2177300721
340.6438285207
247.5367222905
269.2875639126
720.0241819666
319.6015185870
68.4007756462
56.2829012687
49.0666560724
44.9288350936
27.0951194159
27.1517985458
27.7759779943
28.9804966312
30.9148641232
33.8769322193
106.2121850689
122.6652161768
70.1430200790
97.1108958897
117.1646146638
187.7118040782
41.9373515508
40.9577023604
40.7346654309
41.6584240131
44.0347223232
48.2718788325
89.2173027061
456.6412025911
327.9290489570
232.9734485467
308.8163601821
343.7518632038
337.2032890026
44.9895356162
36.9732304521
32.0644299709
29.2220176647
27.7080747401
24.4551311118
24.8229337398
26.3530561175
29.0872968378
32.8160663510
60.1786502536
263.0968085942
121.6635422774
154.7136990736
168.0224119887
253.0972129256
933.8109991401
161.9112912426
248.0335669034
376.6276479235
283.2266661601
225.9977839391
320.3468279150
222.1175796253
268.0091296142
40.1826025115
32.2872845964
27.6720005536
25.2964123873
23.3656978012
23.5828011369
24.7418537016
26.7990184874
29.7624956418
33.8657168528
267.8892512237
258.6879001013
102.9827257869
233.2962465588
204.5206664150
175.1921308250
348.7975021370
253.8983074391
244.2778469946
214.8136188903
275.1806730786
265.5544546309
365.7035869633
44.5392327620
36.0734912736
30.0833843852
26.2956186910
24.1920121666
23.3958382080
23.6084624567
25.1403671163
28.0650480695
32.7814367836
256.7412866226
286.9035902711
140.8928305270
153.3488799062
248.3303602173
255.5523091481
136.4383792209
305.8034134131
392.4086751438
41.3664570659
33.2522168366
27.7790954337
24.6650328047
24.7153727425
25.1662339352
28.0410443980
66.9209034368
222.8198205170
202.5632110027
278.7284754063
317.6018556969
237.7935986291
185.8611623836
31.8482111701
26.7853767287
27.7992569995
29.7759628237
164.7682614701
375.3601120145
296.4471133143
31.8932483548
33.5204035569
23.3656978012
933.8109991401