1.0727413527
1.0508715593
1.0544782180
1.0790364282
1.1244943568
1.1941274824
1.9133263065
1.4364136499
1.4032887160
1.5056147813
1.7443790997
1.3219824445
1.2902833293
1.2668191121
1.2679263840
1.3040519673
1.3863904845
1.5322675901
1.7699432657
3.0828519645
7.3843501762
9.0267089030
6.4968773248
6.8940425825
19.9881703750
8.4079610037
1.7457719599
1.4280646490
1.2386637904
1.1297296596
0.6734474746
0.6747144536
0.6902588478
0.7203709497
0.7687751139
0.8428696707
2.6504053903
3.0718041226
1.7637196076
2.4257842225
2.9406450758
4.6905897194
1.0397527122
1.0148228928
1.0090767267
1.0321527296
1.0916951206
1.1980679991
2.2160890393
11.3610195622
8.1770132931
5.8063888109
7.7060370574
8.5358951038
8.4521999172
1.1259294695
0.9236430552
0.7994499098
0.7274615682
0.6890702533
0.6112692010
0.6210520102
0.6606348303
0.7308892926
0.8252001032
1.5009901370
6.5167401277
3.0295530867
3.8365509859
4.1665835624
6.2688105845
270.4194985613
3.9977946199
6.1208948153
9.3054914636
7.0026314791
5.5952608598
7.9225140936
5.4896720839
6.6413447810
1.0066558513
0.8085229568
0.6922280748
0.6323146348
0.5854032169
0.5913411025
0.6211701249
0.6734794699
0.7477481136
0.8491196980
6.5974587896
6.3789181256
2.5488705363
5.7482926688
5.0413667892
4.3189151531
8.5861455219
6.2527243976
6.0145405237
5.2923611980
6.7797399156
6.5360384064
9.0077360239
1.1131791879
0.9030477944
0.7535537957
0.6586609923
0.6059246202
0.5861711209
0.5918633995
0.6304836673
0.7032206964
0.8192691894
6.3055464923
7.0494640043
3.4667722712
3.7729181343
6.0998044331
6.2763383457
3.3599454996
7.5074872493
9.6358412228
1.0317158356
0.8312434036
0.6952851890
0.6176815601
0.6183463693
0.6296782270
0.7006966824
1.6531557851
5.4666012220
4.9725953290
6.8354378879
7.7857608461
5.8350254173
4.5640981529
0.7948380928
0.6696204194
0.6937468763
0.7422090468
4.0446373945
9.1928818219
7.2637044750
0.7946155038
0.8337992920
0.5854032169
270.4194985613