811.7972110309
808.3292928082
818.6195138598
841.0730057607
876.4844309576
927.1688512032
1216.1974385941
1049.7460944821
1073.9002593743
1089.2237298652
1210.2860722547
1043.5688375588
1025.1119154095
1009.4045768682
1008.4241691104
1029.5817611350
1079.4571672355
1166.8829715975
1304.9918019442
2130.8509965872
3892.3860416567
4102.8541894239
3013.7070955563
3941.8616040742
6511.5579998186
3452.5903217974
1108.5995852280
964.4771132479
879.8034705266
833.1469215502
550.8029138804
552.5406520561
564.6353339601
587.4927373908
623.9952196978
679.9636617383
2029.4743569856
2247.7034865333
1242.2412311246
1834.3867992667
2098.1230509278
3510.7211839036
866.5529973888
852.0775923937
849.7908883881
868.0752469890
912.8520436722
990.7645336778
1805.3125253570
8984.7176214377
6305.8467705026
4529.1676913885
5907.9488028619
6938.5934973915
6104.1894792441
864.3340637217
722.0555938629
636.4497070621
587.1433735769
561.0430805800
478.0841186037
481.7768693114
503.8698312533
546.3738860579
613.3965561384
1196.7740699450
5468.8244469014
2411.3814893379
3188.8125496791
3448.4946254968
5238.9476513105
947.0386653197
3469.9058276663
5332.8082101806
7991.9480655299
5984.6401346601
4725.3687744547
6755.3604744581
4734.3762424277
5542.7669135762
768.5429726140
620.8926531883
537.2223762723
494.3428588547
449.7107241849
451.0765410252
468.9770159053
504.5905989288
562.5596319278
651.8019618312
5892.8540781602
5622.5957981843
2176.3869540214
5103.3247627155
4455.4724747708
3814.2892055449
7672.7125063306
5575.2280888396
5375.0143480492
4704.7983400330
6024.3803103270
5865.4653151628
8015.2482614728
870.5224805739
696.5317949235
578.7178969161
506.4485461091
466.5136606869
451.0714068842
453.3184550757
482.0181210808
542.7338504914
648.1323596516
5778.8037017646
6427.2876599694
3129.0362168868
3403.0308807042
5578.1541176237
5748.0195217236
3005.4229862050
6901.1056309812
8839.4540120968
824.8164165444
651.2161798871
539.1024712490
476.9710311703
482.6640017997
491.7231062660
554.3602682064
1445.4227376759
5060.0413837761
4576.9013289438
6348.0355805292
7247.6900251002
5389.8413030611
4189.7343936023
633.2956109180
525.8217450382
554.4064150656
600.0435963531
3727.6711187271
8631.7964930021
6792.9414573827
643.7705797746
686.1237799768
449.7107241849
8984.7176214377