1.1855951010
1.1618698168
1.1660501834
1.1932029239
1.2432886451
1.3198983382
2.1038076018
1.5861191066
1.5498856492
1.6618974685
1.9223281281
1.4618256997
1.4273164604
1.4017526148
1.4030687703
1.4427541183
1.5330720084
1.6929279315
1.9530895427
3.3887621584
8.0775650830
9.8805687181
7.1051052860
7.5412059157
21.9558966804
9.1744797091
1.9208303709
1.5736715737
1.3667294172
1.2477549531
0.7458134673
0.7472176124
0.7643507702
0.7975377950
0.8508792161
0.9325161747
2.9167902826
3.3751364388
1.9396727526
2.6698228981
3.2303012173
5.1547570524
1.1516592806
1.1246150852
1.1185473389
1.1441188075
1.2097565393
1.3267982415
2.4484816267
12.5108126007
8.9975793922
6.3944724144
8.4762632816
9.4160334182
9.2739568294
1.2435977537
1.0210695582
0.8844547757
0.8052522100
0.7630053682
0.6761961613
0.6868687845
0.7303032665
0.8075172154
0.9115083869
1.6595063761
7.2041060640
3.3411833266
4.2406342125
4.6028854200
6.9262347503
266.1327867958
4.4320186787
6.7857488165
10.3012493979
7.7529791825
6.1918471692
8.7704788361
6.0872936643
7.3400097067
1.1120398096
0.8935797553
0.7654468321
0.6994306191
0.6473940676
0.6538558962
0.6866640786
0.7443547520
0.8265495753
0.9391500791
7.3360244748
7.0819886853
2.8256643885
6.3862682984
5.5987056071
4.7966127054
9.5413101039
6.9495454788
6.6882263153
5.8846127468
7.5355936032
7.2757886595
10.0101619144
1.2311745006
0.9983862930
0.8331062872
0.7283143876
0.6700906415
0.6484441155
0.6546938029
0.6974322139
0.7781926072
0.9074405135
7.0350071656
7.8561314200
3.8634391761
4.2027751144
6.8020317907
7.0012514160
3.7422147272
8.3800781238
10.7478747198
1.1427161363
0.9199369776
0.7692284429
0.6833280873
0.6845531337
0.6971808262
0.7762785794
1.8402848497
6.1097206826
5.5527713421
7.6401732998
8.7054518605
6.5204257577
5.0986533950
0.8805775981
0.7414324870
0.7689149062
0.8231275277
4.5203573309
10.2913997377
8.1294884298
0.8812223325
0.9255054944
0.6473940676
266.1327867958