11.5345922794
11.3175788347
11.3668356204
11.6362443880
12.1264122375
12.8723731300
20.2691853756
15.3775797602
15.1074723632
16.1049915725
18.6136145093
14.2733101203
13.9397825440
13.6903855102
13.7000306011
14.0801713987
14.9484958518
16.4854593793
18.9838607688
32.8801932697
77.0401445518
93.0373650120
67.1522170458
72.5276542364
201.2921311065
86.5385241125
18.4763991377
15.1939470688
13.2388223610
12.1171517856
7.2977568470
7.3125158990
7.4801247885
7.8039612961
8.3241471476
9.1205397202
28.5124566140
32.9243350852
18.8634368826
26.0781590737
31.4650748006
50.3585074591
11.2879046504
11.0260642617
10.9673684694
11.2166572611
11.8561701073
12.9956248942
23.9856303610
122.5356960241
88.0027935970
62.5559646564
82.8797887522
92.3050938177
90.4474614488
12.1204754740
9.9614764771
8.6383927962
7.8719094279
7.4634260578
6.5932451824
6.6930819037
7.1072119995
7.8468049494
8.8536415671
16.2085389568
70.7072001928
32.6975753052
41.5918638695
45.1487613483
67.9909436667
615.0279088010
43.5573859713
66.7124266956
101.2357724087
76.1554740744
60.7719252313
86.1334948588
59.7813798825
72.0216120321
10.8306994902
8.7044090452
7.4604975432
6.8199524374
6.3030324465
6.3623626808
6.6762219648
7.2325532105
8.0328124710
9.1392726845
72.1599095540
69.6339912261
27.7261493018
62.8154958135
55.0578881960
47.1665457508
93.8971163658
68.3686806853
65.7953749946
57.8654308859
74.1094384282
71.5671514321
98.4674314629
12.0064449010
9.7266856277
8.1131413798
7.0924233778
6.5254643279
6.3127597760
6.3709394686
6.7851854301
7.5748318475
8.8468873201
69.2512153459
77.3403260404
37.9983394992
41.3422719928
66.9628927788
68.9237637061
36.7880283029
82.5033690779
105.8271883505
11.1552062150
8.9685451589
7.4936852913
6.6544907960
6.6694735136
6.7918980899
7.5680416481
18.0562351007
60.1538935549
54.6625082446
75.2435147660
85.7417287734
64.1902882661
50.1735963109
8.5918791188
7.2271018728
7.5018555297
8.0358654661
44.4887637917
101.3889886021
80.0715893149
8.6056077187
9.0457822055
6.3030324465
615.0279088010