208.3354030098
205.9558749665
207.7010951013
212.9568976016
221.8273877372
234.9141738821
337.6483722958
271.3452688051
273.5918208940
283.2456733494
321.2644598924
262.5006301065
257.3030737943
253.2021935957
253.2506539322
259.3767492343
273.4561713728
298.1907125828
337.7999846926
564.3148065058
1177.8933270989
1315.4109948071
976.1336475941
1146.3229580857
2429.6266333168
1218.7096684524
307.9059231035
260.3650341093
232.1807084964
216.2477646702
136.6591484537
137.0156867495
140.0572657873
145.8673828447
155.1701598507
169.4127623558
510.3920676255
576.7943158419
327.4224876784
465.0557804714
546.1854130257
889.7789761668
213.1268120158
209.1088935818
208.4088569559
213.0265127072
224.4452032221
244.4610572480
445.1745284372
2224.5683434131
1578.3494615970
1129.6844681190
1481.0633288668
1702.5724603796
1568.2604149114
219.4033038937
182.1354071506
159.4864949120
146.3946387686
139.4368786710
120.7826538680
122.1428038339
128.6521250857
140.6682318936
158.1981007559
298.5346338587
1329.5063603900
597.1529053061
778.3951683794
842.4163759033
1274.3987937893
1451.7239073277
837.8377297734
1285.2783052606
1930.3525539140
1449.9880728451
1149.8272550559
1637.7124585695
1148.0482853457
1350.4904366138
195.6509415227
157.8204038960
136.0557769270
124.8774534875
114.4973934949
115.1995686940
120.2944775873
129.8340697313
144.4463764884
165.8730890317
1416.9039614588
1353.4283472197
529.2426370150
1227.1753357101
1072.3527715248
918.6504686765
1840.9373659081
1340.0225372518
1292.7426605968
1134.2840185652
1450.8526682324
1412.9718514878
1927.3698667450
219.7901261801
176.8381704135
147.2275358112
128.8239500974
118.6384746770
114.8419189565
115.6556770690
123.0831513688
138.0560590170
163.2557943594
1387.9053169849
1541.8115186096
754.1626451688
819.3265816440
1338.9501093783
1380.3532137536
726.4558143411
1658.1426985735
2120.6213763715
206.9288964310
164.5813451665
136.7938112353
121.2425778574
122.3019063451
124.6027805436
139.8066142807
352.5486843076
1216.4480522517
1100.2186635328
1524.1652718918
1740.2135777571
1296.5438759016
1009.8931962204
159.2507410555
132.9216840224
139.3684362070
150.2496920248
897.9951464186
2071.9631749886
1632.4613543723
161.0686078871
170.8261157533
114.4973934949
2429.6266333168