0.8900728678
0.8720693371
0.8751380156
0.8955449379
0.9332551138
0.9909819382
1.5846358949
1.1910678924
1.1643389899
1.2482577385
1.4457626863
1.0972793559
1.0710696120
1.0516499334
1.0525617252
1.0824636180
1.1506188398
1.2713466579
1.4679873918
2.5546189682
6.1040604256
7.4528622523
5.3662392487
5.7034719578
16.4677421017
6.9440523379
1.4460491861
1.1835605262
1.0270880054
0.9371123179
0.5592143090
0.5602739326
0.5731704998
0.5981470980
0.6382933057
0.6997469087
2.1981545052
2.5464221784
1.4618759189
2.0117766309
2.4372202816
3.8890488609
0.8635489417
0.8429441068
0.8382169552
0.8573736957
0.9067556384
0.9949413209
1.8396173878
9.4253314077
6.7819787213
4.8165660369
6.3906604205
7.0843054063
7.0047365572
0.9341525418
0.7665123240
0.6636076321
0.6039614999
0.5721538850
0.5073114717
0.5153830104
0.5481236559
0.6062728483
0.6844497289
1.2457801662
5.4112991233
2.5138660353
3.1854204099
3.4591210764
5.2049463205
249.8906016015
3.3216923998
5.0859768657
7.7297651393
5.8166877446
4.6468766896
6.5806383303
4.5611521121
5.5143538826
0.8351508910
0.6708401915
0.5744341824
0.5247702461
0.4857503613
0.4906400969
0.5153298071
0.5586768420
0.6203104711
0.7045609254
5.4850264652
5.3017360700
2.1175496067
4.7783994902
4.1904331723
3.5898034873
7.1380284813
5.1980684647
5.0005180960
4.3998680740
5.6361183060
5.4350921354
7.4882044514
0.9238303088
0.7493202677
0.6252510548
0.5465309614
0.5027867334
0.4864093928
0.4911094119
0.5231468603
0.5835681202
0.6800789927
5.2457806359
5.8636322609
2.8834643428
3.1377608339
5.0743699754
5.2213334987
2.7940863511
6.2463972644
8.0159092995
0.8565245413
0.6899087552
0.5769952451
0.5125734123
0.5132136349
0.5226268394
0.5816734858
1.3743385719
4.5493029207
4.1376073420
5.6885999524
6.4800922564
4.8557345852
3.7979319805
0.6598697015
0.5558082943
0.5759874131
0.6163274325
3.3659040762
7.6532276481
6.0465465443
0.6598587284
0.6925648468
0.4857503613
249.8906016015