0.0005160816
0.0005020899
0.0005019085
0.0005128664
0.0005347307
0.0005691510
0.0009849034
0.0007035684
0.0006738149
0.0007397456
0.0008722925
0.0006255061
0.0006083159
0.0005960545
0.0005968391
0.0006158883
0.0006591558
0.0007362513
0.0008632209
0.0015526023
0.0040361432
0.0051235530
0.0036501996
0.0036974316
0.0121655581
0.0048301739
0.0008982485
0.0007188287
0.0006115835
0.0005493931
0.0003130140
0.0003134332
0.0003208955
0.0003354911
0.0003590172
0.0003950314
0.0012881149
0.0015223350
0.0008808500
0.0011830447
0.0014689852
0.0023066444
0.0004793646
0.0004656938
0.0004620774
0.0004729099
0.0005018754
0.0005543920
0.0010394305
0.0054506144
0.0039679382
0.0027988261
0.0037518967
0.0040314986
0.0042263677
0.0005406083
0.0004393287
0.0003767474
0.0003404167
0.0003210047
0.0002901094
0.0002958137
0.0003170312
0.0003538300
0.0004006564
0.0007087704
0.0030181436
0.0014442887
0.0017853571
0.0019451507
0.0029127138
1.9230207102
0.0018075934
0.0027630838
0.0042472654
0.0032000942
0.0025744055
0.0036262199
0.0024851452
0.0030845880
0.0004841059
0.0003874605
0.0003299258
0.0003002277
0.0002799639
0.0002836470
0.0002992727
0.0003255535
0.0003608842
0.0004063441
0.0029135604
0.0028502905
0.0011614249
0.0025538955
0.0022472872
0.0019249893
0.0037993381
0.0027673920
0.0026542271
0.0023420998
0.0030043225
0.0028684770
0.0039926777
0.0005286846
0.0004316222
0.0003607622
0.0003150437
0.0002895557
0.0002799175
0.0002831784
0.0003018506
0.0003351883
0.0003859172
0.0027198263
0.0030587834
0.0015124277
0.0016489154
0.0026384927
0.0027090882
0.0014745636
0.0032274732
0.0041569923
0.0004837277
0.0003937819
0.0003309932
0.0002945599
0.0002930668
0.0002982943
0.0003297300
0.0007344148
0.0023329781
0.0021341487
0.0029110672
0.0033090463
0.0024941254
0.0019589021
0.0003729085
0.0003164919
0.0003247078
0.0003451849
0.0017302493
0.0038752771
0.0030711097
0.0003692258
0.0003839530
0.0002799175
1.9230207102