0.9686286964
0.9490217631
0.9523541894
0.9745603275
1.0156014255
1.0784312197
1.7248997482
1.2962879687
1.2671114735
1.3585877398
1.5736113589
1.1940858085
1.1655496134
1.1444083318
1.1454005063
1.1779502499
1.2521414441
1.3835642778
1.5976330419
2.7805519747
6.6458369428
8.1151944896
5.8426300365
6.2089094236
17.9351786720
7.5603211134
1.5739378365
1.2881611737
1.1178058607
1.0198454684
0.6085264034
0.6096787005
0.6237141962
0.6508971695
0.6945900043
0.7614721225
2.3923466363
2.7715111494
1.5911092425
2.1895241194
2.6527546489
4.2328286036
0.9396764877
0.9172417300
0.9120918345
0.9329390190
0.9866844414
1.0826667797
2.0019480398
10.2575990175
7.3812169138
5.2422013145
6.9553560623
7.7094299258
7.6244144549
1.0166299932
0.8341630641
0.7221553061
0.6572326615
0.6226111175
0.5520824760
0.5608742734
0.5965220869
0.6598283160
0.7449190666
1.3556957556
5.8884466084
2.7358290755
3.4664039087
3.7642129868
5.6641937472
259.9345819467
3.6143853108
5.5340836692
8.4110140429
6.3294490479
5.0565861722
7.1607356551
4.9627186898
6.0007173895
0.9088942425
0.7300651796
0.6251365580
0.5710821788
0.5286303092
0.5339577340
0.5608368299
0.6080198588
0.6750937539
0.7667618580
5.9678785672
5.7685815206
2.3041233046
5.1991898558
4.5593195225
3.9059314500
7.7663429026
5.6556266848
5.4406641777
4.7871868951
6.1320463923
5.9134341253
8.1478148754
1.0053670514
0.8154686820
0.6804487839
0.5947765980
0.5471689379
0.5293440313
0.5344626984
0.5693302178
0.6350766449
0.7400776662
5.7070521460
6.3794419097
3.1369953599
3.4139446127
5.5204717010
5.6805348972
3.0398989328
6.7955937812
8.7212774488
0.9320803884
0.7507896342
0.6279204585
0.5578151533
0.5584998126
0.5687427892
0.6329861826
1.4953243461
4.9492863923
4.5013478046
6.1887190429
7.0494814472
5.2824445238
4.1316727705
0.7180752001
0.6048481815
0.6267865625
0.6706701603
3.6616016165
8.3251983320
6.5778688942
0.7180388971
0.7536049414
0.5286303092
259.9345819467