276.8511825437
276.4785740012
280.2639296115
287.7958114027
299.3679068510
315.6896197077
391.9798419266
354.1371469945
362.6235352981
366.8588380493
398.8060332829
356.5638046024
351.6797438655
347.3806561137
347.4073780419
354.1504136293
369.6062486687
396.2152065728
437.3418073359
677.7836793589
1145.5201261036
1188.1537610323
878.9937876165
1152.4736326862
1799.3606049419
944.6980505589
360.6667097264
319.6431874691
295.6013039749
282.5295173102
190.6531399536
191.2360231799
195.2131800388
202.7322471290
214.7316786549
233.0842321049
653.7023711984
708.1862936205
397.2504857348
591.4566463355
659.3914077630
1109.0797232947
300.0793892325
296.5153778873
296.4972511653
302.8948897574
317.6659226987
342.7647289420
609.5173583776
2920.3850581853
2028.4227353761
1473.0596806493
1891.9982155119
2302.8436721850
1885.8864621625
291.5417554326
245.8167808599
218.2970952601
202.4039894197
193.9668369685
164.0484829760
165.0580677157
171.9822494857
185.6032525355
207.8215108118
408.1137734406
1858.2633886093
797.5128243889
1080.8935634863
1162.4156398022
1769.0111212379
161.7655118336
1212.0557498840
1862.6128736326
2752.9233223276
2064.5898100833
1623.0349054236
2328.3439537553
1658.9406967780
1879.1176923625
259.8389990256
210.9974021494
183.5443387492
169.4728931863
153.9881139520
154.2877117017
160.0959184073
171.9986850765
191.9491068622
223.4417743909
2112.7515430782
1989.1981705535
759.8784944175
1816.1152967567
1579.9956404950
1353.7158616232
2735.3691305417
1991.0159180539
1927.7544590529
1686.5523202966
2153.0628627595
2121.7835268989
2858.9348205744
297.9815654928
237.5633361271
197.4214605117
173.0886806393
159.6908639088
154.9537846119
155.6786922371
165.6195266909
187.1362674510
225.2454097208
2125.7923234065
2344.8899502852
1141.4433838908
1237.0842982007
2043.6948054250
2111.2176219874
1091.9037288226
2547.3855082650
3245.4004399280
286.3519922342
224.4222721675
185.2619808562
163.8542216056
167.0025177305
170.3676471149
193.1194230029
523.5651705931
1883.8935902439
1693.9964618467
2364.4559870777
2705.7483395933
2004.4121832420
1554.9603312221
220.4681924062
182.1447491517
193.8413929541
210.9296017215
1387.8567534192
3247.9020682018
2551.9904266414
226.1783489040
242.9224010691
153.9881139520
3247.9020682018