178.0380748201
175.6758701944
176.9980540759
181.4318914545
189.0486803309
200.3742494613
295.2607779191
233.0774728741
233.9650776782
243.6342966203
278.0418087217
223.4671066150
218.7743424759
215.1184411707
215.1533439506
220.5522492046
232.9801071255
254.8854928790
290.1433231516
491.1270069984
1057.9787751693
1198.3142914429
886.2964241788
1022.8183192287
2284.2865298388
1119.7507679936
268.9261008365
225.6454978707
199.9564213935
185.3743109232
115.7264896757
116.0173367675
118.6262221882
123.6201353688
131.6217044417
143.8758510172
439.9553597032
500.5229181209
284.1687838304
401.1160649997
474.9498883025
770.6577426716
180.1910080088
176.5280739223
175.8080693177
179.7212086245
189.5402152541
206.8557253090
378.8897578129
1910.5383920209
1360.3308646373
971.0314256809
1278.0260948802
1454.0564765715
1366.6545412686
187.6383896764
155.2825461375
135.5874583226
124.2017819097
118.1496801927
102.8290279416
104.0878426619
109.8643861218
120.4287176383
135.5624035368
254.1037386919
1127.8429706094
511.0770190835
661.0646569754
716.4053841428
1082.6477082687
1427.3336430503
705.0898392434
1081.3488053865
1630.3517614390
1224.6922204215
972.8930758780
1383.8052327329
966.0378887858
1146.6293408987
167.3367735819
134.7955601448
115.9953823466
106.3356887589
97.6602147938
98.3368867491
102.8110372963
111.0653149083
123.5026630922
141.4698711504
1183.3834071415
1134.6924328909
445.9990930648
1027.0026377216
898.4025392296
769.5449340233
1539.2878122644
1120.2420237344
1079.5537749678
947.7062859183
1213.0187611275
1177.3861536909
1611.9671079761
187.2032654382
150.8867683130
125.6617393967
109.9072075999
101.1785943735
97.8826695327
98.6213553762
104.9627422195
117.5661170449
138.5411750986
1150.3346576516
1280.7872770929
627.0018018446
681.7295326564
1110.9547156452
1144.5194147075
604.9127401810
1372.9217089981
1758.2683125092
175.4708346052
139.9850500908
116.5098964236
103.3069168778
103.9806639813
105.9082493985
118.5839416373
294.3003628244
1004.6927256390
910.3260708903
1258.3632485262
1435.6968761894
1071.2726762891
835.2255319787
135.0075424733
112.9280798969
118.0278681448
126.9920372002
741.9237059835
1705.1306740480
1344.3286248487
136.1226186053
143.9680083529
97.6602147938
2284.2865298388