296.9640781984
293.8107231885
296.4585415864
304.0631937852
316.7917384234
335.5073323299
478.2938117732
385.9948660444
390.7598421806
402.6199838573
456.9916986965
375.1815824094
367.7432626163
361.8266381990
361.8089194512
370.4384778225
390.3676920814
425.4048399708
481.4864490290
805.0525121336
1653.6815030188
1826.6928052156
1356.7922761901
1627.2442170577
3266.4204064122
1695.1269204643
435.5141509450
369.2519608041
330.0066873173
307.8751305904
195.5029269130
196.0326491942
200.3929999112
208.7065778157
222.0121910100
242.3929196781
732.2280780979
826.9675636497
467.9401633037
666.7463774088
782.2188458829
1277.0658090693
305.2562289986
299.4841126316
298.4534502258
305.0363830999
321.3554719690
349.9746935212
638.1944708907
3194.7900396370
2265.5430184251
1620.8650434427
2125.8012126647
2444.2912734991
2250.0094155148
313.3568986071
260.2092172155
227.9596098165
209.3320332135
199.4405439848
172.3987180984
174.2551089193
183.3691185198
200.2757435760
225.1924620074
426.7930834951
1908.0013906526
856.4316075015
1116.7372547334
1208.9844819054
1829.7006472443
1525.0357734031
1201.6851625305
1843.8529286480
2770.6600829737
2080.2753259256
1649.1290125211
2349.4545206536
1645.4999021789
1937.9306339287
279.2388242482
225.2187251331
194.1929750610
178.2624159933
163.2556126939
164.1825677335
171.3379250429
184.8370304232
205.6744602874
236.4171105165
2030.3838785912
1940.4460652869
758.3282826307
1759.2189392791
1537.4206588449
1316.8882037564
2639.6460002644
1920.8495269011
1852.5749519457
1625.0678397055
2079.1659083336
2023.6644791189
2762.7639217481
313.8093726753
252.3385028545
210.0171911322
183.7427987738
169.1992564480
163.7148490371
164.8165365885
175.3593655053
196.7462598939
232.8726073768
1986.8050930983
2208.3120122208
1079.5675644017
1173.2061294282
1917.3018105616
1976.2830545697
1039.7830133345
2373.3460374214
3036.5504571527
295.4644340762
234.8522636691
195.1160272625
172.8875799544
174.3975698409
177.6519002333
199.3907740739
504.0610848071
1740.2992081448
1574.4338428376
2180.8721616382
2489.7552152478
1854.9009483453
1444.5916518124
227.2715040438
189.6025383068
198.8432767221
214.4114699788
1284.3953942760
2963.5215547602
2334.7294626902
229.9062209503
243.8893158036
163.2556126939
3266.4204064122