4.7886278207
4.6906933402
4.7041631977
4.8089919436
5.0045232541
5.3045219468
8.4559045176
6.3696419572
6.2103376849
6.6806559240
7.7061097619
5.8707520423
5.7413401120
5.6479332831
5.6591296440
5.8196810510
6.1777199485
6.8070856716
7.8277010359
13.3497317508
32.0945902944
39.5022763922
28.5819280464
29.6834577613
88.5353352434
37.1098243020
7.7443847180
6.3512546886
5.5195830704
5.0403295300
3.0083291525
3.0133177235
3.0805746797
3.2113153461
3.4214655266
3.7423726819
11.3097435382
13.0780131282
7.6682478699
10.4078302723
12.5875113044
19.8621416511
4.6270176506
4.5293595093
4.5121012178
4.6165796629
4.8755831531
5.3324161003
9.6542914405
48.2152861543
34.7062365958
24.7652879057
32.6405841774
36.5231582691
35.5662121396
4.9713897967
4.0967773409
3.5578181640
3.2445097710
3.0769198461
2.7287710241
2.7719907390
2.9465575134
3.2562509831
3.6704324174
6.6060543068
28.2146937736
13.0164439955
16.6358043637
18.0041079375
27.0438435352
168.6833370208
17.6661597701
27.0100514881
40.6050244141
30.6660999752
24.4686868407
34.6593407143
24.3843001582
28.7384224382
4.4564321514
3.5912938385
3.0831142115
2.8209289925
2.6163432428
2.6429548667
2.7755333461
3.0081567679
3.3389117690
3.7919775675
29.8537287571
28.4735473304
11.3070217886
25.8131062344
22.5729582746
19.3602002506
38.5797794028
28.1848029649
27.2522321906
24.0120004339
30.6212890672
29.9550519535
40.5397501173
4.9584793956
4.0205501651
3.3582913747
2.9392985041
2.7067151690
2.6270063301
2.6531921948
2.8275051028
3.1572996106
3.6881134304
29.4711919467
32.5519445287
16.0659618634
17.3927847302
28.3521569319
29.2866594796
15.5281430702
35.2962185787
44.8871715729
4.6406573710
3.7264005133
3.1142422736
2.7672559434
2.7836272919
2.8371393619
3.1655974340
7.6510550357
26.0432985543
23.4765766145
32.5589761407
37.2194174487
27.7754049928
21.6934517546
3.5885085794
3.0155318794
3.1434933530
3.3739294110
19.3032323415
44.5080588800
35.1145225535
3.6113259956
3.8102072007
2.6163432428
168.6833370208