0.2845689232
0.2784943428
0.2792951389
0.2857325202
0.2977753544
0.3162959570
0.5121886570
0.3824163204
0.3720125533
0.4008466282
0.4653771281
0.3498161415
0.3412861701
0.3350097372
0.3353332088
0.3450417720
0.3671468529
0.4063356530
0.4702781438
0.8221119721
1.9940096604
2.4641292897
1.7642765130
1.8541614259
5.5827767423
2.2882053020
0.4675955938
0.3812769841
0.3297948505
0.3001436527
0.1778075102
0.1781245240
0.1822406949
0.1902286713
0.2030751957
0.2227390660
0.7030688192
0.8167680167
0.4695586474
0.6437630786
0.7827233906
1.2459621542
0.2741915840
0.2674763032
0.2659009338
0.2720047302
0.2878156903
0.3161111833
0.5855752042
3.0089158555
2.1686667915
1.5389962502
2.0446283262
2.2568469733
2.2498476803
0.2985656909
0.2446266693
0.2114732259
0.1922485868
0.1819911348
0.1618825326
0.1645545763
0.1752263380
0.1941050870
0.2192559200
0.3972359487
1.7194083147
0.8021871002
1.0129346741
1.1002391689
1.6544086332
347.2364107449
1.0517868440
1.6101331915
2.4506335240
1.8445734194
1.4751075484
2.0873219803
1.4446514330
1.7527453188
0.2670384993
0.2143933420
0.1834265615
0.1674659733
0.1552167345
0.1568582691
0.1648767918
0.1788540324
0.1985508099
0.2252279675
1.7313608156
1.6762516047
0.6714614866
1.5094556950
1.3243732931
1.1345432215
2.2533802400
1.6410006694
1.5781146402
1.3890641301
1.7797098426
1.7138668423
2.3647549746
0.2948224828
0.2393867950
0.1998136368
0.1746371126
0.1606385185
0.1554022951
0.1569583634
0.1672244514
0.1864185869
0.2168517946
1.6499517411
1.8460040145
0.9084323842
0.9888395506
1.5966626311
1.6424817919
0.8810324245
1.9635627162
2.5212321867
0.2728076264
0.2201095953
0.1842388975
0.1637202938
0.1637730227
0.1667722677
0.1854264436
0.4342033630
1.4285880148
1.3003923097
1.7857508418
2.0335127639
1.5250725029
1.1935087561
0.2102125184
0.1772790498
0.1834383760
0.1960967163
1.0572137021
2.3984904843
1.8958647910
0.2098965194
0.2199955524
0.1552167345
347.2364107449