173.6120978833
172.9457911382
175.1784924259
179.9808843230
187.5260339194
198.3038355222
258.2179773078
224.2583868392
229.4670105959
232.6267480870
257.7597287860
223.3127727804
219.4636127524
216.1724305109
215.9800070180
220.4630329717
231.0103409495
249.4672694501
278.5564106870
452.2919078908
817.9754605695
860.2360544606
631.9642536485
828.1930568097
1356.8306348280
718.0147359279
235.6075323020
205.4699095550
187.7716320872
178.0372469388
118.0500486067
118.4224072084
121.0007061946
125.8727214746
133.6524550570
145.5785474014
431.8228018356
476.9843283594
263.7711296104
390.2436270834
444.9461311773
745.4733579046
185.7701163131
182.7656556882
182.3255870632
186.2471165880
195.7939582464
212.3657435888
386.0794938349
1914.3257188496
1341.8145288620
964.8924342311
1256.5616423835
1481.7293904634
1293.0523396479
184.6894908998
154.4480126648
136.2555397999
125.7753391234
120.2265599090
102.3391236272
103.1070089741
107.7811562548
116.8005429797
131.0916167797
256.1444971498
1170.7893009015
514.6335332326
682.4234449501
737.5659142457
1120.8765619211
180.2038554079
744.9016136572
1144.9387739391
1713.5275790651
1283.1543767996
1012.5765582052
1448.3065586193
1016.6307300243
1186.2780117104
164.2493714974
132.7645936641
114.9427447291
105.8098057161
96.2297558730
96.5062314382
100.3086330610
107.9047335450
120.3197896220
139.4987261356
1268.4447271519
1208.7000081431
467.1277338608
1097.7006291399
957.9816259174
820.1899673128
1650.7800891937
1199.6534315123
1157.0304865026
1012.6128484408
1296.3381571505
1263.5268664531
1724.4792495824
186.3020900753
148.9946123643
123.7900292021
108.3515724294
99.8240181338
96.5506852753
97.0253434054
103.1724196068
116.2188037534
138.9260153880
1246.9848384691
1385.8660911081
674.6164073502
733.4499035845
1203.1672134865
1240.0601139151
647.6181932292
1489.5336594663
1907.0990782138
176.7853901890
139.4543820591
115.4043961954
102.0973542920
103.3950198871
105.3504456418
118.8467761775
311.2936370543
1093.0907546356
988.1405148126
1371.3799244114
1566.0130107405
1164.1395989049
904.7122666976
135.7644180367
112.6576004887
118.9039578060
128.7713939148
805.1898867957
1866.5277111543
1468.6737187607
138.1481267008
147.3636815675
96.2297558730
1914.3257188496