0.0000316174
0.0000307575
0.0000307454
0.0000314170
0.0000327578
0.0000348691
0.0000603932
0.0000431161
0.0000412900
0.0000453433
0.0000534719
0.0000383208
0.0000372637
0.0000365093
0.0000365559
0.0000377241
0.0000403792
0.0000451114
0.0000529066
0.0000952051
0.0002477504
0.0003147994
0.0002239542
0.0002268280
0.0007470977
0.0002965323
0.0000550846
0.0000440675
0.0000374822
0.0000336633
0.0000191668
0.0000191924
0.0000196499
0.0000205447
0.0000219871
0.0000241954
0.0000790180
0.0000933866
0.0000540034
0.0000725843
0.0000901423
0.0001416364
0.0000293557
0.0000285139
0.0000282898
0.0000289528
0.0000307285
0.0000339498
0.0000637137
0.0003344548
0.0002434315
0.0001716809
0.0002302035
0.0002472781
0.0002592915
0.0000331266
0.0000269142
0.0000230756
0.0000208474
0.0000196568
0.0000177684
0.0000181183
0.0000194193
0.0000216753
0.0000245455
0.0000434293
0.0001850413
0.0000885825
0.0001094184
0.0001192684
0.0001785934
0.1409838612
0.0001107015
0.0001692485
0.0002602226
0.0001961093
0.0001577662
0.0002222663
0.0001522293
0.0001890962
0.0000296617
0.0000237368
0.0000202093
0.0000183885
0.0000171477
0.0000173738
0.0000183317
0.0000199422
0.0000221063
0.0000248893
0.0001783722
0.0001744571
0.0000711310
0.0001562610
0.0001375940
0.0001178115
0.0002324772
0.0001692930
0.0001623859
0.0001432485
0.0001838293
0.0001753142
0.0002443772
0.0000323824
0.0000264393
0.0000220985
0.0000192971
0.0000177353
0.0000171431
0.0000173430
0.0000184864
0.0000205265
0.0000236282
0.0001660262
0.0001869205
0.0000923648
0.0001007810
0.0001611669
0.0001654716
0.0000900832
0.0001971080
0.0002537715
0.0000296142
0.0000241135
0.0000202704
0.0000180396
0.0000179442
0.0000182638
0.0000201852
0.0000448903
0.0001424275
0.0001302784
0.0001776794
0.0002018602
0.0001522462
0.0001195964
0.0000228276
0.0000193775
0.0000198743
0.0000211240
0.0001056202
0.0002362832
0.0001872044
0.0000225947
0.0000234890
0.0000171431
0.1409838612