8.8362574272
8.6726000800
8.7111177153
8.9169068007
9.2904814822
9.8583805460
15.4473380811
11.7735988625
11.5590433967
12.3265667631
14.2143258383
10.9351439478
10.6846241340
10.4973755634
10.5061306074
10.7957577943
11.4555481614
12.6217766893
14.5149417553
25.0149040193
58.4068239584
70.7191105998
50.9750994392
54.8810071569
154.0572470043
65.4702285702
14.0965488934
11.6089306936
10.1271896029
9.2772900792
5.6000086360
5.6112168179
5.7390361220
5.9860701615
6.3828735859
6.9901796474
21.7009689027
25.0117470464
14.3546538541
19.8522625388
23.9011830775
38.2552429702
8.6613646875
8.4657037845
8.4235210571
8.6150999403
9.1031996323
9.9707820754
18.3464304061
93.3152146321
66.9577359292
47.6492750267
63.0351725800
70.4500413461
68.5863629886
9.2740560743
7.6297777147
6.6218838709
6.0377849605
5.7263759446
5.0549734168
5.1306669799
5.4460407213
6.0099849926
6.7794365747
12.4142717001
54.1093110945
24.9534111018
31.8233814769
34.5206167851
51.9906415342
519.4957865381
33.4489360125
51.2281039869
77.5967055282
58.3877850103
46.5688947906
66.0287954888
45.9293990820
55.0996768879
8.2900205701
6.6664475202
5.7171616012
5.2282651900
4.8317859029
4.8767468646
5.1163538212
5.5419839725
6.1559420787
7.0073972204
55.6198506884
53.5688851180
21.2947488576
48.3645182685
42.3701619763
36.3024835605
72.3139002930
52.6684169202
50.7176417515
44.6028926496
57.0967517545
55.2396702481
75.8362681382
9.2024909578
7.4525475701
6.2166359776
5.4357219903
5.0020952879
4.8412426599
4.8857634245
5.2038343594
5.8118087711
6.7939865983
53.5998778153
59.7762055873
29.3711683737
31.9379528126
51.7960856654
53.3342588820
28.4181892386
63.8964976834
81.8788541462
8.5647465887
6.8800996103
5.7469838649
5.1032763156
5.1191784679
5.2140318502
5.8136817807
13.9424254931
46.6576271286
42.3550792829
58.3672852069
66.5382515304
49.7828812033
38.8977485945
6.5993783359
5.5478750227
5.7654359766
6.1800570199
34.5085219923
78.7964340437
62.2108741161
6.6176931207
6.9632780131
4.8317859029
519.4957865381