0.8598483256
0.8424772205
0.8454534988
0.8651729801
0.9016031468
0.9573648812
1.5304825102
1.1505454170
1.1248093492
1.2057655759
1.3965004345
1.0600800936
1.0347718919
1.0160173082
1.0168964307
1.0457728424
1.1115916583
1.2281781362
1.4180657698
2.4675119373
5.8936272776
7.1951853398
5.1803557924
5.5074808945
15.8948849877
6.7035214078
1.3965926972
1.1431779807
0.9921161645
0.9052548297
0.5402917447
0.5413166567
0.5537755366
0.5779035086
0.6166852142
0.6760501289
2.1234457163
2.4596809692
1.4120415218
1.9432656721
2.3541222577
3.7566514527
0.8343499189
0.8144544641
0.8098928405
0.8284010927
0.8761047815
0.9612881309
1.7773307326
9.1052890749
6.5516718164
4.6532233012
6.1735413897
6.8441564183
6.7661488532
0.9024382966
0.7405142131
0.6411210470
0.5835106913
0.5527889622
0.4901065200
0.4978964583
0.5295094541
0.5856624771
0.6611751837
1.2035605412
5.2282849850
2.4285848167
3.0776326695
3.3420682329
5.0288516891
246.0555492599
3.2095059920
4.9143375441
7.4685460015
5.6201330449
4.4896216590
6.3581727108
4.4072405804
5.3277223689
0.8067916743
0.6480681906
0.5549454755
0.5069731211
0.4692630352
0.4739805246
0.4978224330
0.5396893042
0.5992327432
0.6806453660
5.3004053830
5.1229780106
2.0460355115
4.6174406357
4.0490865239
3.4688364343
6.8976290258
5.0230243560
4.8321192915
4.2515918080
5.4460760802
5.2521688499
7.2361616086
0.8925005839
0.7238912013
0.6040283135
0.5279816174
0.4857232579
0.4699022569
0.4744386563
0.5053868700
0.5637667488
0.6570332557
5.0695453507
5.6666091773
2.7864299139
3.0323319459
4.9038671977
5.0458693924
2.7000380312
6.0366452347
7.7468599361
0.8275140569
0.6665165670
0.5574213270
0.4951814474
0.4958104479
0.5049049516
0.5619631641
1.3280271159
4.3966311215
3.9986521670
5.4976127359
6.2626381644
4.6927606348
3.6703271175
0.6375171589
0.5369664476
0.5564803065
0.5954674204
3.2528721141
7.3965661513
5.8439013937
0.6375275745
0.6691471694
0.4692630352
246.0555492599