0.0123051812
0.0119922657
0.0119948440
0.0122523837
0.0127596767
0.0135540176
0.0229451859
0.0166218868
0.0159719785
0.0174648935
0.0204645158
0.0149112926
0.0145321370
0.0142646405
0.0142928477
0.0147355078
0.0157272421
0.0174837990
0.0203644191
0.0359370614
0.0919217859
0.1163454049
0.0831072017
0.0842389400
0.2744670731
0.1096231522
0.0209728817
0.0169024606
0.0144688366
0.0130585015
0.0075359306
0.0075457935
0.0077197359
0.0080598878
0.0086075178
0.0094441272
0.0297009663
0.0349916663
0.0204947947
0.0273866618
0.0338355214
0.0528573629
0.0115114396
0.0112189764
0.0111534138
0.0114158423
0.0120905294
0.0132989349
0.0244016117
0.1248642041
0.0909045040
0.0643612632
0.0858339613
0.0928695872
0.0962043163
0.0127954510
0.0104585918
0.0090126703
0.0081716819
0.0077215053
0.0069470588
0.0070757453
0.0075637900
0.0084142682
0.0095065052
0.0167070394
0.0702003615
0.0334280004
0.0416282237
0.0452420832
0.0676388442
8.7183052621
0.0429202073
0.0654924407
0.0995508997
0.0753284422
0.0604704979
0.0851803291
0.0593060759
0.0716970966
0.0114771307
0.0092202814
0.0078788357
0.0071854600
0.0067003766
0.0067828674
0.0071460364
0.0077631809
0.0086041861
0.0097037550
0.0711385569
0.0684354271
0.0276879202
0.0617856009
0.0542021389
0.0464949985
0.0920272166
0.0673005507
0.0649815572
0.0574359056
0.0732156980
0.0713069990
0.0968296562
0.0126302093
0.0102973226
0.0086126334
0.0075314424
0.0069290861
0.0067199655
0.0067953846
0.0072433161
0.0080572939
0.0093207168
0.0695903163
0.0768754778
0.0382089859
0.0413299426
0.0669622231
0.0692019529
0.0371001627
0.0834105627
0.1058457932
0.0117008679
0.0094751735
0.0079497552
0.0070726675
0.0070797214
0.0072110924
0.0080019456
0.0184988879
0.0616123125
0.0555155612
0.0768759611
0.0879078386
0.0657880298
0.0515440131
0.0090579749
0.0076547309
0.0079206036
0.0084585834
0.0458302883
0.1052319181
0.0831728905
0.0090521802
0.0094885759
0.0067003766
8.7183052621