218.3623734468
215.9631745443
217.8412347879
223.3666440749
232.6536018132
246.3292538987
351.9557014291
284.0320905085
286.7157020620
296.3843673403
335.7175000350
275.3824440616
270.0064350575
265.7511388348
265.8030267550
272.1756108954
286.8166188604
312.5172023715
353.6220514129
588.9193978618
1219.1891880689
1356.8866802864
1007.9156287216
1189.2111115484
2483.7650526036
1255.0000534311
321.0511685735
271.9885379435
242.9106677251
226.4897595341
143.5410145055
143.9187906837
147.1039052281
153.1851258566
162.9203309119
177.8242954090
533.8651251596
602.3776076845
341.9474971691
486.3832810607
570.1482229470
929.6568202826
223.9441486851
219.7987102933
219.0999121068
223.9489573859
235.8988739678
256.8160596913
467.0350075677
2328.8314074605
1650.9942173478
1182.3992394817
1548.7664242299
1784.7407478174
1636.1890107786
229.9151578625
191.0022540721
167.3630860126
153.6992683696
146.4378837605
126.7006205860
128.0955880033
134.8508578367
147.3519517710
165.6763467600
313.1679549994
1395.8267343555
625.6489292254
817.0133178901
883.9446563712
1337.5248014974
1435.8166415813
881.2860731284
1351.9786763663
2028.7507642058
1523.8644508487
1207.9085708656
1721.0257117412
1207.6284965715
1417.5773917671
205.0167319214
165.4288515804
142.6761831869
130.9912355520
120.0526338351
120.7641747478
126.0658867952
136.0309903740
151.3587013257
173.9169766562
1492.9824148849
1424.8483225881
556.5084314649
1292.4779390158
1129.1334881712
967.3140057833
1939.2914596256
1411.6723107279
1362.2372902746
1195.1039349361
1528.4154203341
1489.6688796061
2030.2089898277
230.5370141926
185.4065677642
154.3490573730
135.0684471751
124.3998911415
120.4347256917
121.2733150369
129.0576478840
144.8054177270
171.3807927843
1465.0503462919
1626.6706295103
795.5250327330
864.0942964519
1413.0356205761
1456.9644613733
766.0168974659
1750.7596739728
2238.3332439166
217.2738270676
172.6848826549
143.4820170755
127.1573823029
128.3347859566
130.7564487231
146.7832312776
371.5301559719
1285.1432438184
1161.8486211469
1610.3715296338
1838.9275943033
1369.6209954830
1066.5942213666
167.2214899415
139.5032912664
146.3795495486
157.8813673750
948.6365655585
2190.8140847341
1725.8151134870
169.2551603863
179.6260945603
120.0526338351
2483.7650526036