23.8786638649
23.4414981471
23.5486216755
24.1064251687
25.1166400860
26.6509317807
41.6505698820
31.7629516176
31.2441158080
33.2597414122
38.3394646092
29.5689420665
28.8935453989
28.3876638059
28.4101402196
29.1901674076
30.9682849268
34.1111027610
39.2113495712
67.5441749940
157.1599808614
189.1168145141
136.8524561807
147.8744117232
407.1007699094
175.9598222766
38.0119468271
31.3267417183
27.3451102921
25.0621103612
15.1478922714
15.1787606137
15.5245459001
16.1924040138
17.2650021458
18.9066929885
58.6866845801
67.6071113745
38.7710879573
53.6758277610
64.5809456028
103.4438845201
23.4380756169
22.9102366659
22.7965071216
23.3142973062
24.6332574392
26.9771815611
49.6384129989
252.4705159029
181.1008467772
128.8827069806
170.4719520925
190.6380215078
185.3735543929
25.0620609296
20.6236205565
17.9040651865
16.3283116393
15.4884103707
13.6617056154
13.8647557965
14.7133803760
16.2320031980
18.3077075476
33.5653117724
146.4605324073
67.4884168171
86.1184194850
93.4238032749
140.7330592935
723.7228598699
90.5715938981
138.7253908533
210.1066406916
158.0752895862
126.0591918765
178.7581046480
124.3452132189
149.1360377608
22.3977940949
18.0119670640
15.4492806031
14.1297738491
13.0534465352
13.1735459599
13.8185679895
14.9660079193
16.6240095786
18.9274271835
150.6327639191
145.0641803129
57.6313875193
130.9805154033
114.7452683861
98.3078318484
195.8621504800
142.6457084162
137.3640851861
120.7938479348
154.6317778329
149.6117548189
205.3985392597
24.8706835062
20.1362211825
16.7951165154
14.6852897412
13.5139705075
13.0784268443
13.1976180964
14.0560378010
15.6996891971
18.3588224752
145.1969228281
161.9266437514
79.5439296546
86.4994302143
140.3077219000
144.4786185620
76.9566452717
173.0942397738
221.8202404628
23.1529305429
18.5925430222
15.5275008603
13.7871565016
13.8316691104
14.0877035824
15.7104481902
37.7373101090
126.3995330430
114.7364122379
158.1303573631
180.2728443424
134.8566166681
105.3617907428
17.8375130246
14.9916666960
15.5830662181
16.7062124669
93.4781427680
213.5036026854
168.5530630946
17.8908175873
18.8290133435
13.0534465352
723.7228598699