5.0675768924
4.9718563636
4.9931304415
5.1110974979
5.3259758123
5.6531087539
8.9050555803
6.7610142977
6.6335010477
7.0804370411
8.1794489032
6.2679411986
6.1220362484
6.0131152033
6.0177735037
6.1849046369
6.5661752530
7.2407745818
8.3371547883
14.4234187134
33.8499476107
41.0410922978
29.5665375125
31.8157682557
89.4906548486
38.0199989068
8.1203555511
6.6770656836
5.8173093871
5.3239538087
3.2053846005
3.2117726958
3.2852545503
3.4273001597
3.6554897125
4.0047902273
12.4941160249
14.4252889184
8.2749892044
11.4300324221
13.7896138520
22.0575745204
4.9565038946
4.8421934723
4.8168518348
4.9264547353
5.2070803472
5.7068016323
10.5230520088
53.6864367857
38.5560871682
27.4143238974
36.3075965733
40.4627149162
39.6035188785
5.3224935298
4.3750146742
3.7941813651
3.4576177690
3.2782033829
2.8969045610
2.9408792192
3.1230700658
3.4483626963
3.8908170932
7.1171741836
31.0122400911
14.3375478004
18.2448230679
19.8004141535
29.8138605800
455.1224311482
19.1215579519
29.2830151678
44.4146344176
33.4169255388
26.6669660542
37.7966564830
26.2504680801
31.5892371320
4.7573514724
3.8239563934
3.2777585745
2.9964463565
2.7699905351
2.7961899724
2.9343032841
3.1789977839
3.5307859665
4.0169555621
31.7094521794
30.5832807270
12.1759077837
27.5932502736
24.1836118250
20.7171458608
41.2478900630
30.0365611546
28.9118490224
25.4293558272
32.5635575314
31.4628066493
43.2574569872
5.2748966868
4.2735771091
3.5649472884
3.1166503057
2.8676379134
2.7746799902
2.8003914021
2.9826392313
3.3298896524
3.8891980565
30.4672606120
34.0114566897
16.7134974595
18.1800966920
29.4540794898
30.3214305476
16.1798996062
36.3051578586
46.5539327761
4.9026580867
3.9415101925
3.2934468731
2.9247556718
2.9318740213
2.9858629793
3.3273279169
7.9429173491
26.4809478874
24.0585970457
33.1252392528
37.7512626139
28.2557964833
22.0865138185
3.7768863189
3.1768995629
3.2983181627
3.5334544525
19.5877851011
44.6594736530
35.2674845153
3.7837231192
3.9779249489
2.7699905351
455.1224311482