0.9332866442
0.9144106692
0.9176295904
0.9390283025
0.9785702186
1.0391005787
1.6615946848
1.2488865702
1.2208761906
1.3088540686
1.5159745082
1.1505601160
1.1230764598
1.1027127225
1.1036680702
1.1350216614
1.2064862350
1.3330759719
1.5392642446
2.6787792860
6.4005973724
7.8140209364
5.6263954507
5.9803894682
17.2648344992
7.2811028519
1.5162367114
1.2410123728
1.0769482797
0.9826076068
0.5863703099
0.5874818113
0.6010050447
0.6271948817
0.6692909022
0.7337288961
2.3049050610
2.6700978806
1.5328528703
2.1095111429
2.5556184362
4.0779474729
0.9054846077
0.8838782781
0.8789215174
0.8990097654
0.9507919817
1.0432633530
1.9290054553
9.8833789904
7.1116363825
5.0505354615
6.7012666140
7.4285068525
7.3452078459
0.9795138476
0.8037327902
0.6958315436
0.6332895237
0.5999377983
0.5319449285
0.5404082762
0.5747384994
0.6357109926
0.7176838009
1.3062857459
5.6740280445
2.6359366633
3.3401815218
3.6271265680
5.4578502212
253.8855772591
3.4830466007
5.3330151630
8.1054268843
6.0991848637
4.8725593521
6.9003009797
4.7825348551
5.7820569371
0.8757041941
0.7034143949
0.6023270322
0.5502515111
0.5093354062
0.5144622176
0.5403503510
0.5858017309
0.6504277543
0.7387690693
5.7514326483
5.5591674329
2.2203915159
5.0104526125
4.3938329400
3.7641097149
7.4845750855
5.4505630406
5.2433107715
4.6136073301
5.9097128809
5.6988899616
7.8517158072
0.9686885576
0.7857044970
0.6556105688
0.5730678362
0.5271992910
0.5100255228
0.5149532691
0.5485457762
0.6119003348
0.7130970322
5.5004779953
6.1483882755
3.0233059173
3.2901425274
5.3206776377
5.4749669116
2.9297833410
6.5497745546
8.4051121177
0.8981126284
0.7234067888
0.6050105282
0.5374603499
0.5381303063
0.5479999024
0.6099126514
1.4410504015
4.7701529518
4.3383294993
5.9648564033
6.7947442672
5.0914807020
3.9822071745
0.6919076291
0.5827935517
0.6039506003
0.6462477607
3.5291344341
8.0245385441
6.3401759869
0.6918943403
0.7261857658
0.5093354062
253.8855772591