2.6842579804
2.6344775431
2.6461019536
2.7085205828
2.8218765082
2.9942157486
4.6910484582
3.5805463543
3.5102678457
3.7476724988
4.3194409328
3.3211595691
3.2452326590
3.1885227552
3.1912857579
3.2792834708
3.4796272359
3.8336842461
4.4083793316
7.5925565412
17.7408908664
21.5810029367
15.5062560474
16.6497096061
47.4800199249
19.8651458029
4.2825201164
3.5267304780
3.0765352512
2.8182932923
1.7011617908
1.7045281582
1.7433071668
1.8182825287
1.9387195811
2.1230319211
6.5838084175
7.5870025072
4.3560697755
6.0232839957
7.2505543239
11.6036424224
2.6305908365
2.5713554164
2.5586694690
2.6169023454
2.7651062108
3.0284496569
5.5692558406
28.3073822199
20.3120232767
14.4575085048
19.1216588450
21.3761969745
20.8002225274
2.8170950663
2.3177746646
2.0116400956
1.8341996068
1.7395794290
1.5359921552
1.5590061053
1.6548897442
1.8263525244
2.0602579656
3.7710078343
16.4237943857
7.5742025142
9.6604394088
10.4776430636
15.7782797820
338.4492210872
10.1569617670
15.5546465336
23.5542337925
17.7251708673
14.1378641492
20.0450433839
13.9489260554
16.7234389528
2.5186513999
2.0255622388
1.7371929022
1.5886501831
1.4684193040
1.4821103553
1.5549822554
1.6844185678
1.8711044359
2.1299650914
16.8984368967
16.2705662663
6.4678683842
14.6913489535
12.8697740061
11.0266237271
21.9642665023
15.9990571912
15.4086036563
13.5519685890
17.3458920076
16.7878170606
23.0370212728
2.7961585457
2.2645850369
1.8891518471
1.6519091138
1.5201598769
1.4714502452
1.4850226114
1.5817632314
1.7666432598
2.0652724319
16.2969773296
18.1694024076
8.9287469825
9.7075021751
15.7452184950
16.2144811252
8.6384162250
19.4294923334
24.8918133862
2.6029015160
2.0909517377
1.7466491768
1.5510581544
1.5560578328
1.5849497602
1.7673210841
4.2391720422
14.1928629532
12.8809543015
17.7539406473
20.2409758187
15.1423156001
11.8315172899
2.0059150577
1.6863234359
1.7526472873
1.8788003158
10.4978598955
23.9775484520
18.9304488078
2.0117285574
2.1169886796
1.4684193040
338.4492210872