0.8855828718
0.8680026596
0.8710817859
0.8911655551
0.9282128097
0.9848584890
1.5635954418
1.1839464378
1.1549664206
1.2401040443
1.4309471864
1.0909503783
1.0658911037
1.0474112854
1.0486876414
1.0782131276
1.1450374135
1.2630465392
1.4547793542
2.5066003349
5.9674447221
7.3423869730
5.2681833297
5.5514315401
16.5079416619
6.7854142650
1.4297548613
1.1728665077
1.0196949111
0.9316141809
0.5577373748
0.5587527057
0.5714407068
0.5960416709
0.6355837491
0.6960643244
2.1526513893
2.4864426426
1.4354725206
1.9722186818
2.3815966390
3.7944606290
0.8606300925
0.8411876108
0.8371040277
0.8562930730
0.9049939874
0.9915113422
1.8196232870
9.2297374050
6.6334125486
4.7222538698
6.2458268199
6.9668394033
6.8113034455
0.9265448375
0.7618143404
0.6605949576
0.6018675812
0.5705158918
0.5054077494
0.5133187357
0.5455916346
0.6030077435
0.6803991028
1.2367893369
5.3509161862
2.4739115456
3.1502064669
3.4155812644
5.1384906876
201.1491723501
3.3106038885
5.0676389578
7.6692480844
5.7763529568
4.6104613965
6.5328476699
4.5524289100
5.4501721858
0.8291338908
0.6668836778
0.5717319726
0.5226881570
0.4839660529
0.4887710347
0.5132226109
0.5562800468
0.6177500855
0.7021729818
5.5150389856
5.3053628538
2.1124001064
4.7915724232
4.1970128490
3.5968546410
7.1604001673
5.2187444282
5.0291004617
4.4255173221
5.6611942778
5.4856640785
7.5143279289
0.9197082814
0.7456060304
0.6223136630
0.5442401241
0.5008764914
0.4851127834
0.4898113780
0.5218608610
0.5825683015
0.6800326771
5.3307693030
5.9361380039
2.9208120701
3.1734934424
5.1471452392
5.3027090799
2.8266543233
6.3581833077
8.1375770486
0.8559476358
0.6883469272
0.5754054801
0.5111705079
0.5127824018
0.5223853197
0.5821620887
1.3901200327
4.6499343723
4.2172226763
5.8149585879
6.6312760785
4.9611374587
3.8776508851
0.6601904393
0.5554516779
0.5770502009
0.6183397075
3.4413880071
7.8623732424
6.2081409476
0.6618872437
0.6962276743
0.4839660529
201.1491723501