277.5142824279
277.0824033602
280.8632664821
288.4343474831
300.0894072142
316.5475246374
394.7918158248
355.3838909516
363.8872989844
368.1853247110
400.9818647662
357.4417135389
352.4117565338
347.9959553676
347.9802964591
354.7754677715
370.4052737613
397.3666423399
439.1298203806
684.0464610082
1163.8037034189
1208.6115293456
893.1213645371
1171.9442845349
1837.7040552206
964.9513017170
362.9241923730
321.1455756079
296.6582183620
283.3300354355
190.9001306769
191.4867600477
195.4895276819
203.0559075402
215.1315522639
233.6060486399
659.4215415327
715.7757088584
400.6314812422
596.4582518507
666.4477126589
1120.9754810807
300.4963549810
296.7885715299
296.6935543880
303.0908681905
317.9504284642
343.2616700865
612.0153124006
2944.1624452741
2046.8376138718
1484.6979417127
1909.8903334606
2316.8856773587
1910.2634953634
292.6140187212
246.5041811899
218.7574302005
202.7385974112
194.2377479549
164.3701011528
165.4017217078
172.3929320051
186.1208844273
208.4559543000
409.3132158124
1865.2041540403
802.4719565459
1085.1404484252
1167.5820207282
1776.7229168429
172.9043228285
1213.1333706374
1864.3641860845
2759.4685994943
2069.0725817370
1627.1498481333
2333.6569530020
1659.8103434652
1886.4319958695
260.7213757392
211.6048088660
183.9795440043
169.8207649405
154.3072023205
154.6195668280
160.4651092142
172.4165669783
192.4031022469
223.8907534978
2109.0548246680
1988.4573150404
760.4781860363
1814.4030907950
1579.0389128457
1352.7134193892
2732.3799224445
1988.3185208155
1924.2725364333
1683.3972614110
2149.9323434300
2115.9566586910
2855.4146397593
298.6427539473
238.1604194793
197.9075425842
173.4820161882
160.0287316761
155.2217382356
155.9495683900
165.8984758672
187.3948160048
225.4046795588
2116.3611155868
2336.5511577655
1137.2351111803
1233.0772410609
2035.5153072303
2102.1734740433
1088.2999020305
2535.0301971756
3231.6560466416
286.5876591242
224.7558654791
185.5818491505
164.1397578695
167.1759181865
170.5218385688
193.1990522661
521.9221263948
1873.1041314384
1685.3398603989
2350.8594173838
2689.4671319625
1993.1950593464
1546.4699853305
220.5772316426
182.3166912641
193.8518214388
210.8362805972
1379.7620540067
3225.7036574026
2534.8621721406
226.0899913205
242.6509137873
154.3072023205
3231.6560466416