4.8694402862
4.7761600125
4.7960301658
4.9093441838
5.1162580364
5.4315997706
8.5890774595
6.5007972729
6.3771742733
6.8095579095
7.8769794908
6.0204903860
5.8787546756
5.7730391641
5.7772758828
5.9385982448
6.3069648030
6.9591788276
8.0200461176
13.9134138587
32.7674288644
39.7249650969
28.6298916947
30.8084078149
86.4665917594
36.8820951230
7.8279607185
6.4295078071
5.5964086821
5.1181986194
3.0756204509
3.0817435465
3.1524815780
3.2892334729
3.5089342466
3.8452828036
12.0400654069
13.9177022234
7.9799694070
11.0153553192
13.3086395138
21.2768192403
4.7551377517
4.6438469711
4.6187064082
4.7238434817
4.9939767598
5.4756306929
10.1115822002
51.7079547449
37.1556320626
26.4050054347
34.9991124392
38.9228682319
38.2505975881
5.1165930734
4.2031720402
3.6431892779
3.3187441243
3.1458110109
2.7818692904
2.8245121831
3.0004563128
3.3142410147
3.7400801325
6.8361289116
29.7890871349
13.7945213835
17.5266275479
19.0271608375
28.6475835002
461.8642821950
18.3309910859
28.0727136004
42.6200511332
32.0642803168
25.5951145396
36.2689038027
25.1617672110
30.3454693276
4.5728562906
3.6744880725
3.1485003368
2.8776012632
2.6605917137
2.6860483870
2.8192096684
3.0546802166
3.3923927994
3.8579437845
30.3395549705
29.2918745759
11.6732263559
26.4157981727
23.1565985062
19.8372646233
39.4810732837
28.7480602555
27.6619095007
24.3328309944
31.1655142609
30.0835588378
41.4071387425
5.0661447711
4.1055963506
3.4248542591
2.9938407200
2.7543823665
2.6645576284
2.6893783752
2.8643422422
3.1969561494
3.7315600233
29.0871072362
32.4922714281
15.9689290662
17.3744965668
28.1295471442
28.9509701261
15.4643970692
34.6489806980
44.4485191927
4.7040225179
3.7839524553
3.1625084880
2.8086050477
2.8140654654
2.8656456589
3.1920278441
7.5945108488
25.2548144660
22.9557326892
31.5867892171
35.9926090824
26.9515188156
21.0695619556
3.6233043063
3.0489164365
3.1632760482
3.3873642769
18.6803600933
42.5432507419
33.6033978346
3.6273664431
3.8112089723
2.6605917137
461.8642821950