284.2782195177
283.5128305447
287.2900937916
295.1230807947
307.3059046737
324.6121114712
414.0234069338
365.8523320071
374.5042375198
379.2461120516
416.8093381077
366.0461847762
360.2571495902
355.2439280653
355.0472755894
362.2014289655
378.8887590832
407.9166435973
453.3239296771
722.7524948264
1270.2860223292
1327.7557108037
977.0673447109
1283.7335487479
2058.3826355820
1084.0923460789
379.0246170932
332.8262253336
305.7250449728
290.8935398727
194.4167056848
195.0252134587
199.1966223171
207.0786032667
219.6614705659
238.9352020552
693.8956831352
760.3739967400
422.1622803768
627.0973806944
708.3271709899
1189.8957853112
306.0585617420
301.6314415839
301.1812190738
307.6612096825
323.1209919646
349.7402528277
630.6452353971
3087.2950154441
2155.6826009911
1555.9816624816
2015.6406415628
2407.0181559976
2048.1108423084
301.3515463578
252.8363529823
223.6543500833
206.8296227443
197.9139095735
167.9788369168
169.1382991761
176.5568465740
190.9920299237
214.1641964125
419.7500928358
1917.5920556743
834.7897404088
1116.6282368304
1204.5221508998
1831.8169925058
234.7869466617
1231.7003162576
1893.1843762675
2820.0180399938
2112.5601047444
1664.4979497937
2383.7354760006
1682.5582552295
1941.3231153810
268.1964028778
217.1702791329
188.3763498941
173.6210033643
157.8107775721
158.1966812699
164.3068316788
176.6514717158
197.0549184383
228.8770180367
2116.2026548548
2007.4481153800
772.1207873902
1826.7153474321
1592.2594861041
1363.5364282659
2748.8792981109
1998.6591608187
1930.4550917557
1689.0481724506
2160.1644377108
2114.1729047763
2871.9003417639
305.5426442846
244.0247627713
202.7492095846
177.5765957416
163.6901860877
158.5097620206
159.2672957693
169.3864712897
191.0525008500
229.0471858693
2098.6110074156
2325.9349951253
1131.9005852705
1229.3189055539
2022.2455531339
2086.0210938009
1085.0951674969
2509.7516276535
3207.6621353379
291.3681612210
229.2267619195
189.4965058970
167.6211908373
170.1779118814
173.4784350732
196.0894081482
520.9322977794
1847.0357871048
1666.3990058517
2317.7625389167
2648.9220434812
1966.3641141845
1527.0073371675
223.9551666973
185.5034869279
196.4348718002
213.1481246854
1360.4784802208
3165.6271984550
2489.3218541669
228.6254081844
244.5466977487
157.8107775721
3207.6621353379