0.0035926479
0.0034985580
0.0034988212
0.0035753401
0.0037266409
0.0039640254
0.0067810382
0.0048831374
0.0046848037
0.0051331588
0.0060304074
0.0043609777
0.0042448597
0.0041619543
0.0041679967
0.0042989399
0.0045954656
0.0051227609
0.0059892500
0.0106884916
0.0275176204
0.0348773003
0.0248455345
0.0251962231
0.0825042332
0.0327785392
0.0061907072
0.0049704567
0.0042411463
0.0038185210
0.0021897374
0.0021927714
0.0022444799
0.0023455355
0.0025083650
0.0027575432
0.0088899238
0.0104736100
0.0060681216
0.0081645493
0.0100929243
0.0158702422
0.0033560198
0.0032642684
0.0032410198
0.0033169667
0.0035176187
0.0038798979
0.0072370897
0.0376627998
0.0273802031
0.0193374334
0.0258642123
0.0279766874
0.0289302308
0.0037570816
0.0030595764
0.0026286753
0.0023784579
0.0022447391
0.0020233176
0.0020620874
0.0022075543
0.0024605515
0.0027845973
0.0049437132
0.0210506917
0.0100096556
0.0124488819
0.0135471703
0.0202789904
22.7072549550
0.0126901090
0.0194157600
0.0297363796
0.0224295263
0.0180081308
0.0253748508
0.0174696382
0.0214852889
0.0033653779
0.0026962355
0.0022986603
0.0020934780
0.0019507805
0.0019757199
0.0020833113
0.0022652505
0.0025117602
0.0028319293
0.0206210298
0.0200853020
0.0081530120
0.0180342838
0.0158360568
0.0135823874
0.0268575073
0.0195593571
0.0187939406
0.0165611691
0.0212408045
0.0203390429
0.0282286543
0.0036856827
0.0030058178
0.0025120895
0.0021945034
0.0020176001
0.0019515738
0.0019739611
0.0021042021
0.0023386486
0.0026984555
0.0193793746
0.0217554707
0.0107433309
0.0117020396
0.0187816088
0.0193056884
0.0104611536
0.0230238903
0.0296074416
0.0033829592
0.0027484230
0.0023082973
0.0020538519
0.0020466190
0.0020836604
0.0023064663
0.0052033785
0.0166792159
0.0152314992
0.0208220105
0.0236795378
0.0178238223
0.0139857418
0.0026087890
0.0022110632
0.0022735539
0.0024203548
0.0123609775
0.0277973098
0.0220139777
0.0025888583
0.0026976538
0.0019507805
22.7072549550