63.5728807070
62.4239753102
62.7259652134
64.2309926926
66.9459638214
71.0646148694
111.0406640336
84.4342175008
83.3907392397
88.4578530989
102.1887081039
78.8579358633
77.0204535664
75.6367556916
75.6749973617
77.7490047421
82.5023640656
90.9191126938
104.5934149533
181.1741544336
419.8134352658
498.9150614328
363.1134611007
397.4816348924
1043.6162963274
468.2139906207
101.1330461158
83.3558161778
72.7725884475
66.7093576810
40.3591751236
40.4455490953
41.3741873824
43.1646339266
46.0392820936
50.4414915253
157.9352588217
182.1839932225
104.0814109583
144.3546304017
173.9160844030
278.9605491646
62.5059014662
61.0591157331
60.7319366298
62.1063931089
65.6370325883
71.9280078003
132.8780294504
679.5412182584
487.6549908996
346.5833789603
459.2154049704
511.9123218220
500.6397292071
66.8807961383
54.9938709739
47.7195600503
43.5083622565
41.2659722720
36.3724944513
36.9097935695
39.1636664883
43.1993189259
48.7276316686
89.5462251027
392.1658843553
181.0650125800
230.5432083124
250.3487921127
377.2277318330
1093.5318552175
241.6083373899
370.1505618129
561.8054904551
422.4513364510
336.9718200140
477.7394625872
331.3905605833
399.4303920052
59.7218162145
47.9949704959
41.1473497915
37.6233868292
34.7314544448
35.0461061243
36.7562544107
39.8020723447
44.2078679271
50.3324295492
400.1173805759
386.2053433819
153.5832790881
348.3712058896
305.3778410797
261.5754319744
520.9612004819
379.2298593737
364.8829570063
320.8200915924
410.9591658239
396.7261376696
546.1822381599
66.2448705221
53.6298410936
44.7177803729
39.0883591968
35.9624932773
34.7775406913
35.0879409548
37.3618245494
41.7194982543
48.7674100597
383.8275412298
428.8379094976
210.5410323080
229.1386581051
371.2401546345
382.0767432684
203.8148206415
457.2784222600
586.7663845665
61.5679045677
49.4586918086
41.3040602125
36.6686167104
36.7552016484
37.4254989844
41.7170981323
99.8879902535
333.2806726799
302.9215387965
416.9911318964
475.1717510609
355.6643698821
277.9248494967
47.3951779174
39.8417925780
41.3723691446
44.3300092301
246.4286103283
561.7956953097
443.6085864163
47.4871860936
49.9347465210
34.7314544448
1093.5318552175