0.0000004934
0.0000004939
0.0000004958
0.0000004987
0.0000005025
0.0000005069
0.0000005160
0.0000005222
0.0000005231
0.0000005327
0.0000005395
0.0000005411
0.0000005477
0.0000005547
0.0000005618
0.0000005687
0.0000005751
0.0000005804
0.0000005841
0.0000005901
0.0000006172
0.0000007246
0.0000006125
0.0000005757
0.0000017331
0.0000005590
0.0000005153
0.0000005050
0.0000004983
0.0000004947
0.0000003577
0.0000003569
0.0000003585
0.0000003620
0.0000003675
0.0000003750
0.0000003929
0.0000004045
0.0000004093
0.0000004247
0.0000004383
0.0000004591
0.0000004528
0.0000004635
0.0000004736
0.0000004828
0.0000004907
0.0000004967
0.0000005055
0.0000005575
0.0000005305
0.0000005071
0.0000004997
0.0000004937
0.0000004593
0.0000004060
0.0000003891
0.0000003762
0.0000003669
0.0000003609
0.0000003153
0.0000003140
0.0000003175
0.0000003257
0.0000003387
0.0000003614
0.0000004208
0.0000004136
0.0000004435
0.0000004647
0.0000004992
0.0000000729
0.0000005251
0.0000005602
0.0000005876
0.0000005740
0.0000005491
0.0000005490
0.0000005107
0.0000004573
0.0000003809
0.0000003532
0.0000003339
0.0000003217
0.0000003177
0.0000003159
0.0000003203
0.0000003313
0.0000003495
0.0000003759
0.0000005942
0.0000005308
0.0000004973
0.0000006101
0.0000006139
0.0000006270
0.0000007449
0.0000007407
0.0000007735
0.0000007979
0.0000007656
0.0000009242
0.0000007049
0.0000004638
0.0000004084
0.0000003691
0.0000003428
0.0000003263
0.0000003585
0.0000003573
0.0000003719
0.0000004054
0.0000004638
0.0000023042
0.0000012716
0.0000012727
0.0000010730
0.0000019888
0.0000027348
0.0000012997
0.0000051324
0.0000025858
0.0000006086
0.0000004873
0.0000004159
0.0000003765
0.0000004544
0.0000004613
0.0000005249
0.0000010138
0.0000099433
0.0000048016
0.0000120764
0.0000178123
0.0000110217
0.0000086153
0.0000006282
0.0000005012
0.0000006532
0.0000007371
0.0000098540
0.0000459688
0.0000361129
0.0000008316
0.0000010501
0.0000000729
0.0000459688