0.3469429124
0.3395716467
0.3405713501
0.3484362750
0.3631312746
0.3857208650
0.6240880951
0.4659477359
0.4536705612
0.4884585355
0.5671025776
0.4266374708
0.4162332254
0.4085710183
0.4089537024
0.4207766032
0.4477080486
0.4954568096
0.5733636443
1.0024690436
2.4280695257
2.9931502483
2.1461266229
2.2599061638
6.7432482507
2.7840063478
0.5695901261
0.4645733665
0.4019434099
0.3658778085
0.2168774615
0.2172682913
0.2222911898
0.2320354377
0.2477051946
0.2716915719
0.8578716256
0.9965329281
0.5727559827
0.7854861638
0.9549175074
1.5203725757
0.3345003802
0.3263063788
0.3243811418
0.3318228983
0.3511049123
0.3856141453
0.7144512064
3.6718628720
2.6463018130
1.8777963921
2.4948629346
2.7539171691
2.7451586519
0.3640697554
0.2983117968
0.2579022414
0.2344725710
0.2219731886
0.1973834984
0.2006312859
0.2136193542
0.2366021818
0.2672446614
0.4844235979
2.0979463944
0.9786574157
1.2358137091
1.3425574113
2.0187592546
388.3704821702
1.2833871180
1.9645421061
2.9905320310
2.2507137338
1.7998016110
2.5469391798
1.7625955088
2.1386495001
0.3255888825
0.2613960294
0.2236464181
0.2041918193
0.1892244728
0.1912161225
0.2009760144
0.2179984568
0.2420033793
0.2745387643
2.1123546180
2.0451088592
0.8191216483
1.8416772405
1.6158940098
1.3842451941
2.7496176766
2.0023530231
1.9254260060
1.6946589973
2.1713940992
2.0909506694
2.8852589526
0.3594874145
0.2918655023
0.2436042668
0.2129063273
0.1958385271
0.1894433295
0.1913318775
0.2038386722
0.2272388327
0.2643617945
2.0129669473
2.2522596568
1.1082982222
1.2064004828
1.9479674977
2.0038639550
1.0747773095
2.3956795436
3.0761631363
0.3326518304
0.2683644024
0.2246134884
0.1995902959
0.1996547501
0.2033063019
0.2260548135
0.5296142628
1.7427377471
1.5864089989
2.1785452037
2.4807185310
1.8604762500
1.4559645002
0.2563036203
0.2161306916
0.2236480486
0.2390877526
1.2897225598
2.9258635607
2.3127235511
0.2559264035
0.2682501688
0.1892244728
388.3704821702