356.9148164970
356.0437508989
360.8161733998
370.6355296263
385.8735321461
407.4922776163
517.2552304462
458.8945740791
469.7810870897
475.6306524660
521.7357945169
459.6462889647
452.5379026984
446.3637083175
446.1579414815
455.0869709275
475.8629203166
511.9460324824
568.2816821671
901.8218781926
1574.5198366983
1643.2942980514
1210.1486672018
1590.1068063911
2537.3695557854
1335.1097853052
473.9243798819
416.8309788503
383.3456860398
365.0417530860
244.4050211775
245.1678029718
250.3882003243
260.2526652804
275.9994880863
300.1142797540
866.8301768229
947.9860832653
527.0334323838
783.4432066923
882.9654772776
1483.9097191116
384.7677605234
379.3648959825
378.8856342090
387.0393011276
406.3920458455
439.6450058922
791.0562587589
3859.6670735041
2692.5731563020
1945.5531987493
2516.7390346043
3014.8526600597
2549.0326250151
377.9780212482
317.3843833728
280.9360111104
259.9168773755
248.7756367184
211.0105196454
212.4385743288
221.6846541121
239.7106592586
268.7317296767
527.0034649394
2406.7327948203
1045.2465663564
1401.2309415362
1510.7678097321
2297.8663331153
278.5001951764
1549.6661025197
2381.8299505940
3543.4487457771
2654.9082993693
2091.0130059974
2995.4642766620
2117.4467959225
2436.0314921144
336.4627002655
272.5712433390
236.5430771599
218.0803507581
198.2019414344
198.6681943744
206.3067118534
221.7787015487
247.4158741708
287.4874017569
2668.5145718313
2528.3986500307
971.4090000947
2302.0055437416
2005.9941735904
1717.9954926449
3464.6044254268
2519.4809080668
2434.3070292449
2129.8914506345
2723.2572732458
2668.0212630224
3619.8238784562
383.7309449130
306.3740562601
254.5574533759
222.9890999531
205.5800478120
199.1362705480
200.0831338449
212.8054813960
240.0987721882
288.0449617190
2652.2898391857
2937.4544669993
1429.5174747190
1551.9849130167
2554.8711491402
2635.9092873041
1369.8764319712
3172.7828385536
4053.1321224298
366.3818289085
288.0567185942
238.0715910298
210.5829066112
213.9292977868
218.1045419103
246.6495030175
657.4946188521
2336.7787359702
2107.1497968277
2932.4653672498
3352.0843346042
2487.4742898836
1931.4116377166
281.6818852569
233.2179251962
247.1621383536
268.3176031350
1721.1810438435
4008.6307070460
3151.8723738810
287.7866142749
308.0350947324
198.2019414344
4053.1321224298