116.5811522848
114.7204313385
115.4127095802
118.2382938153
123.2250548610
130.7240213515
199.1994641676
153.7599898200
153.0825714238
161.0108905993
185.0673094201
145.3797479493
142.1320857700
139.6506450965
139.6964125391
143.3821791732
151.8492477963
166.8157804516
191.0399199963
327.8430022623
736.4814917442
855.7933738561
628.5716827713
704.0298039161
1715.4438790713
804.3305595110
181.3726496734
150.6301876967
132.3510156426
121.9180461599
74.7845960918
74.9578893863
76.6646446940
79.9443117574
85.2050707316
93.2619324710
289.2280801947
331.7390593528
188.9716590654
264.0738700386
315.8591733456
509.1570785153
116.1044953291
113.5551467984
113.0070999168
115.5448224456
122.0020229461
133.4590291742
245.6841631550
1249.3376369615
893.6120104252
636.1817936991
840.6515946333
945.1317834784
909.2565231495
122.7607711173
101.2196591670
88.0691596990
80.4614422520
76.4139376312
66.9708284505
67.8852003471
71.8635450823
79.0501078231
89.0851832882
165.1585931279
727.7683013981
333.3397783901
427.2857521920
463.6174914159
699.4971438254
1231.2829835707
451.1715903737
691.5260185350
1046.6778076640
786.6514675583
626.3599251405
889.2710378431
618.4848364169
740.6920978250
109.5465323441
88.1215513410
75.6694062690
69.2660637354
63.7930648932
64.3105809371
67.3545228477
72.8578702393
80.9610308228
92.4193264736
751.4321383702
723.2319451328
286.1374865762
653.3711464182
572.2028862999
490.1299821026
978.0501696320
711.8721818207
685.3822587769
602.1862711639
771.1305092339
746.1729473905
1024.8033637069
121.9538643649
98.5384124297
82.1179510713
71.7967989283
66.0713130001
63.9008773115
64.4312544697
68.5904274678
76.6906472124
89.9608710531
725.0277940835
808.8039519413
396.5812977667
431.4387580062
700.8238424229
721.5965314562
383.3459739347
864.4776221838
1108.2812889543
113.7548110371
91.1043658470
75.9694978890
67.4059046473
67.6836327916
68.9248850548
76.9771105696
187.2496821152
631.2033742784
572.8842926319
790.1118578468
900.8295392616
673.3395613865
525.6317259986
87.5434411750
73.4304574967
76.4642385987
82.0776457326
466.4330579907
1067.2318686141
842.1528101788
87.9518777222
92.7174614895
63.7930648932
1715.4438790713