0.0026457661
0.0025818166
0.0025849091
0.0026424828
0.0027537643
0.0029269371
0.0048896570
0.0035806224
0.0034505955
0.0037583069
0.0043889066
0.0032276221
0.0031454874
0.0030861751
0.0030903034
0.0031841062
0.0033966758
0.0037739779
0.0043918828
0.0077489311
0.0194995772
0.0245238262
0.0174857456
0.0179227503
0.0574059143
0.0229028670
0.0044681875
0.0036109548
0.0030989828
0.0028029661
0.0016296546
0.0016321497
0.0016702040
0.0017443878
0.0018638331
0.0020466007
0.0065193756
0.0076248015
0.0044089779
0.0059790367
0.0073347628
0.0115913905
0.0025041995
0.0024394487
0.0024236758
0.0024799817
0.0026271772
0.0028917285
0.0053770154
0.0277559039
0.0200892855
0.0142287087
0.0189635151
0.0207022049
0.0210478037
0.0027681778
0.0022608837
0.0019480457
0.0017664484
0.0016694403
0.0014962756
0.0015232668
0.0016270198
0.0018087213
0.0020452068
0.0036602241
0.0156979212
0.0073976753
0.0092604405
0.0100708583
0.0151228197
31.8278538293
0.0095334693
0.0145915342
0.0222732113
0.0167776659
0.0134438770
0.0189871191
0.0131225306
0.0159805489
0.0024783618
0.0019878833
0.0016976649
0.0015479540
0.0014393363
0.0014564295
0.0015337120
0.0016660397
0.0018483474
0.0020895383
0.0155998148
0.0151339896
0.0061183699
0.0136094677
0.0119631214
0.0102461759
0.0203083435
0.0147891812
0.0142211638
0.0125257147
0.0160601831
0.0154054971
0.0213007491
0.0027245920
0.0022178200
0.0018527178
0.0016190237
0.0014889664
0.0014406087
0.0014563191
0.0015521605
0.0017275300
0.0020006654
0.0147562767
0.0165578802
0.0081581944
0.0088895604
0.0142795393
0.0146944193
0.0079298683
0.0175711788
0.0225485316
0.0025108790
0.0020335368
0.0017054255
0.0015166997
0.0015142696
0.0015419636
0.0017104156
0.0039302100
0.0127453539
0.0116289398
0.0159301993
0.0181279675
0.0136104285
0.0106645334
0.0019360528
0.0016372540
0.0016886533
0.0018012875
0.0094418393
0.0213220782
0.0168710934
0.0019270481
0.0020137071
0.0014393363
31.8278538293