0.5068826822
0.4960030205
0.4974024531
0.5088654937
0.5303343283
0.5633668593
0.9139788770
0.6809700223
0.6627750453
0.7140649217
0.8294721930
0.6229771641
0.6077158285
0.5964929246
0.5970633627
0.6143932071
0.6538598118
0.7238444351
0.8380726339
1.4668594137
3.5632292062
4.3943320178
3.1524782873
3.3142893689
9.8871533674
4.0939209695
0.8340148169
0.6797468456
0.5877348778
0.5347334194
0.3164965451
0.3170627321
0.3244012360
0.3386412372
0.3615423909
0.3965979497
1.2536639049
1.4573560708
0.8378718673
1.1480458056
1.3968854412
2.2227388528
0.4880267166
0.4760039033
0.4731658236
0.4840298742
0.5122089809
0.5626644020
1.0428688017
5.3633805222
3.8670126439
2.7432787684
3.6459953668
4.0206112845
4.0155680877
0.5318207975
0.4356380808
0.3765199719
0.3422417592
0.3239541771
0.2882279589
0.2930064700
0.3120516398
0.3457217449
0.3905203115
0.7072215222
3.0609574643
1.4290874745
1.8032635583
1.9592531148
2.9457723813
469.4633335970
1.8712074775
2.8641979686
4.3614784790
3.2827511320
2.6255102054
3.7148233777
2.5700440415
3.1207395893
0.4756273602
0.3818110022
0.3266168649
0.2981714164
0.2763750498
0.2793115781
0.2936093764
0.3185080546
0.3535513029
0.4009542309
3.0777988830
2.9808518742
1.1945356799
2.6839683491
2.3549788960
2.0174884865
4.0065584315
2.9178007511
2.8054771704
2.4696045271
3.1642245824
3.0462963930
4.2044825832
0.5249451354
0.4262807570
0.3558100356
0.3109631884
0.2860271001
0.2766794841
0.2794542092
0.2977246524
0.3318490477
0.3859092399
2.9312226039
3.2802008922
1.6143067541
1.7573420501
2.8368259515
2.9180270238
1.5658334763
3.4882092565
4.4795223961
0.4855703248
0.3918497766
0.3280143971
0.2914865084
0.2915247190
0.2968500935
0.3299936013
0.7718483089
2.5371312900
2.3097780711
3.1713953825
3.6111171804
2.7085831480
2.1199277692
0.3741299863
0.3155570003
0.3264352889
0.3489013160
1.8776763830
4.2582386513
3.3660695039
0.3734713870
0.3913493568
0.2763750498
469.4633335970