1.1514452257
1.1279173482
1.1317596206
1.1581074952
1.2069022412
1.2816610442
2.0547415237
1.5420266366
1.5062379447
1.6164245364
1.8729128978
1.4188175390
1.3847597558
1.3595557343
1.3607457487
1.3995463781
1.4879824514
1.6446708903
1.8999843687
3.3101171130
7.9333225417
9.7021886192
6.9820954181
7.4059427855
21.4961175281
9.0370340353
1.8747690883
1.5333350426
1.3297856087
1.2127063563
0.7226878857
0.7240447486
0.7407296547
0.7730534445
0.8250139557
0.9045525467
2.8451669133
3.2980218520
1.8936240382
2.6041016524
3.1573115184
5.0358656266
1.1157190052
1.0889309113
1.0827479793
1.1075125844
1.1714300003
1.2856316835
2.3783265076
12.1946806670
8.7779592656
6.2329587465
8.2724048250
9.1613086091
9.0754217014
1.2085399747
0.9913420599
0.8579881032
0.7806889870
0.7394648949
0.6560567447
0.6665719260
0.7090915502
0.7845457916
0.8857985134
1.6109101620
6.9931806104
3.2516780362
4.1172339246
4.4715250650
6.7274583365
277.4129589481
4.2893418177
6.5672275369
9.9849415020
7.5139104827
6.0040730937
8.5011636073
5.8897084425
7.1270348192
1.0805228655
0.8678272479
0.7429719364
0.6786472535
0.6283282893
0.6347139068
0.6667503533
0.7229138979
0.8026245820
0.9113817515
7.0774563214
6.8436378736
2.7349460258
6.1668874875
5.4085601765
4.6333958198
9.2108633704
6.7077212845
6.4519389340
5.6773447633
7.2729420809
7.0111227520
9.6636739647
1.1947513671
0.9692651072
0.8088177844
0.7069602644
0.6503517709
0.6291446588
0.6352619324
0.6767160229
0.7547622496
0.8792429193
6.7628996900
7.5613737761
3.7185480307
4.0471409973
6.5426389631
6.7317840660
3.6041634115
8.0519764247
10.3347262502
1.1072098560
0.8921346577
0.7462429970
0.6629594688
0.6636415540
0.6758002588
0.7519838877
1.7734497376
5.8626864767
5.3331998119
7.3305931402
8.3496884241
6.2578378387
4.8951032705
0.8530002124
0.7186578488
0.7444967977
0.7964670545
4.3377532384
9.8579855518
7.7893497672
0.8526998787
0.8946885305
0.6283282893
277.4129589481