341.2375319668
337.6176408816
340.7119213442
349.5458129888
364.3194819656
386.0445443777
552.3220658409
444.1137015172
450.1959265327
463.2475135948
527.6237035061
431.6234411192
422.7943114470
415.7608328920
415.6284022359
425.5795101582
448.6963160735
489.4381628114
554.7923499603
934.6402739448
1922.2914574714
2115.4369260313
1569.9662486606
1902.3754684623
3744.3862290126
1959.7701432389
501.4833062348
424.8084812157
379.4174565315
353.8349569102
224.5957274924
225.2182942025
230.2714845423
239.8964218468
255.2987149708
278.9031052372
851.0741210227
963.7885168397
543.6602424382
774.6885058844
911.5557601733
1488.5044583757
350.8305782936
343.9208193154
342.5805185320
350.1196772937
368.9940950047
402.2107261463
736.5913595370
3710.5636681920
2634.3817284128
1881.5976984732
2473.3585565717
2829.9375436552
2629.5114858619
361.1299610500
299.5077611481
262.1479947064
240.5844277061
229.1430023247
198.1442098685
200.2851362004
210.7970336801
230.2893532579
259.0213720597
491.2999264760
2200.9982799458
991.6692195373
1288.5525148846
1396.3307087774
2113.0701790754
1473.4021528938
1379.8789804826
2117.3952461213
3189.5568769955
2393.7918337990
1898.7728535370
2703.8943398122
1888.1220627762
2236.2147936489
321.6395307505
259.2055689650
223.3355933289
204.9205806893
187.6180231189
188.6786473268
196.9088944258
212.4274921454
236.3580768559
271.6095428006
2320.6905719942
2223.3223296135
870.5528775645
2013.6207220593
1760.8030269310
1507.9959257346
3020.6236641723
2197.3453006857
2117.4333507451
1857.3841206144
2377.7466872907
2309.0401722192
3161.2059140649
360.8663333631
290.2642289086
241.5404238806
211.2521359608
194.4770293848
188.0412739630
189.2872052995
201.3600888637
225.8240813285
267.0654786193
2260.1107136013
2516.2392048615
1229.9037934742
1337.5567037523
2182.8912869371
2248.6687956430
1185.3354954017
2697.9728709824
3455.9260464636
339.0457468942
269.7315367391
224.1493038222
198.6001942786
200.1158108302
203.7943558057
228.5673526214
574.7023159239
1975.0830966889
1788.7544645314
2475.0080526820
2824.3649499458
2105.5664313470
1640.2578427366
260.6287301311
217.5545620028
227.8468404428
245.4950454035
1457.5728375724
3356.5488275809
2645.1384238170
263.2865969303
278.9778276368
187.6180231189
3744.3862290126