341.1024069270
339.8290884448
344.2300438648
353.6639441252
368.4721742977
389.6144605779
506.3958275465
440.4774015298
450.7283352247
456.8841634687
505.8878942248
438.8057943955
431.2945726085
424.8647236060
424.4968684223
433.2842141456
453.9459936751
490.0856453141
547.0088978031
886.7985241563
1599.8999016911
1681.5237851656
1235.4598302453
1619.6935006782
2648.1665845035
1400.7973108232
462.1831350245
403.3067765698
368.7351966983
349.7285480575
232.0594309584
232.7911735524
237.8521673859
247.4153345111
262.6856422267
286.0931644545
847.1678812178
935.1635344331
517.2543844188
765.5956685634
872.1952623658
1461.7353168139
365.2008504843
359.3461850842
358.5077053519
366.2180350547
384.9582350447
417.4670906144
758.4432841237
3756.8136686502
2632.5248080763
1893.5515990289
2464.9285155751
2909.6775623512
2533.7769929717
362.7696441786
303.4527312481
267.7702777353
247.2133755538
236.3287771896
201.1144609054
202.6126563900
211.7712539081
229.4569927471
257.5127042734
503.3234011696
2300.6725459271
1010.4384559639
1340.9156243884
1449.0196587015
2202.1697646518
347.3504539940
1464.9541852943
2251.5413918653
3368.4668813458
2522.5133054997
1990.4185417615
2847.0876274697
1999.2887828751
2330.9339530936
322.6384560720
260.8301604965
225.8534897329
207.9295869977
189.0922010066
189.6280869799
197.0863757461
212.0008629938
236.4016171723
274.1285032063
2496.2618539346
2377.8756938836
918.6111986678
2159.8668865730
1884.7735188374
1613.6776361428
3248.2449723267
2360.5478876126
2276.9587728477
1992.7234467239
2550.7723774477
2487.1490659332
3393.1780738075
366.0919702618
292.7459553051
243.2233050997
212.9008077213
196.1537746740
189.7393498806
190.6695265845
202.7521985296
228.4163927983
273.1145698169
2455.6741265001
2728.6556597183
1328.1516019539
1443.9206805254
2369.2708049021
2442.0719893068
1274.8591195311
2933.7960547471
3755.6394732313
347.5336006875
274.0832404263
226.7946553386
200.6404791968
203.2328607812
207.0845824882
233.6535271851
612.7635194096
2153.2580355731
1946.3101563879
2701.6144885110
3085.4746938231
2293.2206009841
1782.1074593761
266.9095770500
221.4478481227
233.7905782684
253.2337045724
1586.2055882533
3678.0934012986
2893.8616710093
271.6689514267
289.8582057315
189.0922010066
3756.8136686502