0.0102065244
0.0099323109
0.0099301065
0.0101474571
0.0105799135
0.0112600408
0.0194276886
0.0139085401
0.0133269980
0.0146211604
0.0172254153
0.0123796573
0.0120415194
0.0117998501
0.0118150829
0.0121904479
0.0130433317
0.0145627426
0.0170638383
0.0306409005
0.0794233615
0.1008025630
0.0717911114
0.0727713843
0.2391068314
0.0949256490
0.0177223839
0.0141932451
0.0120839306
0.0108610686
0.0061982967
0.0062067178
0.0063543141
0.0066429208
0.0071080953
0.0078202333
0.0254660893
0.0300607431
0.0173834361
0.0233827991
0.0289910358
0.0455806767
0.0094980551
0.0092290216
0.0091580022
0.0093723844
0.0099451466
0.0109831017
0.0206020619
0.1078757128
0.0784584966
0.0553750712
0.0741768992
0.0798714768
0.0834118443
0.0106926649
0.0086923248
0.0074565918
0.0067392529
0.0063559974
0.0057399523
0.0058521056
0.0062702632
0.0069960878
0.0079215824
0.0140425812
0.0598664879
0.0285911816
0.0353974314
0.0385570770
0.0577808474
46.8857271331
0.0358851411
0.0548665962
0.0843222337
0.0635205887
0.0510685396
0.0719711320
0.0493370470
0.0611735724
0.0095743666
0.0076635249
0.0065267194
0.0059400256
0.0055372967
0.0056096214
0.0059178445
0.0064370009
0.0071364440
0.0080387408
0.0578901780
0.0566239894
0.0230462106
0.0507343075
0.0446428140
0.0382402888
0.0754970699
0.0549850108
0.0527288387
0.0465158221
0.0596814026
0.0569587257
0.0793387339
0.0104608596
0.0085376198
0.0071352035
0.0062310579
0.0057271239
0.0055361624
0.0056003826
0.0059697028
0.0066303925
0.0076376029
0.0539668789
0.0607568400
0.0300127596
0.0327286276
0.0523730044
0.0537639127
0.0292518791
0.0640185490
0.0825093302
0.0095732720
0.0077903437
0.0065469598
0.0058259706
0.0057970033
0.0059006120
0.0065239835
0.0145605571
0.0462300335
0.0423162950
0.0576977479
0.0655507708
0.0494168649
0.0388111683
0.0073782918
0.0062607805
0.0064243924
0.0068307713
0.0342666213
0.0766839050
0.0607616692
0.0073061780
0.0075986338
0.0055361624
46.8857271331