46.8942972327
46.0333592941
46.2466109015
47.3494837630
49.3459190362
52.3783352044
82.0619558401
62.3420243042
61.4589726819
65.3124666968
75.4466589520
58.1054583456
56.7539272109
55.7395068334
55.7738465398
57.3092613221
60.8212767568
67.0375176161
77.1372730298
133.5182195054
310.7674386924
371.2863310614
269.6510604235
293.4442561838
785.3548036763
347.7251387583
74.7816396292
61.5882140079
53.7318117806
49.2280335485
29.7321865792
29.7943821742
30.4774025450
31.7953970108
33.9118467978
37.1523445718
116.1163806128
133.9897690415
76.6725470472
106.1707137516
127.9725966090
205.0402348614
46.0205307655
44.9587589965
44.7211047716
45.7352114025
48.3355673622
52.9670048534
97.7543520294
499.3021889968
358.4287374742
254.7807268204
337.5198694408
376.1971855738
368.0061623111
49.2914632392
40.5297130997
35.1644743520
32.0574063100
30.4023004079
26.8186176354
27.2186205318
28.8886340992
31.8755672019
35.9562679174
65.9608093325
288.2978350666
133.1539970081
169.5402761732
184.0541235354
277.2720307002
951.0084026797
177.7354663270
272.2483523805
413.0285548347
310.6620945664
247.8321876479
351.3312282548
243.8743601976
293.6476407937
44.0296579742
35.3884966985
30.3392025443
27.7400895804
25.6200333464
25.8557106673
27.1224563561
29.3742693714
32.6243922720
37.1333850012
294.6029194930
284.1952308251
113.0477622654
256.4236792995
224.7292832851
192.5241610757
383.4125976988
279.1438351556
268.6527358278
236.2430949485
302.5558370002
292.2470040711
402.0261259474
48.8377696422
39.5465885450
32.9799610259
28.8303467075
26.5260783645
25.6581443797
25.8902141035
27.5704557639
30.7843030635
35.9759734486
282.9581268680
315.9421373374
155.1821527972
168.8410405889
273.5956441779
281.6337627359
150.2117786764
337.1573721615
432.4528779959
45.3990160540
36.4765304465
30.4670708142
27.0506717693
27.1177550637
27.6142640266
30.7793650016
73.6630669067
245.9038859540
223.3945281722
307.6238463671
350.5782721046
262.4087114095
205.0511677084
34.9591739927
29.3917728594
30.5228673250
32.7049307050
181.8437664016
414.6995291198
327.4761825069
35.0304072283
36.8376311372
25.6200333464
951.0084026797