723.1318564273
717.4312842524
725.3198357367
744.9871783513
777.0092968085
823.5693360601
1141.5353807357
940.9842061062
959.8005827706
978.9562265563
1108.6213181361
923.2221443951
904.3117392590
888.7757728539
887.7193624427
907.9365242220
955.8097053351
1040.4458147083
1175.9847257964
1985.4993841021
3898.2455307786
4188.8990293359
3086.9592326761
3928.9256999632
6998.0897083353
3741.7581498751
1035.0320632339
884.8378704421
796.2590794661
746.8037385383
482.0235307583
483.5005187059
494.4176690771
515.1015888043
548.1632999470
598.8961188684
1849.1543350715
2084.4804151873
1154.9357855925
1675.9352469705
1957.8101057982
3237.2449215684
756.0559195839
740.9596405701
737.7779986492
753.7721804315
794.2493306901
865.6478173351
1596.1575176904
8104.0162532903
5738.2285627660
4094.3213361556
5389.5354554631
6174.0125106220
5711.2136138334
771.7728152631
640.4830803091
561.2768597310
515.6689430879
491.5332251376
422.5040425130
426.5271795918
447.8339627606
487.9167833707
548.7236373218
1055.7795951002
4793.5763940737
2156.2672256488
2802.8009519805
3040.8590900124
4608.7416616294
1482.7718718882
2992.5777317031
4596.3578072976
6942.4779369521
5200.7261590783
4121.4287966851
5873.6551656333
4082.6229735299
4867.8061093671
685.9721997803
552.4896630402
476.2019380884
437.0798312679
398.7733978166
400.5481729326
417.3631799397
449.7627725749
500.8136157820
577.2810963042
5006.9599249062
4811.8672810520
1881.8380197288
4353.2130560593
3808.7358047631
3260.0701493173
6534.0641979285
4746.8772906933
4567.2819264764
4002.6109959968
5130.6361516594
4965.3876338947
6829.4450894398
770.1910708124
618.4411444284
514.0928706386
449.4354219451
413.6184934193
399.3332384660
401.6057690918
426.9904368375
479.3145513399
568.3486074369
4844.2986124096
5408.6116080452
2637.9854834228
2872.9093270748
4685.1871042609
4822.6027709104
2541.8468043975
5776.7579189921
7415.0489747243
723.1455145880
574.3900065858
476.7513932916
422.0825264279
425.1474388528
432.7966219326
485.8213875812
1228.1287546321
4217.5413158040
3826.2269750374
5287.4648517005
6029.9905626052
4496.2574343971
3501.4365302204
554.8612178390
462.5908051777
484.5789541842
522.3460853322
3109.4837279239
7151.3938390513
5635.1089798119
560.5134058386
594.0863770308
398.7733978166
8104.0162532903