0.1039051882
0.1016518311
0.1019090388
0.1042208765
0.1085713466
0.1152739461
0.1869728008
0.1397386437
0.1354564619
0.1464781972
0.1697362687
0.1274507665
0.1244020605
0.1221756256
0.1223349837
0.1258898631
0.1339348250
0.1481699305
0.1713735002
0.2979508677
0.7270439113
0.9067622028
0.6475838845
0.6716345263
2.0888186772
0.8386993251
0.1709864236
0.1393721843
0.1205072025
0.1096314434
0.0648372551
0.0649457744
0.0664344522
0.0693289012
0.0739852293
0.0811079571
0.2536082958
0.2943593482
0.1700798806
0.2324646039
0.2824297680
0.4485129586
0.0998613769
0.0974815791
0.0969499714
0.0991855153
0.1049225163
0.1151606171
0.2123308042
1.0844290446
0.7815302932
0.5553496135
0.7365430926
0.8152256272
0.8088319108
0.1086970759
0.0891312532
0.0770877849
0.0700976036
0.0663640434
0.0590859311
0.0600705411
0.0639812443
0.0708910338
0.0800625634
0.1445647632
0.6228498808
0.2900894362
0.3670320542
0.3983105531
0.5986434550
173.3059223235
0.3826422212
0.5855246839
0.8890882668
0.6697220509
0.5354618002
0.7577959862
0.5262124645
0.6348299889
0.0973058692
0.0781801795
0.0669203553
0.0611140588
0.0566938708
0.0573044053
0.0602463804
0.0653642118
0.0725605146
0.0822914597
0.6330110102
0.6111602784
0.2445761194
0.5509864128
0.4831026213
0.4139727246
0.8225521907
0.5994251147
0.5770472562
0.5080546425
0.6503697404
0.6281270516
0.8635249343
0.1075495085
0.0873389754
0.0729261946
0.0637586987
0.0586627017
0.0567981776
0.0573792915
0.0611458732
0.0681775285
0.0793276615
0.6070475852
0.6775713205
0.3336921977
0.3628488309
0.5867456182
0.6040124286
0.3234268479
0.7231510442
0.9269285736
0.0997049173
0.0804141507
0.0673117772
0.0598261821
0.0599029691
0.0610168389
0.0678725236
0.1595203049
0.5274581952
0.4793118195
0.6592907711
0.7512351503
0.5629590300
0.4404767051
0.0768998522
0.0648363164
0.0671637182
0.0718402197
0.3904963580
0.8881682115
0.7018371854
0.0768764045
0.0806537353
0.0566938708
173.3059223235