0.0155043881
0.0151226362
0.0151299823
0.0154519689
0.0160821537
0.0170662866
0.0285950504
0.0208329971
0.0200639252
0.0218829648
0.0255785302
0.0187761448
0.0183143325
0.0179903261
0.0180305915
0.0185807574
0.0198056995
0.0219697705
0.0255135603
0.0446836360
0.1133361627
0.1429461480
0.1023864528
0.1040262227
0.3348239661
0.1348804554
0.0261565106
0.0211534848
0.0181619037
0.0164287795
0.0095400743
0.0095524357
0.0097690307
0.0101924250
0.0108734923
0.0119127532
0.0368628733
0.0433996637
0.0255528896
0.0340528458
0.0420056723
0.0654457319
0.0145369734
0.0141863563
0.0141152006
0.0144474183
0.0152862377
0.0167803404
0.0304417114
0.1540142919
0.1122911792
0.0796088561
0.1060149254
0.1146004809
0.1188229596
0.0160597849
0.0131655894
0.0113733864
0.0103298805
0.0097707332
0.0087741547
0.0089316732
0.0095352084
0.0105890428
0.0119471947
0.0208468672
0.0867583942
0.0414505091
0.0515991719
0.0560529577
0.0836468715
3.0600407241
0.0534855749
0.0814675350
0.1232709123
0.0935193907
0.0750700963
0.1055962791
0.0740534695
0.0886111594
0.0144166387
0.0116069621
0.0099369200
0.0090727341
0.0084632574
0.0085636532
0.0090149142
0.0097853469
0.0108408995
0.0122287899
0.0897961073
0.0856045465
0.0346304799
0.0776438831
0.0680279858
0.0583983306
0.1156561044
0.0848349512
0.0822271747
0.0728364283
0.0924080858
0.0911875662
0.1217615785
0.0159222935
0.0129793886
0.0108629583
0.0095071151
0.0087515744
0.0085050159
0.0085981286
0.0091635564
0.0101992952
0.0118208618
0.0907764017
0.0989078420
0.0494583652
0.0531783753
0.0868469077
0.0901807204
0.0479397316
0.1097024668
0.1375020923
0.0148610346
0.0120039947
0.0100634950
0.0089523019
0.0089945594
0.0091640460
0.0101883890
0.0239877072
0.0824347578
0.0734018581
0.1028077547
0.1181440081
0.0879740780
0.0688764599
0.0115435390
0.0097319904
0.0101227072
0.0108371646
0.0615479754
0.1439204838
0.1136073882
0.0116048166
0.0122243962
0.0084632574
3.0600407241