19.3575136247
19.0018004364
19.0882639602
19.5407963088
20.3607738529
21.6064427729
33.8021505817
25.7656357773
25.3355438883
26.9776173053
31.1108209917
23.9703023651
23.4202063376
23.0080748458
23.0254900147
23.6585535578
25.1027285158
27.6562222740
31.8014505459
54.8418917373
127.7037415759
153.8877551118
111.2064221936
120.1949430693
332.1120082167
143.0160920073
30.8450205424
25.4113601599
22.1752149641
20.3195971999
12.2754609391
12.3004604339
12.5810362722
13.1229685251
13.9933588569
15.3256710221
47.6523749622
54.9139923442
31.4740145284
43.5785563876
52.4525202583
84.0275486201
18.9936826410
18.5631988386
18.4695225694
18.8889829138
19.9592776721
21.8624255681
40.2595644279
204.9877983489
147.0654993515
104.6350154990
138.4518266635
154.7097842748
150.6445155727
20.3251647264
16.7212877784
14.5131511236
13.2337989357
12.5519196164
11.0741820314
11.2391510864
11.9281646864
13.1609330263
14.8453529799
27.2167345413
118.7857551156
54.7730033420
69.8495868296
75.7851821140
114.1571493638
701.5491796470
73.3889955208
112.4094911909
170.3300460320
128.1398682217
102.1988258565
144.9092910705
100.7432173415
120.9599155362
18.1635233200
14.6047349669
12.5249086994
11.4539924709
10.5818790061
10.6794924676
11.2029577283
12.1337783458
13.4780406262
15.3443519152
121.9413783165
117.4948586520
46.6996504701
106.0618823570
92.9255388653
79.6119279504
158.5875419666
115.4906590328
111.1939650118
97.7795216961
125.1885351089
121.0629862512
166.3061132993
20.1619131426
16.3255129853
13.6166361889
11.9054758138
10.9553643420
10.6011778027
10.6978766957
11.3936090288
12.7248984406
14.8770711344
117.4046861415
130.9846747456
64.3422262545
69.9801395857
113.4733122806
116.8315555269
62.2586038821
139.9375558552
179.3755159858
18.7610685767
15.0692740432
12.5861913016
11.1756622099
11.2093061093
11.4163960313
12.7294274394
30.5339477018
102.1443296224
92.7468225870
127.7833069740
145.6583610754
108.9850970302
85.1544952318
14.4526563186
12.1488705777
12.6243645220
13.5319549810
75.5389049845
172.4382055747
136.1453316109
14.4914128009
15.2473135832
10.5818790061
701.5491796470