310.5307047461
310.7417688807
315.1505643933
323.4030608684
335.8383384415
353.1724433172
420.2467336617
393.1731480407
402.8683422850
406.9083986063
434.8927705918
399.8808135463
395.7617421807
392.0100706858
392.4582954561
399.6430224637
415.5738304381
442.4667982016
483.0894839601
713.3607344037
1123.6458974969
1148.3315710151
859.6822708114
1121.9537850792
1653.8493874215
869.7398829811
389.8974600970
350.7712805899
327.8789860329
315.5878484428
216.0818173948
216.7148537089
221.0172757890
229.1607039303
242.1491266802
261.9614982478
691.8094366593
735.0627181893
421.1303443629
627.7165537612
684.5814643709
1151.5659088365
339.9083676350
337.2775444538
338.0315512275
345.3678098038
361.4101048162
388.0443105002
674.1889548582
3111.1690686935
2141.7403624656
1572.1327485965
1988.4000009241
2502.1300435908
1914.7522334731
323.3494590257
274.8326339022
245.5942030783
228.6560314746
219.6345281075
184.7715311082
185.6955210667
192.9332127673
207.4369541171
231.7182435577
456.1000499950
2063.3202103970
864.5096139453
1198.1883833699
1281.7113241393
1952.6604987243
117.6938218866
1380.1822516605
2120.3726814343
3094.6158935561
2325.0201410251
1821.3649907570
2620.0148865314
1895.7417505160
2082.5765278537
288.9113388420
235.6935629227
205.9694327221
190.7260317227
173.2374419607
173.4426946832
179.7090862961
192.8483087568
215.3561067111
251.5417267317
2461.4812146768
2290.6162028950
865.5687044633
2102.1318851354
1823.3293330204
1563.4215666183
3170.4562837349
2311.5495479764
2246.8858865843
1965.3131554399
2502.1637243236
2491.8635151378
3315.7792869665
334.8836350042
266.2440192182
221.3409146190
194.3851070848
179.5881318514
174.8474295041
175.6419319975
186.9481195387
211.8215825464
256.5304781133
2531.7505287991
2772.7328810986
1350.2514149013
1458.9816286119
2425.6590692856
2511.1543072079
1287.7722542087
3042.7803194165
3858.3372511877
325.8008672744
253.8194118395
209.0671769821
184.8747684143
189.6010362873
193.6483001701
220.4777738165
616.3814972005
2266.6935617566
2028.1801380919
2845.6331611089
3262.3772170199
2409.8085838320
1866.8168758431
251.5272242671
206.9717723154
221.9895746966
242.6155406033
1670.2263148551
3941.6348852349
3093.5545539584
260.0358614868
281.0523501648
117.6938218866
3941.6348852349