10.7438551013
10.5416154690
10.5845927052
10.8300535376
11.2780827944
11.9602638714
18.7539120921
14.2998959354
14.0065838120
14.9767054744
17.2349673307
13.2620660721
12.9662055143
12.7471407981
12.7630319445
13.1157942599
13.9129721484
15.3183357508
17.5965701694
30.1202033569
70.7061633265
86.1193133496
62.1219750498
66.0129803575
189.6346430151
79.8358989338
17.1493311718
14.1228045199
12.3188491845
11.2829251761
6.8015643914
6.8144457844
6.9680575234
7.2654610745
7.7432389885
8.4738338558
25.9738116006
29.9167300904
17.2879073190
23.8018883646
28.6388694739
45.6774803050
10.5030910935
10.2750477561
10.2298645262
10.4637512235
11.0519914709
12.0933801704
22.1003946224
111.4708112813
80.0004765485
57.0229570273
75.2726149871
84.3691525493
81.7396172649
11.2309442591
9.2515182492
8.0361943479
7.3310878790
6.9547110139
6.1432358187
6.2359036251
6.6198147945
7.3054080989
8.2370908565
15.0140781480
65.0322194274
29.9319304974
38.2696989033
41.4672253522
62.4114751265
398.4460493641
40.4517772397
61.9187396646
93.4638081900
70.4134265460
56.1464640315
79.6052067317
55.6438542449
66.2123577402
10.0494255915
8.0899239338
6.9432892335
6.3524178935
5.8762022754
5.9317957585
6.2239760484
6.7420311311
7.4878605259
8.5210568375
67.7586346109
64.9822487549
25.7905790856
58.7775263709
51.4468847097
44.0959223526
87.8876521223
64.0821725196
61.8126153337
54.3895301178
69.5200607644
67.5750265443
92.2255529447
11.1748463149
9.0504316395
7.5527151465
6.6069400135
6.0819562244
5.8930936465
5.9484364948
6.3369931418
7.0791615840
8.2796217499
65.9754176231
73.2897909470
36.0593799653
39.1415593448
63.6360372326
65.6107083371
34.8616343279
78.7967054253
100.6686471832
10.4312602147
8.3727983740
6.9931015837
6.2108220214
6.2394214096
6.3570643991
7.0932231405
17.1205763188
57.7897204369
52.3066824930
72.2834184489
82.4993680978
61.6407952141
48.1476754338
8.0483389253
6.7619174877
7.0398684539
7.5530496647
42.7716304192
98.1011314705
77.4200729725
8.0866399960
8.5225816871
5.8762022754
398.4460493641