177.5097872408
175.2357248888
176.5939841286
181.0255394486
188.6055858672
199.8548592085
292.6483052186
232.0913120497
233.1893363776
242.5211209914
276.2842742069
222.9979287698
218.3913203529
214.7923017441
214.8329443084
220.1743930628
232.4601800821
254.0941925987
288.8675469083
487.1229592401
1041.5922012319
1176.2322169297
870.5410742756
1007.9366997822
2228.9231002498
1096.5563866544
266.6580558738
224.1806841556
198.9746909866
184.6800989267
115.6475415904
115.9403250258
118.5375132260
123.5069527448
131.4680460119
143.6588278113
437.3625343024
496.6589746180
282.0306114326
398.6917009921
471.0457361887
765.0510874541
180.1336661314
176.5483331412
175.8661916254
179.7767949470
189.5472783748
206.7476184842
378.0242660346
1901.0562207384
1352.3435806041
966.0635156727
1270.0665523929
1449.1978104592
1354.4220035467
187.0127653105
154.8970510475
135.3543201982
124.0563572802
118.0507549855
102.6219834945
103.8534068421
109.5596997146
120.0190046480
135.0678489342
253.5748723954
1126.2617898967
509.1052001908
659.9369298569
714.8917085349
1080.6517462083
1384.9317877065
705.7282110860
1082.3855118161
1630.0689932945
1224.4942517160
972.2687581750
1383.4446282246
966.9852841977
1144.7419120112
166.7847546625
134.4043393274
115.7163966715
106.1151443762
97.4202982262
98.0766279658
102.5083930114
110.7138699158
123.1281312111
141.1300846622
1187.0974190167
1136.9730527745
446.2766981021
1029.6030918963
900.3927513605
771.2862829088
1543.5309092372
1123.4216373814
1082.9781468385
950.5847318030
1216.4579278591
1181.9112130260
1616.3234685936
186.7988089263
150.4923820010
125.3252532272
109.6270568832
100.9322568599
97.6639263742
98.3908380461
104.7170789715
117.3351825099
138.3963236861
1156.5656903142
1286.8449676333
629.8437426278
684.6375688627
1116.6034579584
1150.5838142179
607.3843415944
1380.7618856243
1767.5677790362
175.3101669670
139.7438023998
116.2680451408
103.0827054167
103.8195170304
105.7534204556
118.4776300113
295.3176180494
1011.1982425420
915.7254708967
1266.6616092138
1445.4731103988
1078.0890266900
840.3211821176
134.8988750232
112.7732361630
117.9705920609
126.9995771879
746.6698051189
1718.0066412163
1354.2359090226
136.1318613208
144.0891391824
97.4202982262
2228.9231002498