0.0000000009
0.0000000009
0.0000000009
0.0000000009
0.0000000009
0.0000000010
0.0000000017
0.0000000012
0.0000000012
0.0000000013
0.0000000015
0.0000000011
0.0000000011
0.0000000010
0.0000000010
0.0000000011
0.0000000011
0.0000000013
0.0000000015
0.0000000027
0.0000000070
0.0000000089
0.0000000063
0.0000000064
0.0000000212
0.0000000084
0.0000000016
0.0000000012
0.0000000011
0.0000000010
0.0000000005
0.0000000005
0.0000000006
0.0000000006
0.0000000006
0.0000000007
0.0000000022
0.0000000026
0.0000000015
0.0000000021
0.0000000026
0.0000000040
0.0000000008
0.0000000008
0.0000000008
0.0000000008
0.0000000009
0.0000000010
0.0000000018
0.0000000095
0.0000000069
0.0000000049
0.0000000065
0.0000000070
0.0000000074
0.0000000009
0.0000000008
0.0000000007
0.0000000006
0.0000000006
0.0000000005
0.0000000005
0.0000000005
0.0000000006
0.0000000007
0.0000000012
0.0000000052
0.0000000025
0.0000000031
0.0000000034
0.0000000051
0.0000153093
0.0000000031
0.0000000048
0.0000000074
0.0000000056
0.0000000045
0.0000000063
0.0000000043
0.0000000054
0.0000000008
0.0000000007
0.0000000006
0.0000000005
0.0000000005
0.0000000005
0.0000000005
0.0000000006
0.0000000006
0.0000000007
0.0000000050
0.0000000049
0.0000000020
0.0000000044
0.0000000039
0.0000000033
0.0000000066
0.0000000048
0.0000000046
0.0000000041
0.0000000052
0.0000000050
0.0000000069
0.0000000009
0.0000000007
0.0000000006
0.0000000005
0.0000000005
0.0000000005
0.0000000005
0.0000000005
0.0000000006
0.0000000007
0.0000000047
0.0000000053
0.0000000026
0.0000000028
0.0000000046
0.0000000047
0.0000000025
0.0000000056
0.0000000072
0.0000000008
0.0000000007
0.0000000006
0.0000000005
0.0000000005
0.0000000005
0.0000000006
0.0000000013
0.0000000040
0.0000000037
0.0000000050
0.0000000057
0.0000000043
0.0000000034
0.0000000006
0.0000000005
0.0000000006
0.0000000006
0.0000000030
0.0000000067
0.0000000053
0.0000000006
0.0000000007
0.0000000005
0.0000153093