258.2918718309
255.5638045833
257.8549134702
264.4348494160
275.4466059273
291.6328382694
414.6593897105
335.5468334861
339.4050353492
349.9937848084
396.4450432650
326.1646530541
319.8148567026
314.7671519346
314.7965728907
322.2826243856
339.5162559288
369.7717559827
418.1374919898
696.1191030500
1428.0121883601
1580.6027017723
1174.9626686366
1400.7548213772
2845.6551841031
1463.2780900661
378.1063382259
320.8137540073
286.8735717559
267.7306573808
170.1187539172
170.5746501077
174.3502044175
181.5520664506
193.0788077462
210.7293202609
632.8970432807
713.6678693059
404.5545600428
576.4196999251
675.0728589087
1102.0214132719
265.5676532528
260.6658202162
259.8364539755
265.5743032403
279.7188265206
304.4743384620
553.8610134661
2762.6483976172
1957.6766509606
1402.0092854863
1836.3082507875
2117.4506552884
1938.5719726522
272.1457402901
226.1535759735
198.2350114781
182.1028732498
173.5328998651
149.9666336483
151.5763372708
159.4845521412
174.1600150537
195.7923714776
370.9270168889
1656.3733203286
741.8841655796
969.3251624541
1048.8182811012
1587.3820710268
1450.1504524208
1045.9547256671
1604.8053022529
2408.1563212670
1808.5114422279
1433.1999516753
2042.3741976228
1432.8668444548
1682.0339336840
242.5969047449
195.7566793004
168.8619592586
155.0514674878
142.0177180140
142.8240390641
149.0427834999
160.7815362289
178.9163872390
205.7002207151
1771.9904582685
1691.1508866170
660.1585570062
1534.1143437113
1340.2078365563
1148.0688565412
2302.1743734545
1675.6333800434
1616.8397599202
1418.2864381726
1813.9564224053
1767.8549734786
2409.7839737121
272.9011734045
219.4010165282
182.6197066711
159.8026864071
147.1770392425
142.4634727317
143.4288347275
152.6180484554
171.2746238829
202.8286258592
1738.7693418540
1930.7847692305
943.9867519638
1025.4486898078
1677.1479194793
1729.2267337455
908.8648194475
2077.8439999034
2656.7866915450
257.2691348305
204.3832351497
169.7749158665
150.4372207515
151.8479696003
154.7049111024
173.7101995417
440.5480950329
1525.1224008016
1378.8617321963
1911.2532265369
2182.5239079143
1625.3603373538
1265.5980107676
197.9620418602
165.0931883111
173.2778195442
186.9293918383
1125.6467934760
2600.1465611207
2048.1546115146
200.4188285750
212.7521473692
142.0177180140
2845.6551841031