0.0026642010
0.0026002181
0.0026036314
0.0026618444
0.0027741135
0.0029486997
0.0049208310
0.0036058292
0.0034765306
0.0037846628
0.0044189062
0.0032521100
0.0031691745
0.0031091737
0.0031131118
0.0032073919
0.0034212735
0.0038010139
0.0044229689
0.0078084067
0.0196081834
0.0246470624
0.0175866560
0.0180384387
0.0576342009
0.0229816647
0.0044939442
0.0036331005
0.0031190359
0.0028218898
0.0016423479
0.0016448799
0.0016832473
0.0017580257
0.0018784222
0.0020626615
0.0065745039
0.0076894361
0.0044431722
0.0060301737
0.0073973658
0.0117037017
0.0025242149
0.0024587753
0.0024427902
0.0024995049
0.0026478510
0.0029145392
0.0054184906
0.0280040986
0.0202698197
0.0143575808
0.0191201901
0.0208747032
0.0212225941
0.0027898397
0.0022784354
0.0019631525
0.0017801633
0.0016824234
0.0015075756
0.0015346831
0.0016390579
0.0018219190
0.0020601351
0.0036878607
0.0158264466
0.0074658367
0.0093510339
0.0101560227
0.0152492066
33.1930178757
0.0096112388
0.0147028727
0.0224532857
0.0169285290
0.0135581263
0.0191755497
0.0132254620
0.0161896415
0.0024976259
0.0020030977
0.0017105756
0.0015596901
0.0014500304
0.0014671711
0.0015449238
0.0016781412
0.0018618116
0.0021049710
0.0157203909
0.0152571823
0.0061656175
0.0137263240
0.0120603838
0.0103270276
0.0204754619
0.0149051638
0.0143305269
0.0126216778
0.0161838294
0.0155203962
0.0214677306
0.0027456213
0.0022347820
0.0018667366
0.0016311838
0.0015000906
0.0014512335
0.0014669902
0.0015634809
0.0017401522
0.0020154106
0.0148665528
0.0166804942
0.0082167506
0.0089604339
0.0143812159
0.0147990329
0.0079869906
0.0176993584
0.0227114636
0.0025298070
0.0020488294
0.0017181645
0.0015279552
0.0015253930
0.0015532377
0.0017229155
0.0039588593
0.0128329432
0.0117075805
0.0160324142
0.0182466176
0.0137068326
0.0107401467
0.0019504100
0.0016493479
0.0017010102
0.0018144229
0.0095082481
0.0214660666
0.0169873232
0.0019411792
0.0020283540
0.0014500304
33.1930178757