0.0000420950
0.0000409728
0.0000409674
0.0000418634
0.0000436426
0.0000464387
0.0000799698
0.0000572450
0.0000549368
0.0000601831
0.0000709256
0.0000510396
0.0000496504
0.0000486605
0.0000487270
0.0000502722
0.0000537778
0.0000600203
0.0000702961
0.0001261888
0.0003263971
0.0004128483
0.0002944427
0.0002993208
0.0009717975
0.0003897856
0.0000729223
0.0000584460
0.0000497937
0.0000447782
0.0000255925
0.0000256277
0.0000262354
0.0000274230
0.0000293364
0.0000322648
0.0001047524
0.0001237887
0.0000716447
0.0000962470
0.0001193689
0.0001870381
0.0000391710
0.0000380716
0.0000377862
0.0000386716
0.0000410273
0.0000452922
0.0000846154
0.0004430279
0.0003227704
0.0002275543
0.0003048290
0.0003277030
0.0003432568
0.0000440589
0.0000358406
0.0000307633
0.0000278154
0.0000262403
0.0000236867
0.0000241460
0.0000258622
0.0000288419
0.0000326433
0.0000577427
0.0002454891
0.0001175092
0.0001452493
0.0001583060
0.0002367350
0.0110349472
0.0001473270
0.0002249044
0.0003458705
0.0002602978
0.0002095271
0.0002950263
0.0002022547
0.0002510122
0.0000394563
0.0000315989
0.0000269239
0.0000245105
0.0000228522
0.0000231477
0.0000244135
0.0000265476
0.0000294251
0.0000331394
0.0002379647
0.0002321280
0.0000946600
0.0002082420
0.0001832264
0.0001570298
0.0003098608
0.0002259200
0.0002166794
0.0001912784
0.0002452226
0.0002351947
0.0003260651
0.0000431417
0.0000352139
0.0000294360
0.0000257116
0.0000236354
0.0000228618
0.0000231244
0.0000246466
0.0000273745
0.0000315406
0.0002244142
0.0002509577
0.0001242930
0.0001353417
0.0002173960
0.0002230725
0.0001210990
0.0002670667
0.0003424099
0.0000395664
0.0000321789
0.0000270381
0.0000240597
0.0000239675
0.0000243963
0.0000269854
0.0000604802
0.0001950211
0.0001770711
0.0002425880
0.0002766146
0.0002082622
0.0001636358
0.0000305352
0.0000258914
0.0000266130
0.0000283167
0.0001446715
0.0003271499
0.0002591766
0.0000302986
0.0000315652
0.0000228522
0.0110349472