0.0000442188
0.0000430441
0.0000430397
0.0000439803
0.0000458467
0.0000487792
0.0000839024
0.0000601102
0.0000576913
0.0000631844
0.0000744319
0.0000536131
0.0000521569
0.0000511176
0.0000511859
0.0000528039
0.0000564751
0.0000630122
0.0000737716
0.0001322979
0.0003418838
0.0004326522
0.0003085552
0.0003138342
0.0010186257
0.0004083614
0.0000765154
0.0000613487
0.0000522839
0.0000470295
0.0000269026
0.0000269393
0.0000275767
0.0000288226
0.0000308300
0.0000339022
0.0001099694
0.0001298269
0.0000751926
0.0001009146
0.0001251890
0.0001967628
0.0000411603
0.0000400073
0.0000397088
0.0000406377
0.0000431074
0.0000475771
0.0000887442
0.0004640889
0.0003381056
0.0002384458
0.0003195612
0.0003433448
0.0003607954
0.0000462764
0.0000376551
0.0000323285
0.0000292356
0.0000275828
0.0000248942
0.0000253751
0.0000271745
0.0000302995
0.0000342878
0.0000606306
0.0002573692
0.0001231994
0.0001522530
0.0001659024
0.0002479628
0.0131087321
0.0001543290
0.0002356288
0.0003623156
0.0002727448
0.0002195888
0.0003090414
0.0002120797
0.0002632005
0.0000414427
0.0000331986
0.0000282928
0.0000257597
0.0000240189
0.0000243279
0.0000256557
0.0000278953
0.0000309166
0.0000348179
0.0002496967
0.0002433617
0.0000992765
0.0002183512
0.0001922631
0.0001647542
0.0003246396
0.0002367070
0.0002279983
0.0002013544
0.0002573200
0.0002469364
0.0003421265
0.0000453233
0.0000369993
0.0000309330
0.0000270224
0.0000248421
0.0000240363
0.0000243113
0.0000259104
0.0000287786
0.0000331621
0.0002362207
0.0002641374
0.0001311303
0.0001421614
0.0002285163
0.0002355726
0.0001277407
0.0002822667
0.0003600709
0.0000416052
0.0000338320
0.0000284269
0.0000252960
0.0000252131
0.0000256646
0.0000283937
0.0000638112
0.0002065669
0.0001873916
0.0002576167
0.0002937478
0.0002206808
0.0001731024
0.0000321329
0.0000272392
0.0000280225
0.0000298266
0.0001536815
0.0003498843
0.0002769284
0.0000319182
0.0000332835
0.0000240189
0.0131087321