4.4460318398
4.3622697782
4.3807186735
4.4836253066
4.6711367714
4.9565823398
7.7922885302
5.9328003211
5.8119420370
6.2110878347
7.1631215196
5.4960094702
5.3699328715
5.2760226199
5.2809101636
5.4272727038
5.7601645827
6.3484608208
7.3037167467
12.5883087419
29.5358655057
35.9869595374
25.8636370101
27.6847112145
79.1899461134
33.2001667981
7.1134554509
5.8525441992
5.1013107924
4.6701540845
2.8135471024
2.8190425143
2.8832032676
3.0073098324
3.2066909574
3.5117933288
10.8930034839
12.5622724977
7.2203313956
9.9686968685
12.0118520689
19.2032955940
4.3488096011
4.2505239689
4.2294711995
4.3258612093
4.5712049764
5.0072449136
9.2066357700
46.7979923212
33.5947416159
23.9089638216
31.6296630280
35.3234916832
34.4400702889
4.6633517108
3.8359183490
3.3284097666
3.0342051686
2.8772954829
2.5423969753
2.5808779554
2.7404094959
3.0253243915
3.4128908002
6.2370319255
27.1285919228
12.5218499186
15.9597533725
17.3112216981
26.0634997581
385.9307386552
16.7728119067
25.6851534767
38.8950616061
29.2761258143
23.3554362534
33.1074844632
23.0404432361
27.6273918874
4.1698852766
3.3534302463
2.8756552269
2.6295246885
2.4313731980
2.4543601487
2.5754848874
2.7901836853
3.0990756818
3.5263899276
27.9055276744
26.8666146550
10.6856325025
24.2581907238
21.2520618027
18.2089587343
36.2648545186
26.4189236251
25.4462670231
22.3839475697
28.6457247698
27.7302019730
38.0419211987
4.6279187541
3.7490121360
3.1277997786
2.7350338733
2.5169055304
2.4364545264
2.4591447895
2.6194266430
2.9251008361
3.4181227749
26.9209818200
30.0075266258
14.7511084989
16.0348627065
26.0069173324
26.7854844080
14.2727470582
32.0999190717
41.1129010658
4.3072983250
3.4611342515
2.8916965105
2.5680869354
2.5761513560
2.6240006397
2.9253782602
7.0075416489
23.4549292219
21.2836022713
29.3352913636
33.4485713465
25.0228991107
19.5532639228
3.3199185046
2.7915412825
2.9008322726
3.1091827712
17.3504661068
39.6309107726
31.2917669976
3.3290629006
3.5027011128
2.4313731980
385.9307386552