2.1415561884
2.1014078265
2.1102778510
2.1596528729
2.2495932142
2.3864659729
3.7431286005
2.8573009321
2.7965777242
2.9908511137
3.4444053064
2.6464876914
2.5865349566
2.5419399515
2.5445758798
2.6149103975
2.7745231443
3.0563244163
3.5135432642
6.0364882374
14.1528505364
17.2934447939
12.4132983332
13.2391435693
38.3731435061
15.8997283152
3.4203602268
2.8158958513
2.4557308950
2.2490107418
1.3561248262
1.3587343223
1.3895236037
1.4491064321
1.5448291441
1.6912686904
5.2204264803
6.0148743054
3.4625732689
4.7790422977
5.7520758859
9.1924328387
2.0955311674
2.0489860159
2.0393111226
2.0858360803
2.2036849773
2.4127937831
4.4260346164
22.4277940479
16.0954024523
11.4630318807
15.1494840424
16.9517292430
16.4690357704
2.2440636762
1.8470259347
1.6034142422
1.4621433729
1.3867698054
1.2251167530
1.2435823262
1.3202479758
1.4572352815
1.6436918650
3.0021794948
13.0406413186
6.0109826549
7.6724518650
8.3179963706
12.5221847765
273.2681689183
8.0817820049
12.3740958093
18.7149591809
14.0901740030
11.2379960097
15.9329502250
11.1068911144
13.2777694845
2.0072317442
1.6148839347
1.3853077997
1.2670163828
1.1716931419
1.1827384338
1.2410306102
1.3444377570
1.4933707161
1.6996557829
13.4811851503
12.9607822282
5.1502530381
11.7101950265
10.2549565512
8.7876794282
17.5069290767
12.7576291634
12.2941465384
10.8150225540
13.8351183537
13.4124696145
18.3662840467
2.2295684014
1.8059117351
1.5068123831
1.3178091726
1.2128577104
1.1745223527
1.1854841158
1.2628418559
1.4105372903
1.6490804536
13.0490717527
14.5273740722
7.1431199302
7.7609853082
12.5985447824
12.9804557024
6.9089737610
15.5676118354
19.9220944942
2.0775424131
1.6686355052
1.3939164411
1.2379402805
1.2425611659
1.2657973720
1.4117382110
3.3922239397
11.3897125435
10.3260752642
14.2464394200
16.2490803939
12.1504533313
9.4930545116
1.6019147344
1.3465190789
1.4003037548
1.5015262586
8.4269520803
19.2774561018
15.2174090246
1.6076031376
1.6925928897
1.1716931419
273.2681689183