0.8266331428
0.8103120835
0.8132103764
0.8319314147
0.8664379169
0.9191780333
1.4565714183
1.1052401241
1.0775030390
1.1574618786
1.3341845072
1.0183222863
0.9951173832
0.9780097661
0.9792524162
1.0067541295
1.0689302626
1.1786704142
1.3568733925
2.3331160921
5.5483879122
6.8415974490
4.9023866942
5.1559464597
15.4453090784
6.3034932947
1.3325494381
1.0937136461
0.9513037486
0.8694166213
0.5209530289
0.5218946413
0.5337143955
0.5566367741
0.5934810783
0.6498277860
2.0040573396
2.3129309583
1.3360885009
1.8362384595
2.2151846280
3.5297766576
0.8038153729
0.7858498996
0.7821415113
0.8000754384
0.8454656424
0.9260236944
1.6972474820
8.5942738678
6.1745810489
4.3975931390
5.8129539438
6.4929312860
6.3314474653
0.8644843987
0.7110687805
0.6167881983
0.5620772554
0.5328639872
0.4719427003
0.4793021218
0.5093684589
0.5628826210
0.6350665420
1.1542893911
4.9919797405
2.3057401954
2.9387796848
3.1854545732
4.7923048658
183.3270289737
3.0926601449
4.7337222479
7.1589758841
5.3926542204
4.3036010140
6.0985626235
4.2536538244
5.0838059597
0.7737199147
0.6224656965
0.5337764750
0.4880596094
0.4519117425
0.4563829612
0.4791845004
0.5193657061
0.5767847376
0.6557281730
5.1596463631
4.9595157413
1.9735717349
4.4807230489
3.9241467900
3.3629801564
6.6964766667
4.8812455061
4.7049819549
4.1404650177
5.2954713879
5.1354699321
7.0277327400
0.8586949021
0.6960635143
0.5809864696
0.5081458030
0.4676927547
0.4530636751
0.4574517122
0.4874014554
0.5441860026
0.6354461348
4.9962664467
5.5601066825
2.7361519381
2.9718954111
4.8226166860
4.9694105035
2.6471595765
5.9611287774
7.6254412903
0.7997239723
0.6429307151
0.5373862543
0.4773952960
0.4790704817
0.4880773771
0.5440683541
1.3017285063
4.3626626883
3.9547006918
5.4557381181
6.2227800681
4.6541968953
3.6373043893
0.6169481642
0.5189558328
0.5393885190
0.5781409772
3.2289044120
7.3833258667
5.8293632133
0.6188334850
0.6512113678
0.4519117425
183.3270289737