45.3901807827
44.5574546644
44.7638003993
45.8306873083
47.7618997882
50.6951298881
79.4005726410
60.3455682001
59.4785260288
63.2176675412
73.0112372846
56.2388932007
54.9331463037
53.9533282135
53.9875434487
55.4733025060
58.8705075651
64.8826117764
74.6494555960
129.1445022443
300.5623984332
359.3481858358
260.8808695330
283.7258587926
761.1134484691
336.2944766648
72.3645418700
59.6031444281
52.0039120436
47.6475325246
28.7812438830
28.8413086381
29.5020425043
30.7771323774
32.8247008861
35.9596179230
112.3038071601
129.5795025857
74.1638398192
102.6950794390
123.7577507764
198.2789053986
44.5464434521
43.5212886193
43.2927931646
44.2747190212
46.7906924903
51.2707455655
94.5886239836
482.9135669532
346.6365914386
246.4447794216
326.4192816445
363.9455749964
355.8129858643
47.7037562986
39.2277285938
34.0371614714
31.0310928199
29.4296932038
25.9601071498
26.3470586748
27.9629723358
30.8533467005
34.8024216289
63.8391302653
278.9704987353
128.8099526466
164.0490855329
178.0806719758
268.2558199494
927.4314628923
172.0482811590
263.5351736972
399.7489117408
300.6663582166
239.8482404211
340.0281479026
236.0757524220
284.1451493320
42.6136092474
34.2524425408
29.3667934462
26.8518332262
24.8002396513
25.0282720281
26.2542376412
28.4338027868
31.5801039493
35.9458064778
285.2815069623
275.1381973123
109.4265940189
248.2675985327
217.5906688157
186.4045694184
371.2227056061
270.2973608461
260.1482774730
228.7695689148
292.9695547972
283.0478216016
389.2614825341
47.2729075207
38.2787679557
31.9231265545
27.9071523667
25.6771303544
24.8383437995
25.0630650071
26.6898835099
29.8020428985
34.8304391628
274.1306753198
306.0574016110
150.3209449934
163.5421477594
265.0460947173
272.8456338224
145.5038045404
326.6975702684
418.9683345661
43.9519597898
35.3114885369
29.4934112019
26.1862611175
26.2534582395
26.7346098021
29.8005502406
71.3548278887
238.2975185390
216.4438799562
298.1174649797
339.7772826794
254.2807123637
198.7078468222
33.8467855495
28.4551974070
29.5535059703
31.6682102706
176.2185506250
401.9811628980
317.4133039288
33.9196550340
35.6730469936
24.8002396513
927.4314628923