3.5419497971
3.4747013375
3.4894780984
3.5720312143
3.7225071983
3.9516738640
6.2351047598
4.7279513189
4.6386636895
4.9516430075
5.7245814204
4.3809154661
4.2781924980
4.2015021146
4.2045596496
4.3216111104
4.5888933588
5.0620417786
5.8313985380
10.1069629762
23.7498223628
28.7932491842
20.7395646587
22.3360521279
62.7345998063
26.6758980405
5.6836483660
4.6711196474
4.0679791828
3.7218591243
2.2391485097
2.2436227600
2.2950659019
2.3945011978
2.5542408057
2.7987871793
8.7535993604
10.1134336807
5.7983564345
8.0076106458
9.6688235375
15.4638335919
3.4623985862
3.3817868288
3.3636794715
3.4402156266
3.6366476244
3.9867329146
7.3589597580
37.6035023643
27.0150482688
19.2011798944
25.4440114787
28.3189644672
27.7860738897
3.7220716800
3.0583482320
2.6514982350
2.4157771444
2.2901354455
2.0243833682
2.0552279068
2.1828532420
2.4106293714
2.7202095495
4.9751366553
21.6853077704
10.0352575460
12.7578073857
13.8488790381
20.8520455734
381.0535131683
13.3530833803
20.4505621750
31.0377740509
23.3503256908
18.6369304279
26.4110347211
18.3294238142
22.0896723270
3.3265585130
2.6733126316
2.2909599438
2.0940352594
1.9358360924
1.9542132310
2.0508772852
2.2220141967
2.4678124027
2.8071321628
22.1144097452
21.3440497214
8.5026115977
19.2519520019
16.8754182898
14.4564932330
28.7732523621
20.9521945450
20.1630332352
17.7350790855
22.7134661769
21.9315432645
30.1779158706
3.6866234837
2.9872096478
2.4918348587
2.1783028044
2.0041197897
1.9388403283
1.9568133982
2.0841040331
2.3264056403
2.7162620760
21.2163791969
23.6944868806
11.6438995565
12.6686230676
20.5156678178
21.1143608245
11.2734700273
25.2753212846
32.4207813013
3.4243231460
2.7538708796
2.3013371030
2.0437230613
2.0480466012
2.0856242970
2.3235746899
5.5357824494
18.4271590256
16.7448308010
23.0481218598
26.2619126160
19.6652850746
15.3722866346
2.6376455650
2.2191131381
2.3029382763
2.4664848170
13.6293350188
31.0518800757
24.5250700305
2.6412700712
2.7757732240
1.9358360924
381.0535131683