0.3672466120
0.3592853024
0.3601016952
0.3680920457
0.3831841223
0.4064526241
0.6572847384
0.4922316478
0.4766851431
0.5161316843
0.5966000688
0.4493241883
0.4390155934
0.4315808073
0.4323804345
0.4449094395
0.4729631006
0.5224121587
0.6028321363
1.0371432795
2.5348745470
3.1719022796
2.2709307786
2.3304853674
7.3427992090
2.9443929127
0.6022302400
0.4915659720
0.4254863212
0.3873573883
0.2292935900
0.2296521619
0.2348316939
0.2449195379
0.2611470792
0.2859397171
0.8764854056
1.0161694582
0.5931346526
0.8055491340
0.9774879482
1.5441656795
0.3524598038
0.3445728570
0.3430170046
0.3509741209
0.3709867884
0.4064739501
0.7413644049
3.7367218625
2.6933906890
1.9184188276
2.5359854104
2.8202775910
2.7762057455
0.3820907267
0.3140439005
0.2720815801
0.2476909797
0.2346440337
0.2088647500
0.2123228295
0.2260535469
0.2503113192
0.2824561154
0.5072294396
2.1670178727
1.0058023817
1.2781585003
1.3847161375
2.0793349875
183.3183957979
1.3449637768
2.0565208260
3.1052358396
2.3434725588
1.8724357475
2.6500535471
1.8545865366
2.2081789657
0.3424961381
0.2756511446
0.2362819467
0.2159651278
0.2005225052
0.2026801303
0.2130499622
0.2310982388
0.2565004232
0.2909178058
2.2522952313
2.1592109897
0.8614149251
1.9526845455
1.7096335637
1.4658672897
2.9161576712
2.1285972174
2.0547818767
1.8104808566
2.3119444189
2.2503818649
3.0637453430
0.3797432924
0.3083102732
0.2575640455
0.2253393985
0.2074360440
0.2011789734
0.2032591657
0.2166440353
0.2416977207
0.2816146260
2.1981677612
2.4372543807
1.2028139685
1.3040635641
2.1181984820
2.1853845140
1.1641036075
2.6273381846
3.3503190971
0.3538417759
0.2848817302
0.2383559603
0.2118698856
0.2126763371
0.2167258885
0.2414127751
0.5746718496
1.9307403971
1.7455550909
2.4130487783
2.7552829333
2.0597570721
1.6104302654
0.2734488303
0.2302405365
0.2392823270
0.2563761872
1.4310072715
3.2812602440
2.5907844009
0.2743288241
0.2886495400
0.2005225052
183.3183957979