15.4750973145
15.1800382712
15.2440798250
15.6047861274
16.2627589856
17.2651204016
27.2697401326
20.6311498979
20.2702573981
21.6129590617
25.0013453597
19.1391900268
18.6889242219
18.3526162513
18.3654642184
18.8772816963
20.0466503116
22.1172240248
25.4848147486
44.2134310838
103.9119784628
125.3808179718
90.6223755220
97.8064258390
270.3945803671
117.1168623084
24.8563494519
20.4215235329
17.7796827225
16.2634582760
9.7778062458
9.7975129611
10.0225147205
10.4573087512
11.1557805602
12.2251846447
38.2970425768
44.2608443407
25.3582165640
35.0296654677
42.3092684498
67.6821602316
15.1213220195
14.7674152976
14.6872422180
15.0212369836
15.8797777456
17.4106641651
32.1614796149
164.5074289262
118.1987395276
83.9893836817
111.3333556997
123.8296949859
121.6535450570
16.2597814906
13.3581905210
11.5797742174
10.5495376869
10.0005112950
8.8391880008
8.9741637555
9.5319071151
10.5269599631
11.8786667435
21.7295071240
94.7656162416
43.8704841622
55.7489075330
60.5302894473
91.1459732794
698.2387604414
58.3141186658
89.3132659531
135.6034976498
102.0088053983
81.4228329826
115.3803488103
80.0329470193
96.5398067446
14.5286054351
11.6741619524
10.0035465041
9.1432915501
8.4516472184
8.5320322050
8.9542007378
9.7012639922
10.7736667330
12.2533868185
96.4961402442
93.1717548097
37.1215159776
84.0256575737
73.6614064216
63.1023729125
125.5894587994
91.4425588319
87.9858022968
77.3884010132
99.1216889960
95.6699360343
131.7103814966
16.0971340149
13.0432713608
10.8797982624
9.5104261004
8.7497450481
8.4636701535
8.5421039129
9.0974695787
10.1541862160
11.8538822805
92.4965569190
103.3409043158
50.7765513831
55.2545291051
89.4571205457
92.0679705109
49.1731567765
110.1826988863
141.3615960454
14.9469942531
12.0215256979
10.0461955010
8.9215376344
8.9389747078
9.1026404810
10.1399887842
24.1418635422
80.3006935986
72.9910888968
100.4401233815
114.4405400125
85.6966742176
66.9913714315
11.5115900526
9.6855613176
10.0495050051
10.7619678095
59.3912975752
135.2704426825
106.8385385957
11.5251247602
12.1100306407
8.4516472184
698.2387604414