3.4937041295
3.4280825596
3.4417257574
3.5208001340
3.6652790199
3.8852731619
6.0747668286
4.6536923644
4.5448688928
4.8724480184
5.5896846008
4.3089453901
4.2152238047
4.1460556332
4.1522039561
4.2666257204
4.5240149241
4.9769018907
5.7098780754
9.7092072694
22.8082123030
28.0299665054
20.1407386299
21.1676123997
62.8529650566
25.7681021448
5.5652566208
4.5867408479
4.0033423966
3.6682129408
2.2129847569
2.2170184468
2.2665901098
2.3626893562
2.5171074012
2.7531252535
8.3621430968
9.6074557281
5.5686320829
7.6647883596
9.1983978897
14.6668560343
3.4160367015
3.3443291287
3.3310027858
3.4073181542
3.5976475169
3.9336016189
7.1620619076
35.9208694514
25.7498573266
18.3839460630
24.2159754222
27.2707982065
26.1875480023
3.6448598276
3.0055085861
2.6126214166
2.3845162709
2.2626584292
1.9985514508
2.0286431281
2.1532970631
2.3759897240
2.6786071897
4.8796067702
21.0945603611
9.6756895500
12.4106073231
13.4338813851
20.2207882217
266.1443784385
13.1736869245
20.1641205125
30.3716108416
22.8877007304
18.2409217100
25.8747247740
18.1331191649
21.4701018264
3.2635513332
2.6290021172
2.2577094882
2.0663233483
1.9120933455
1.9302503581
2.0253428026
2.1940280304
2.4371162771
2.7743636126
22.1567296654
21.2066824119
8.4027491866
19.1969583582
16.7936197155
14.3958501985
28.7088831788
20.9376160905
20.2104027746
17.7810146789
22.7184535670
22.1220902845
30.1306425378
3.6340486583
2.9425833596
2.4560535323
2.1491146083
1.9788037046
1.9185379297
1.9367682367
2.0636696538
2.3062928361
2.6994012772
21.6517848686
24.0226176819
11.8194241442
12.8232942828
20.8712011139
21.5253795165
11.4187818891
25.8681580738
33.0255288460
3.3980894379
2.7257070463
2.2762047641
2.0217455267
2.0328576119
2.0717165225
2.3130531958
5.6070897666
18.9949391618
17.1782420708
23.7586495317
27.1225094211
20.2556656173
15.8165185357
2.6232418545
2.2030709855
2.2961162229
2.4650937772
14.0571334271
32.2867748118
25.4739638358
2.6385949515
2.7834127786
1.9120933455
266.1443784385