3.2562206842
3.1953234439
3.2092354819
3.2850050512
3.4227913537
3.6324029920
5.7055352792
4.3431527857
4.2604368747
4.5471355754
5.2475347089
4.0282871917
3.9353707148
3.8659962961
3.8691755752
3.9762314277
4.2201960149
4.6515862415
5.3522431264
9.2386674276
21.6293513860
26.2540786203
18.8955216852
20.3209398017
57.4867486077
24.2537252558
5.2055768545
4.2838484807
3.7347994411
3.4198020426
2.0618027850
2.0659008265
2.1130303652
2.2041390185
2.3504932689
2.5744941971
8.0064568505
9.2357820493
5.3014895723
7.3252914851
8.8284291250
14.1227918072
3.1881961187
3.1155742495
3.0997639949
3.1703088400
3.3503504370
3.6705901189
6.7582632298
34.4113361500
24.7031853086
17.5743133675
23.2588782641
25.9603484318
25.3374080690
3.4186530562
2.8114688304
2.4392304918
2.2235065224
2.1084908615
1.8624077254
1.8904744769
2.0071227101
2.2155703015
2.4995579578
4.5735973490
19.9234586857
9.1990389674
11.7198453289
12.7150636213
19.1462691115
377.0299722030
12.3039930252
18.8429900355
28.5544995753
21.4864218477
17.1418112251
24.3000243703
16.8953794648
20.2898529549
3.0560805119
2.4571550647
2.1067934504
1.9263299218
1.7806202124
1.7973236576
1.8858694580
2.0429672315
2.2692200736
2.5824688945
20.4404302611
19.6960769314
7.8349099638
17.7783898118
15.5770596257
13.3456310777
26.5770923427
19.3571866979
18.6382137810
16.3928255210
20.9860513901
20.2955832765
27.8746505589
3.3908094493
2.7466262953
2.2912264755
2.0032990351
1.8433835189
1.7839861864
1.8004653360
1.9176893861
2.1414161615
2.5023278291
19.6800582103
21.9534908953
10.7882724925
11.7319840964
19.0192274084
19.5827654824
10.4403569207
23.4572240216
30.0639300713
3.1541565600
2.5347116449
2.1176131627
1.8805027775
1.8858662682
1.9207359760
2.1411092841
5.1242913370
17.1241376389
15.5479858290
21.4198709971
24.4163861005
18.2711191544
14.2783532237
2.4303306978
2.0436322159
2.1229473318
2.2750662632
12.6657621729
28.9060788907
22.8240685398
2.4361413191
2.5624726333
1.7806202124
377.0299722030