423.7245581698
419.3388749629
423.3162708203
434.4536373103
453.0161127946
480.2839333055
686.6018044116
552.1968306924
560.7589421631
575.7677124167
656.9767562146
537.0560822804
525.7215906497
516.6501833859
516.2933758645
528.6335765735
557.5293893001
608.6003928698
690.6920769050
1173.1216684940
2403.8994449552
2630.1924027046
1947.5807096840
2396.4031815057
4593.5074146215
2425.1907322858
622.5470583878
527.3168225444
470.9859983889
439.2814800300
279.1620635704
279.9607021382
286.3000442809
298.3562443705
317.6432371472
347.2186280384
1071.6412721696
1216.7031987638
683.0737743078
974.9238149328
1150.0947902482
1879.9264940702
436.4164540166
427.4601770472
425.5820717836
434.9155088788
458.5355683794
500.2565415922
920.5928277759
4669.9240513398
3319.2569731796
2366.1741532790
3118.0369468783
3549.7798213662
3329.7687073462
450.1510366396
372.8865788188
326.1053028082
299.1294509182
284.8311999477
246.2268661998
248.8619495659
261.9059255615
286.1202111298
321.9157060265
611.8780615066
2750.0843729541
1243.6928163618
1610.3430510482
1746.9106590726
2643.7473996783
1467.7761105518
1715.6828483861
2633.4536989313
3976.8306958363
2983.3133176660
2367.3880351146
3369.9001963857
2345.4158181504
2795.0313321333
400.6142593505
322.5615788852
277.7224568186
254.7067209906
233.0421973389
234.3214319113
244.5110165720
263.7577285540
293.4712688156
337.2461183014
2870.9572513987
2757.7631258660
1081.7745134534
2494.9500753511
2183.1321444903
1869.3313728093
3742.1207910375
2720.7072673255
2619.2981643468
2297.6134850237
2943.2930562119
2851.1711016455
3914.7911394395
448.7435258954
360.9982277812
300.3139937766
262.5499945193
241.6191485466
233.4163278169
234.9115838077
249.8342584460
280.0961633854
331.0590977166
2781.0685338002
3101.9995091980
1515.6988571193
1649.5987216466
2688.4989955112
2768.3441309904
1461.8171438854
3317.7149760027
4254.3276535386
420.6749913719
334.9155920445
278.3484539547
246.5786690117
248.1730837223
252.6507469909
283.1812734815
708.6044613265
2424.0161371696
2198.2231371612
3037.5321492430
3464.3214619020
2584.6013191767
2014.0267629138
323.1074607821
269.8207422619
282.2014977272
303.8338598355
1788.5055829999
4110.1989776913
3239.8199009487
325.9470537752
344.9799979266
233.0421973389
4669.9240513398