55.3197362008
54.3267473056
54.5913482595
55.8990015376
58.2558163722
61.8295141217
96.4064214713
73.4569137076
72.5219355198
76.9452162871
88.7990036004
68.6204275688
67.0359698140
65.8430767223
65.8805286651
67.6810679249
71.8023509988
79.0951335858
90.9358619394
157.1475358035
363.6259344454
432.7339326203
314.7190296245
343.9439881340
908.6853486092
405.2290673588
87.8482758773
72.4518847925
63.2858624593
58.0350156354
35.1448209338
35.2196162355
36.0259548862
37.5808821178
40.0773903043
43.8999788451
137.0099949483
157.9149277787
90.2885947029
125.2407915568
150.7415024084
241.7879820270
54.4280771253
53.1833703703
52.9066492245
54.1043656313
57.1714003758
62.6302719179
115.5379543116
589.7034857807
423.0204139060
300.7771611347
398.2763889261
444.6957635616
433.5937260074
58.1655757255
47.8493138860
41.5353655522
37.8794985926
35.9324303927
31.6616585353
32.1270925706
34.0832828511
37.5878987742
42.3935220454
77.9171992894
341.0790059666
157.2766690789
200.5067490041
217.6505290734
327.9770606972
1032.0406656898
210.4622875179
322.4493047791
488.9855303303
367.7357052310
293.2435851697
415.8434662201
288.7394189466
347.3557161482
51.9478772885
41.7587167217
35.8103992399
32.7490374579
30.2316569885
30.5042339517
31.9902461753
34.6393378655
38.4759356473
43.8163149546
349.1389999324
336.6877752897
133.7987245016
303.8483462985
266.2701643631
228.0987559833
454.4000546453
330.8259660364
318.3909050605
279.9278816225
358.5144841131
346.3825749358
476.4088985638
57.6570470971
46.6703589453
38.9160582050
34.0205033392
31.3025228181
30.2775097812
30.5476579108
32.5286015473
36.3293071652
42.4839316697
335.5306669447
374.6281549631
183.9392455811
200.1367487570
324.4336160375
333.9734150020
178.0038962065
399.8408131275
512.8286647129
53.6276333928
43.0642540183
35.9593957839
31.9236074367
32.0114887870
32.5979573010
36.3467712414
87.2297054488
291.6348952737
264.9268406429
364.8560847715
415.8407633622
311.1843999596
243.1372638015
41.2906464281
34.7013911437
36.0531704191
38.6424797953
215.6241048868
491.9833544415
388.4304886348
41.3925651053
43.5458550231
30.2316569885
1032.0406656898