0.3036896790
0.2971606267
0.2978360207
0.3043995918
0.3167898039
0.3358839908
0.5415543852
0.4061477568
0.3935812587
0.4259129994
0.4918575559
0.3713528169
0.3630009134
0.3570061974
0.3577421734
0.3680695623
0.3910937703
0.4316072915
0.4974186070
0.8517887336
2.0779675789
2.5977979134
1.8636072306
1.9097271599
6.0000013174
2.4178289385
0.4964405490
0.4056770398
0.3514703124
0.3201887622
0.1898166157
0.1901089944
0.1943669409
0.2026623613
0.2160046046
0.2363786397
0.7180244140
0.8320560974
0.4878690346
0.6607931810
0.8012939014
1.2629409608
0.2916019039
0.2852746782
0.2841085675
0.2907127725
0.3071713354
0.3362681540
0.6102877882
3.0576138865
2.2038018927
1.5714132462
2.0739121808
2.3119631054
2.2668009824
0.3152941490
0.2594434850
0.2249835975
0.2049433986
0.1942180285
0.1727799871
0.1756158998
0.1869039585
0.2068579828
0.2333211963
0.4183158725
1.7815952772
0.8251649441
1.0511260895
1.1378504526
1.7081199802
69.6393322381
1.1113052110
1.6987252168
2.5580505287
1.9321211279
1.5430644770
2.1843157387
1.5341327274
1.8151057100
0.2827555958
0.2277436051
0.1953507093
0.1786299113
0.1658817317
0.1676515549
0.1761949726
0.1910848525
0.2120801565
0.2405919044
1.8715645139
1.7884323187
0.7121941109
1.6197344699
1.4170524407
1.2153490536
2.4193635220
1.7672284589
1.7079915418
1.5052211314
1.9202369997
1.8754152747
2.5426428520
0.3140018491
0.2548668698
0.2129484030
0.1863581636
0.1715893422
0.1665242000
0.1682429141
0.1793302715
0.2001347968
0.2333839875
1.8400666963
2.0348021489
1.0048029464
1.0881760075
1.7709672021
1.8287114599
0.9718028371
2.2021167179
2.8026501819
0.2932676439
0.2358845071
0.1972976237
0.1753705650
0.1762370482
0.1796235747
0.2002255905
0.4797204251
1.6226792007
1.4642517099
2.0281016649
2.3174635415
1.7307513493
1.3526846175
0.2268003190
0.1908238312
0.1986139801
0.2129738648
1.2029918748
2.7669726938
2.1838950868
0.2278902476
0.2401049814
0.1658817317
69.6393322381