114.8160304429
115.2677113464
116.8829612942
119.6020532870
123.5361398062
128.8635710420
140.0556315340
140.8056864616
144.2375639902
145.6137599093
149.8829837008
146.3691910883
146.1776608866
145.9371819127
146.6437361084
149.0468694259
153.6604064480
160.8387414753
170.7511410065
218.1776885749
280.6825960426
277.3081613675
221.8908047648
269.3873655562
339.3364330813
188.4345657768
133.0435922316
123.9025056968
118.5433404543
115.7618500208
81.3648190254
81.5573589867
82.9565646927
85.6242128607
89.8680431731
96.2683518180
207.0333314117
208.7647311123
132.9841423032
191.9950499800
197.3937447095
322.2263053303
126.8866086021
127.3510079636
128.4927941346
131.3765623043
136.6708723259
144.7556361139
231.2665658284
928.0787029370
626.3488592441
477.0649300819
571.7456782519
793.7475988545
492.5195547255
114.8691164183
99.9035043310
90.7820695877
85.4224844653
82.5263025287
68.8251422650
69.0120900391
71.2565888648
75.9467867968
84.1944588043
162.2545212009
700.7958265537
276.0856004698
407.4793696989
428.6226903685
651.6221416746
35.9065303633
510.1175930855
781.0276272910
1091.9687292393
829.7590633498
644.1944598003
931.2621016404
712.0721741405
703.9833145420
103.6302351387
85.7978047530
75.9496402159
70.8733013645
64.5698244016
64.5626392579
66.6920925404
71.3668422267
79.7108473753
93.5995938259
981.7704959858
877.3101106952
322.5530774683
819.9244950132
704.5309409641
606.1014361671
1240.1082214976
911.4629706867
898.9352858198
788.2330888197
991.9486637817
1026.6531741120
1302.2160740089
123.8084945232
97.9174269205
81.6181583975
72.0557030738
66.8429244330
65.8455779759
66.1543728282
70.5110621407
80.3870576125
98.7025568492
1091.2901098024
1164.0189241724
570.7798143129
609.3935958835
1032.9222379464
1078.2959165296
540.4964820028
1326.7695285478
1651.8219323197
125.1011110414
96.0027348880
78.6785251721
69.5756801131
72.6941596618
74.4852821172
85.7471655624
259.1479743937
1013.2096397347
891.6428344345
1271.8042014470
1467.2910350130
1075.2849052727
830.7068133578
97.6531482953
79.5181247478
87.2046774845
96.3961026278
748.7566053843
1810.4694657841
1417.2118055483
103.2339337432
113.5262677842
35.9065303633
1810.4694657841