0.0000000038
0.0000000038
0.0000000039
0.0000000039
0.0000000039
0.0000000039
0.0000000040
0.0000000040
0.0000000041
0.0000000041
0.0000000042
0.0000000042
0.0000000042
0.0000000043
0.0000000044
0.0000000044
0.0000000045
0.0000000045
0.0000000045
0.0000000045
0.0000000047
0.0000000048
0.0000000046
0.0000000044
0.0000000050
0.0000000043
0.0000000040
0.0000000039
0.0000000039
0.0000000038
0.0000000028
0.0000000028
0.0000000028
0.0000000028
0.0000000029
0.0000000029
0.0000000030
0.0000000031
0.0000000032
0.0000000033
0.0000000034
0.0000000035
0.0000000035
0.0000000036
0.0000000037
0.0000000037
0.0000000038
0.0000000038
0.0000000039
0.0000000042
0.0000000040
0.0000000039
0.0000000038
0.0000000038
0.0000000035
0.0000000031
0.0000000030
0.0000000029
0.0000000029
0.0000000028
0.0000000025
0.0000000024
0.0000000025
0.0000000025
0.0000000026
0.0000000028
0.0000000032
0.0000000032
0.0000000034
0.0000000036
0.0000000038
0.0000000007
0.0000000041
0.0000000043
0.0000000046
0.0000000044
0.0000000042
0.0000000042
0.0000000039
0.0000000035
0.0000000029
0.0000000027
0.0000000026
0.0000000025
0.0000000025
0.0000000025
0.0000000025
0.0000000026
0.0000000027
0.0000000029
0.0000000043
0.0000000040
0.0000000038
0.0000000046
0.0000000047
0.0000000048
0.0000000056
0.0000000055
0.0000000058
0.0000000059
0.0000000057
0.0000000065
0.0000000052
0.0000000036
0.0000000032
0.0000000029
0.0000000027
0.0000000025
0.0000000028
0.0000000028
0.0000000029
0.0000000031
0.0000000036
0.0000000151
0.0000000087
0.0000000089
0.0000000078
0.0000000136
0.0000000186
0.0000000094
0.0000000346
0.0000000169
0.0000000047
0.0000000038
0.0000000032
0.0000000029
0.0000000036
0.0000000036
0.0000000041
0.0000000074
0.0000000726
0.0000000334
0.0000000888
0.0000001351
0.0000000818
0.0000000632
0.0000000049
0.0000000039
0.0000000052
0.0000000058
0.0000000747
0.0000003879
0.0000003046
0.0000000066
0.0000000084
0.0000000007
0.0000003879