0.0060376248
0.0058776203
0.0058773910
0.0060062302
0.0062616112
0.0066627006
0.0114478342
0.0082195326
0.0078807271
0.0086399581
0.0101655761
0.0073278167
0.0071297157
0.0069880840
0.0069973666
0.0072183694
0.0077200693
0.0086132825
0.0100825581
0.0180553545
0.0466316875
0.0591312726
0.0421350758
0.0427400850
0.1400537929
0.0556247796
0.0104435047
0.0083742596
0.0071376036
0.0064208881
0.0036738314
0.0036788766
0.0037660587
0.0039364833
0.0042111317
0.0046315386
0.0150253473
0.0177131648
0.0102497126
0.0137925126
0.0170839704
0.0268637796
0.0056306427
0.0054734274
0.0054325205
0.0055596246
0.0058978347
0.0065099023
0.0121835322
0.0636617991
0.0462921601
0.0326695009
0.0437394130
0.0472012838
0.0491499819
0.0063232116
0.0051439679
0.0044155764
0.0039927170
0.0037667785
0.0033983925
0.0034640853
0.0037099667
0.0041372210
0.0046834159
0.0083102516
0.0354289527
0.0168907645
0.0209492174
0.0228015317
0.0341716076
33.5538153779
0.0212848881
0.0325395135
0.0499469055
0.0376460159
0.0302482914
0.0426444489
0.0292721680
0.0361861549
0.0056622564
0.0045338235
0.0038629164
0.0035166666
0.0032773742
0.0033196609
0.0035011933
0.0038076026
0.0042216339
0.0047575762
0.0344258415
0.0336316703
0.0136678422
0.0301547932
0.0265200842
0.0227201117
0.0448734341
0.0326895984
0.0313635748
0.0276633834
0.0354879256
0.0339126825
0.0471541662
0.0061925213
0.0050522797
0.0042222663
0.0036876792
0.0033897808
0.0032774803
0.0033152128
0.0035338021
0.0039260706
0.0045259781
0.0322167290
0.0362174053
0.0178882075
0.0194995820
0.0312365229
0.0320853260
0.0174319600
0.0382321577
0.0492419127
0.0056740806
0.0046139682
0.0038763893
0.0034492324
0.0034341189
0.0034957647
0.0038670389
0.0086682958
0.0276427853
0.0252794661
0.0345024854
0.0392144130
0.0295442475
0.0231915887
0.0043738984
0.0037094648
0.0038097150
0.0040528448
0.0204891088
0.0459421112
0.0363914971
0.0043350336
0.0045122195
0.0032773742
33.5538153779