116.4587177267
116.9190832291
118.5404106630
121.2635982682
125.1982437071
130.5188851857
141.4141803309
142.4547306841
145.9097643586
147.3384633326
151.4490826794
148.2305615179
148.1217343278
147.9613540172
148.7255899283
151.1576331993
155.7631968603
162.8759389622
172.6251829827
218.4045708733
278.1791277011
274.7095072969
221.3682260384
266.1692380610
333.3188348667
187.3451216633
134.5152714350
125.4616017800
120.1478084939
117.3906742737
82.5601114217
82.7507232792
84.1539954724
86.8316996261
91.0902367793
97.5051813257
206.0032783762
207.2070671317
133.6032888405
191.6473416609
196.4988061774
318.8087221457
128.5842691752
129.1580743648
130.3824043966
133.3198165119
138.6362886434
146.6949157277
232.5507966655
920.8122454560
621.0677144399
474.5383743131
566.0236494854
791.3601335252
483.6911660079
116.1038745804
101.1434917120
92.0111709816
86.6372397833
83.7290388947
69.8238607231
70.0076402701
72.2634842967
76.9836890706
85.2901196331
163.6851667941
702.6106629103
275.7872317731
408.8404193271
429.4540130258
652.4316217372
35.1051704193
515.3002160633
788.5639620404
1098.2442343312
835.7128206153
648.4782828046
937.4954428019
720.5588931602
705.6259042663
104.8406890932
86.9041137291
76.9987647791
71.8890966528
65.5335661967
65.5246568435
67.6770119552
72.4080407338
80.8614782983
94.9480815302
998.4065892242
888.8697569419
326.2601639093
832.1617390533
714.4978082775
614.8819163707
1258.7480517620
926.0334933251
914.5788147889
802.2668013955
1008.4026548917
1047.5672926130
1322.4229138635
125.5199946453
99.2601945080
82.7656597513
73.0996681877
67.8318550640
66.8898249897
67.2066632863
71.6390272351
81.6959594847
100.3760769012
1118.1025698030
1189.5071642338
583.8835536927
622.5894721024
1057.0468670994
1104.4870683202
552.6463248885
1361.0308040680
1691.0309605944
127.2168947812
97.5368718479
79.9161242711
70.6735399092
73.9486183194
75.7869867781
87.3046859884
265.1594946302
1042.0286895966
915.4315029475
1307.8080592369
1509.8805756528
1105.7926918575
854.1847789359
99.4194246926
80.9003811821
88.8687731080
98.3099655752
770.4223876043
1867.0132953249
1461.2598717527
105.2838554154
115.9287054432
35.1051704193
1867.0132953249