71.6465634128
71.9266432255
72.8115943706
74.2702497199
76.3487083528
79.1161703632
83.5526772759
85.3926445720
87.3696558255
88.4390641090
89.9547572938
89.6280204368
90.0379872665
90.4246642716
91.1821599430
92.6547597474
95.0580052234
98.4545897970
102.7079278143
118.1746658914
136.3459021939
134.6228070208
116.9960425075
127.2437887473
148.3344240300
97.1131369909
80.4385892213
76.0527926763
73.4403570547
72.0831445008
50.9385665192
51.0263671820
51.7917889754
53.2656494661
55.5993636452
59.0657680555
102.7302992874
101.3905086624
75.3254738994
99.6564109999
99.9592181097
148.8387850478
78.1091756173
79.0622602463
80.2148693337
82.0950932941
85.0293365999
89.1110413384
129.5454100608
435.6837835032
293.9467777157
233.1754178065
262.7423060095
395.4262933083
205.6122872295
68.9309801541
61.0539618731
56.1536138663
53.2192670351
51.6043257056
43.0625299669
43.1416164278
44.4077779742
47.0868576081
51.8133888813
94.2695638653
373.9172415983
142.2533361943
220.3092716986
227.9107041569
342.4481087295
18.0629501054
298.7870960190
454.1021009280
605.2776160851
469.0726057814
362.1791394502
522.8264981685
426.2198963778
374.5750546219
62.8526380270
52.7618515779
47.1733589697
44.2619305523
40.6219368680
40.6060959065
41.8845332876
44.7242221626
49.8356554756
58.4222681455
622.9199343574
532.2236500570
192.4669994578
508.0565615286
432.7224095014
373.8614918730
769.1138554468
571.9880033712
573.8668020078
506.3975217577
627.2584336829
679.1866771330
812.2886548663
76.8417844422
60.7644357481
50.8681902279
45.1228133150
41.9950431819
41.8735859565
42.0869422720
44.8907383499
51.3023873855
63.3794325428
758.0065663115
782.8957598091
389.4325966342
409.5037762499
707.5234211209
746.5463096671
367.2414590329
935.9875775416
1136.9762254496
80.4051350579
61.1171041255
49.9680064928
44.2113485217
46.9558794612
48.2147238514
55.8899782257
177.9376190905
736.6563917722
635.2810296435
923.3321039352
1073.6689087211
781.1609420488
602.9749998015
63.6508542036
51.4402809772
57.4707697560
64.0361830932
547.7795228830
1358.5152366823
1061.8974779840
68.6173819419
76.5269152191
18.0629501054
1358.5152366823