0.0148295332
0.0148611430
0.0149503601
0.0150860435
0.0152601513
0.0154668385
0.0157390200
0.0159416013
0.0161667138
0.0163785375
0.0165853126
0.0167391099
0.0169239370
0.0171222865
0.0173369627
0.0175628551
0.0177874374
0.0179914803
0.0181506238
0.0183307369
0.0185804589
0.0184602940
0.0179082725
0.0175076256
0.0177241989
0.0164385257
0.0155723996
0.0152248109
0.0149955446
0.0148692083
0.0106888564
0.0106795117
0.0107536954
0.0109065957
0.0111374253
0.0114474850
0.0120535373
0.0124943834
0.0127609523
0.0132768089
0.0136811165
0.0142763325
0.0141666534
0.0144914850
0.0148123105
0.0151246949
0.0154168793
0.0156683439
0.0160237320
0.0176431223
0.0168697412
0.0162103274
0.0158443488
0.0157455711
0.0141189305
0.0124761913
0.0118183245
0.0113338841
0.0109995119
0.0107909035
0.0092871162
0.0092651841
0.0094099083
0.0097261874
0.0102346215
0.0112273931
0.0139103828
0.0129798046
0.0142968343
0.0149107247
0.0162295138
0.0015243042
0.0183504322
0.0209846280
0.0213398076
0.0215841031
0.0196303902
0.0206071206
0.0224487151
0.0151086200
0.0117034480
0.0106136946
0.0099096430
0.0094897373
0.0091938658
0.0091566422
0.0093364261
0.0097530394
0.0104609122
0.0115422250
0.0412279234
0.0265733551
0.0174497738
0.0323227978
0.0293545522
0.0272373841
0.0458182735
0.0426086747
0.0478819008
0.0497689867
0.0465244077
0.0802982446
0.0455925774
0.0147252492
0.0124262805
0.0109370158
0.0100079168
0.0094609439
0.0101441114
0.0101467026
0.0106830264
0.0119106461
0.0141848289
0.1597605731
0.1079341155
0.0745867661
0.0643541197
0.1309296772
0.1609341284
0.0704537499
0.2562502401
0.2068401033
0.0187170474
0.0143478858
0.0119377421
0.0106818714
0.0124607805
0.0127503377
0.0148018002
0.0441231251
0.3077206631
0.2011314853
0.3757491502
0.4874972184
0.3294578282
0.2576497022
0.0174099700
0.0137596614
0.0171453456
0.0194997327
0.2594404838
0.8712124658
0.6812586346
0.0214934740
0.0260812902
0.0015243042
0.8712124658