294.7389831735
294.0106528573
297.9487036898
306.0589967601
318.6482279373
336.5118009951
427.4056662155
378.9973863609
387.9846641365
392.8264236484
431.0091919022
379.5679331183
373.6818131973
368.5710488130
368.3969912572
375.7759832663
392.9505337462
422.7847537283
469.3751915616
745.3312084594
1302.2362172251
1359.5115605143
1000.9816319817
1315.2831200850
2100.0401549949
1105.1589161418
391.5609071125
344.3217999357
316.6153471896
301.4681224082
201.7977778454
202.4278188954
206.7405113129
214.8896975515
227.8984358702
247.8205922995
716.2832558913
783.5083039957
435.5260258987
647.3782266754
729.8001004696
1226.4471565277
317.6901111765
313.2126808196
312.8083258094
319.5399242739
335.5272647722
363.0049421920
653.3790181515
3189.1194335855
2224.9682734972
1607.4305304519
2079.8632995393
2490.4204419180
2107.2767274305
312.1717665353
262.1012509968
231.9829351085
214.6147715337
205.4090452802
174.2411176488
175.4231989156
183.0654216131
197.9609883157
221.9334939570
435.1850556785
1987.5410876745
863.4140241767
1157.1814608402
1247.7814306029
1897.8141864827
231.6074889807
1279.4286227332
1966.4072814234
2925.9216372318
2192.1910422033
1726.7082770856
2473.3068718992
1748.0795241357
2011.8384179063
277.8772204285
225.0981082752
195.3336124504
180.0807716128
163.6681063343
164.0549721591
170.3661137418
183.1454429872
204.3142715293
237.3929202377
2202.4699874600
2087.1230209540
801.9491805241
1900.1310418535
1655.7976742782
1418.0860912124
2859.7310162988
2079.5180589476
2009.1239182548
1757.9368343430
2247.7787950003
2201.8878959975
2987.7882218619
316.8724088896
253.0035579567
210.2129674521
184.1402196526
169.7612852733
164.4338684165
165.2161840951
175.7203953037
198.2497149309
237.8187391648
2188.4836364495
2424.0368127202
1179.6621389472
1280.7932734399
2108.2265637280
2175.0573042199
1130.4680376973
2617.7764512874
3344.3306861005
302.4997434372
237.8504002022
196.5833773232
173.8857465230
176.6352634806
180.0799198798
203.6362294067
542.5957572938
1927.8587602506
1738.6140023686
2419.2732703510
2765.3854520271
2052.2669806127
1593.4716997179
232.5612374032
192.5589636187
204.0516035625
221.5041109859
1420.0105652957
3306.8403454194
2600.0780661964
237.5779014977
254.2725235608
163.6681063343
3344.3306861005