12.4283824760
12.1949059135
12.2481805107
12.5385649181
13.0667357812
13.8704350560
21.8328381924
16.5673122416
16.2783488080
17.3508029850
20.0519972225
15.3804711193
15.0212708739
14.7526156948
14.7629576402
15.1723729415
16.1076146987
17.7629948054
20.4537532601
35.4222705986
82.9575431127
100.1521216068
72.2930811380
78.1100561603
216.5561470350
93.1634888968
19.9022543346
16.3681097255
14.2630985103
13.0554909501
7.8643363228
7.8802632430
8.0608687363
8.4097992889
8.9702888318
9.8283896154
30.7232459933
35.4737220435
20.3220848716
28.0991815717
33.8991921544
54.2593606113
12.1647549827
11.8827611005
11.8195772483
12.0881991248
12.7772446511
14.0048957101
25.8480953018
132.0403415255
94.8259618173
67.4071336954
89.3055824182
99.4726576678
97.4499208582
13.0597998770
10.7338651394
9.3085353984
8.4828298147
8.0427913630
7.1044463931
7.2119044257
7.6578795384
8.4544480849
9.5391432532
17.4655983848
76.2026464777
35.2346668158
44.8214859316
48.6555588327
73.2733039502
641.1194038837
46.9451425632
71.9022606014
109.1059212142
82.0757955174
65.4949148148
92.8293244741
64.4307592660
77.6172999113
11.6699118349
9.3789625872
8.0388180021
7.3487262592
6.7914706075
6.8552986372
7.1933241532
7.7926223779
8.6549096555
9.8474299743
77.7760101041
75.0528024767
29.8804688787
67.7037565175
59.3420578626
50.8363500264
101.2048483074
73.6907860289
70.9170604211
62.3697419272
79.8774868606
77.1374278342
106.1325650412
12.9373750046
10.4805476478
8.7418603793
7.6420550198
7.0311738721
6.8019655861
6.8645829568
7.3108902906
8.1618570326
9.5329495123
74.6445756734
83.3620518111
40.9566294872
44.5617874708
72.1796609151
74.2926931521
39.6533032316
88.9311616398
114.0687856357
12.0206436606
9.6639340630
8.0745427274
7.1702345870
7.1865223357
7.3184337661
8.1549480891
19.4600941060
64.8396672193
58.9208654928
81.1062892380
92.4218961868
69.1931222368
54.0820134433
9.2583680616
7.7874838070
8.0838167769
8.6594442172
47.9546856802
109.2914267615
86.3123828677
9.2734673502
9.7481021478
6.7914706075
641.1194038837