0.1828322703
0.1786712952
0.1789428100
0.1828214041
0.1902542642
0.2017721387
0.3302842122
0.2448830011
0.2367165794
0.2570137830
0.2981293558
0.2227135901
0.2175739479
0.2139290409
0.2144113549
0.2207412311
0.2348162890
0.2595999453
0.2999558185
0.5168534639
1.2816338836
1.6090836585
1.1546556100
1.1762064734
3.7403890833
1.5085195596
0.3025845162
0.2462625973
0.2126046164
0.1931467057
0.1135553835
0.1137179321
0.1162736162
0.1212613884
0.1292856398
0.1415346671
0.4312746266
0.5026012976
0.2960475198
0.3977486006
0.4854132301
0.7605487061
0.1740082183
0.1701268064
0.1694010969
0.1733651149
0.1832624885
0.2007889908
0.3640182172
1.8260453232
1.3209020300
0.9405286238
1.2437411993
1.3755745473
1.3699421924
0.1895203318
0.1557487216
0.1348781743
0.1227339901
0.1162306569
0.1037609484
0.1055288912
0.1124515113
0.1246297810
0.1406016758
0.2499464623
1.0562474018
0.4927408340
0.6243743906
0.6762284575
1.0134472868
36.4723327810
0.6577626252
1.0045979382
1.5133830636
1.1446680548
0.9153921313
1.2938910473
0.9094230698
1.0768638732
0.1700583948
0.1369431885
0.1173817266
0.1072771404
0.0997832348
0.1008989636
0.1061162612
0.1151361928
0.1277211022
0.1446238276
1.1079256732
1.0578459487
0.4226784034
0.9583655061
0.8385843081
0.7194241518
1.4304567228
1.0459100935
1.0116275578
0.8925309219
1.1374105583
1.1130500919
1.5044911650
0.1885318394
0.1532237843
0.1280856466
0.1120905201
0.1031995707
0.1001900050
0.1012559303
0.1079361684
0.1203585158
0.1400711167
1.0940884061
1.2069860977
0.5974702970
0.6462563163
1.0519404967
1.0871784176
0.5782538821
1.3111594977
1.6648719827
0.1759511210
0.1417311000
0.1186400476
0.1054871352
0.1059682720
0.1079985478
0.1202737078
0.2863363539
0.9687124406
0.8726079029
1.2101914960
1.3838580414
1.0334163499
0.8080916185
0.1361992443
0.1146970619
0.1192900243
0.1278250699
0.7190289084
1.6563920333
1.3075813193
0.1367800456
0.1440190219
0.0997832348
36.4723327810