0.0053057921
0.0051736348
0.0051782273
0.0052937785
0.0055185958
0.0058693862
0.0099073769
0.0071973169
0.0069312623
0.0075571758
0.0088585339
0.0064666564
0.0062966862
0.0061739603
0.0061811051
0.0063712062
0.0068036022
0.0075727549
0.0088351880
0.0157200295
0.0398412952
0.0501889718
0.0357604980
0.0366762249
0.1174724276
0.0469594482
0.0090381872
0.0072830792
0.0062348207
0.0056284054
0.0032551630
0.0032600884
0.0033368483
0.0034865385
0.0037276202
0.0040966796
0.0131982509
0.0154964570
0.0089376025
0.0121024797
0.0149063365
0.0235489179
0.0049997110
0.0048648876
0.0048305275
0.0049427708
0.0052395723
0.0057752029
0.0107873944
0.0561338746
0.0406844467
0.0287685198
0.0384389782
0.0417501087
0.0428750547
0.0055622642
0.0045341411
0.0039001248
0.0035322229
0.0033357566
0.0029962466
0.0030515350
0.0032624149
0.0036308232
0.0041077653
0.0073376044
0.0314606092
0.0149017168
0.0185810293
0.0202199935
0.0303442458
52.3840563954
0.0189906296
0.0290501459
0.0445184628
0.0335180459
0.0268902697
0.0379669925
0.0261058209
0.0321104556
0.0049784986
0.0039891040
0.0034027953
0.0031003336
0.0028841989
0.0029193076
0.0030757458
0.0033423726
0.0037073225
0.0041864731
0.0308567767
0.0300817333
0.0121747203
0.0270009409
0.0237345053
0.0203362422
0.0402212143
0.0292887820
0.0281168085
0.0247792194
0.0317885827
0.0304341371
0.0422310867
0.0054592590
0.0044475312
0.0037153223
0.0032454494
0.0029837670
0.0028849689
0.0029167899
0.0031085620
0.0034570919
0.0039960839
0.0289979789
0.0325734087
0.0160666062
0.0175115947
0.0281100277
0.0288840615
0.0156298851
0.0344309915
0.0443308056
0.0050153790
0.0040690282
0.0034147742
0.0030372143
0.0030276528
0.0030822067
0.0034145454
0.0077525569
0.0249295951
0.0227725531
0.0311301626
0.0354021935
0.0266374655
0.0208952138
0.0038649986
0.0032725140
0.0033678318
0.0035876712
0.0184715858
0.0415340127
0.0328783940
0.0038383536
0.0040028848
0.0028841989
52.3840563954