18.3705423384
18.0208563105
18.0972161796
18.5255849944
19.3067121693
20.4965205649
32.3584330655
24.4846449732
24.0633514383
25.6502254606
29.6686423177
22.7222381274
22.1879596813
21.7887550430
21.8038428198
22.4110427350
23.7985035058
26.2552411278
30.2506935295
52.4772593364
123.2631103216
148.5911655079
107.4611633283
116.0386268498
319.8784139832
138.8963190966
29.4975090388
24.2372736941
21.1037654598
19.3054429245
11.6089566481
11.6324247422
11.8995659233
12.4157338613
13.2449068262
14.5144323921
45.4674717745
52.5418320175
30.0984106753
41.5870788299
50.2220424865
80.3510658720
17.9543845757
17.5344010789
17.4392737386
17.8357662918
18.8549187623
20.6721342439
38.1869578152
195.3266568738
140.3332329933
99.7173925819
132.1788311631
147.0324762466
144.4151774246
19.3016983499
15.8579301912
13.7473462866
12.5247235660
11.8731988096
10.4930356729
10.6530825359
11.3147287916
12.4952912875
14.0994450790
25.7971547893
112.5277807042
52.0852774417
66.1940527790
71.8724776821
108.2280022594
741.6962369296
69.2470701445
106.0586277850
161.0267035398
121.1318409799
96.6819907903
137.0080529651
95.0342816925
114.6334611227
17.2460004212
13.8577713328
11.8749640236
10.8539940955
10.0323348576
10.1275879885
10.6284332839
11.5149249552
12.7878313839
14.5447202961
114.5917933265
110.6418725804
44.0790342731
99.7830426870
87.4751019016
74.9345305407
149.1429552643
108.5919199033
104.4860226313
91.8997494218
117.7106612814
113.6122626841
156.4073390538
19.1088889843
15.4830047304
12.9146364969
11.2891506545
10.3862311351
10.0465332553
10.1395056557
10.7986389936
12.0531525196
14.0714816647
109.8455602611
122.7226606544
60.2985608235
65.6161319279
106.2390147839
109.3373814522
58.3924725572
130.8507360109
167.8791445519
17.7443337518
14.2705458999
11.9252913645
10.5901321745
10.6110371672
10.8052927492
12.0370130075
28.6652819832
95.3629890119
86.6833211478
119.2805984025
135.9102183105
101.7704350280
79.5567581443
13.6656824312
11.4974841325
11.9299684367
12.7760726376
70.5312024494
160.6490369439
126.8823703037
13.6822449014
14.3771303642
10.0323348576
741.6962369296