0.3157107432
0.3088005970
0.3094068050
0.3161458339
0.3289418187
0.3486999904
0.5644082382
0.4219460684
0.4085418263
0.4426440680
0.5116043820
0.3853465164
0.3767343638
0.3706034743
0.3714551414
0.3822458624
0.4062018611
0.4483093808
0.5167015640
0.8833518839
2.1668230217
2.7145844694
1.9497030887
1.9883432853
6.2874909434
2.5372025156
0.5175353933
0.4225564006
0.3658092866
0.3330343727
0.1969684158
0.1972591686
0.2016613414
0.2102471351
0.2240579847
0.2451381721
0.7404599905
0.8591533923
0.5064277731
0.6825493397
0.8290283602
1.3016505794
0.3022576505
0.2957860889
0.2946477091
0.3015242129
0.3185664530
0.3486481107
0.6305814764
3.1468710772
2.2700614512
1.6194334545
2.1356164720
2.3810945574
2.3361112837
0.3270795196
0.2692160192
0.2334778058
0.2126821390
0.2015456788
0.1794655253
0.1824402335
0.1942188089
0.2150096985
0.2424808438
0.4332658430
1.8374492294
0.8508799360
1.0845920653
1.1734386160
1.7605739748
64.6188556809
1.1495506235
1.7566210065
2.6406298333
1.9961462400
1.5942804829
2.2564668520
1.5888747081
1.8721566901
0.2934910636
0.2364785727
0.2028770065
0.1855263051
0.1724031812
0.1742701380
0.1831841321
0.1986850485
0.2204829986
0.2500145090
1.9426949219
1.8526982127
0.7374453823
1.6792853663
1.4685575060
1.2598179902
2.5082193361
1.8331648259
1.7731791658
1.5631510506
1.9928163010
1.9502489267
2.6372016959
0.3260666626
0.2647181035
0.2212313677
0.1936386655
0.1783137128
0.1731362412
0.1749473374
0.1864948288
0.2081216177
0.2426615377
1.9177765237
2.1175231133
1.0463246635
1.1323328090
1.8444390881
1.9054718845
1.0117578193
2.2965566528
2.9197259981
0.3048302173
0.2451698498
0.2050826255
0.1823113218
0.1832967114
0.1868406789
0.2082918089
0.4997486976
1.6945818173
1.5277590300
2.1178385424
2.4208529975
1.8073217078
1.4124264996
0.2358799993
0.1984528996
0.2066544541
0.2216402680
1.2565865851
2.8937548573
2.2837052095
0.2371444462
0.2499570064
0.1724031812
64.6188556809