61.0500533449
59.9411352641
60.2280167286
61.6718850989
64.2790354761
68.2356262944
106.7355366544
81.1026858532
80.0792077158
84.9708439678
98.1857236921
75.7114105460
73.9439601527
72.6138151029
72.6510660356
74.6455133385
79.2161582674
87.3100453760
100.4619746018
174.0893293730
403.9262654956
480.3349728023
349.5552779212
382.2887788090
1006.2522569400
450.8738157376
97.2132305376
80.0989341944
69.9098547603
64.0715422222
38.7397200497
38.8223426470
39.7140752081
41.4336085757
44.1945156150
48.4225472712
151.6803718050
175.0239160765
99.9999945647
138.6455559189
167.0935978277
267.9521132997
59.9916684236
58.5997755924
58.2842361993
59.6036173254
62.9944864685
69.0376697391
127.5608512034
652.5363578638
468.3562045429
332.8223284288
441.0363592167
491.4812025925
481.0299814439
64.2243602330
52.8030156938
45.8129458695
41.7661943080
39.6112974053
34.9225293085
35.4400961006
37.6080132623
41.4883425350
46.7996092638
85.9714140285
376.4105295770
173.8584403951
221.3109536452
240.3069904090
362.0936057838
1084.5604738804
231.8339815785
355.1722423033
539.1423006799
405.4108446660
323.3987901160
458.4921964597
317.9902400199
383.3989483972
57.3511446639
46.0876512450
39.5092807442
36.1237759173
33.3503382546
33.6538229666
35.2981538788
38.2249095711
42.4552663069
48.3315553695
383.8321205835
370.5276076891
147.3865946065
334.2361598522
292.9759791338
250.9510621245
499.7673503117
363.8029200836
350.0383199207
307.7562243388
394.2519843100
380.5442640156
523.9535928899
63.6047665129
51.4968490065
42.9401901779
37.5340807562
34.5320788424
33.3939772909
33.6929019741
35.8767229267
40.0588836721
46.8190899870
368.1153513574
411.3045369139
201.9445579684
219.7791329579
356.0504940023
366.4250690847
195.4913415938
438.5385123313
562.7154087706
59.1042894306
47.4860369374
39.6592216385
35.2091795822
35.2894803839
35.9328471689
40.0498501384
95.8261630168
319.5803616770
290.4852671034
399.8370082898
455.5877790293
341.0537207542
266.5176330791
45.4990952060
38.2515855400
39.7160667576
42.5518712636
236.3031697625
538.6209695040
425.3270885146
45.5817903509
47.9257018232
33.3503382546
1084.5604738804