0.0048590744
0.0047278121
0.0047263540
0.0048296243
0.0050354569
0.0053593671
0.0092632002
0.0066230631
0.0063439238
0.0069631578
0.0082084739
0.0058912374
0.0057298551
0.0056146142
0.0056219611
0.0058010341
0.0062077977
0.0069324923
0.0081257083
0.0145987168
0.0379280351
0.0481536833
0.0342795808
0.0347310706
0.1142179261
0.0453606767
0.0084489443
0.0067634806
0.0057560412
0.0051718875
0.0029486026
0.0029525773
0.0030228345
0.0031602350
0.0033816990
0.0037207248
0.0121219790
0.0143180870
0.0082840587
0.0111304576
0.0138073833
0.0217163079
0.0045171589
0.0043887510
0.0043548404
0.0044568901
0.0047295755
0.0052238188
0.0097965833
0.0513272689
0.0373424845
0.0263536437
0.0353110020
0.0379772029
0.0397293592
0.0050897257
0.0041368743
0.0035481443
0.0032063699
0.0030237590
0.0027318839
0.0027855102
0.0029850659
0.0033312517
0.0037720846
0.0066788237
0.0284602792
0.0136027016
0.0168314480
0.0183323935
0.0274694438
19.5425019153
0.0170526277
0.0260721283
0.0400585973
0.0301889334
0.0242719337
0.0342072604
0.0234482230
0.0290872605
0.0045577324
0.0036479632
0.0031065390
0.0028271019
0.0026359360
0.0026705600
0.0028175840
0.0030649824
0.0033978507
0.0038266153
0.0275037218
0.0269013897
0.0109514632
0.0241010143
0.0212080666
0.0181694321
0.0358665141
0.0261236718
0.0250514052
0.0220976472
0.0283569426
0.0270676269
0.0376819021
0.0049785947
0.0040639062
0.0033965431
0.0029661354
0.0027262292
0.0026354058
0.0026661065
0.0028419799
0.0031562130
0.0036347452
0.0256525472
0.0288633410
0.0142626388
0.0155507172
0.0248820588
0.0255465006
0.0139000826
0.0304192571
0.0392132716
0.0045554718
0.0037077935
0.0031163344
0.0027732640
0.0027592770
0.0028085904
0.0031049273
0.0069213640
0.0219663160
0.0201063792
0.0274152111
0.0311540476
0.0234828776
0.0184380630
0.0035112642
0.0029798567
0.0030573304
0.0032503786
0.0162853631
0.0364534079
0.0288893133
0.0034765538
0.0036152915
0.0026354058
19.5425019153