5.7926604457
5.6827465552
5.7067289510
5.8413358259
6.0867760433
6.4605711559
10.1842065337
7.7277693318
7.5808634345
8.0926771677
9.3490060861
7.1626261993
6.9959409024
6.8715875014
6.8770758475
7.0682932646
7.5043296765
8.2757688699
9.5295651442
16.4845606683
38.7209742050
46.9652790101
33.8336332020
36.3747246444
102.5336897124
43.5785191804
9.2892632852
7.6363412665
6.6516369944
6.0864852316
3.6624915384
3.6697569865
3.7537005699
3.9159964157
4.1767276073
4.5758321891
14.2736791169
16.4801684943
9.4543262120
13.0579052720
15.7545752108
25.1966907955
5.6626665667
5.5321054688
5.5032067565
5.6284818552
5.9491472570
6.5201313467
12.0213205563
61.3215855059
44.0411592413
31.3172462267
41.4761258801
46.2162292525
45.2478388822
6.0823441963
4.9994947637
4.3355834900
3.9508571037
3.7457547616
3.3105583679
3.3609321587
3.5693772587
3.9414414395
4.4472068363
8.1321417461
35.4237984596
16.3785366644
20.8406443061
22.6160874475
34.0530918072
471.6800079922
21.8419345074
33.4494354175
50.7307121663
38.1697152251
30.4600043766
43.1713181860
29.9875609035
36.0817112879
5.4366244415
4.3700210286
3.7457889348
3.4242813788
3.1657664963
3.1958204015
3.3538213844
3.6336183685
4.0356632816
4.5910241629
36.2238374667
34.9354788321
13.9085492661
31.5227558850
27.6253664733
23.6675096544
47.1160773022
34.3127793964
33.0302853560
29.0529392480
37.1994110772
35.9461793315
49.4169201145
6.0278601270
4.8838316993
4.0741263993
3.5618455841
3.2772990860
3.1711837747
3.2006628750
3.4090260210
3.8058470142
4.4448046629
34.8108169337
38.8571630563
19.0960821030
20.7708482689
33.6518658171
34.6439863499
18.4852366944
41.4813535532
53.1860607782
5.6025451486
4.5043859423
3.7639004784
3.3426226903
3.3508009773
3.4125581295
3.8027528827
9.0757433258
30.2617433651
27.4892061903
37.8525480115
43.1386176130
32.2922337954
25.2390671118
4.3162885807
3.6307389991
3.7695002308
4.0381978461
22.3830196969
51.0355842353
40.3038962932
4.3241194935
4.5460384114
3.1657664963
471.6800079922