0.6671269049
0.6536175088
0.6559076657
0.6711965599
0.6994567394
0.7427217061
1.1879342046
0.8929285598
0.8726450545
0.9358232261
1.0838082518
0.8223691291
0.8027244324
0.7881724392
0.7888613493
0.8112813878
0.8623773422
0.9528854221
1.1003066332
1.9148119189
4.5773384851
5.5926685279
4.0248669196
4.2752720318
12.3768804169
5.2067514114
1.0840756978
0.8872296594
0.7698862400
0.7024083339
0.4191024570
0.4198946047
0.4295592550
0.4482781984
0.4783665875
0.5244231145
1.6473279100
1.9083171089
1.0955919851
1.5076655753
1.8265256597
2.9143485591
0.6471528702
0.6317106826
0.6281695259
0.6425292618
0.6795424309
0.7456389170
1.3785474388
7.0631553603
5.0824539952
3.6096331566
4.7894259196
5.3086921601
5.2495339623
0.7001638395
0.5745031676
0.4973629958
0.4526493551
0.4288040189
0.3802446285
0.3863009434
0.4108561257
0.4544629586
0.5130728177
0.9337358542
4.0550741479
1.8839389154
2.3871833281
2.5923094455
3.9004508947
216.9452605631
2.4891635985
3.8112221765
5.7924824906
4.3589518385
3.4823573137
4.9313583164
3.4180576717
4.1323253400
0.6259836166
0.5028257230
0.4305596582
0.3933304551
0.3641011965
0.3677720220
0.3862879850
0.4187896409
0.4649915165
0.5281323432
4.1103717368
3.9730912328
1.5869549427
3.5808269752
3.1401321958
2.6901597752
5.3489361059
3.8953857539
3.7474569950
3.2970839195
4.2235328158
4.0729474702
5.6115869596
0.6924385720
0.5616525308
0.4686624003
0.4096578890
0.3768689449
0.3645980436
0.3681256156
0.3921443157
0.4374322457
0.5097577529
3.9309293188
4.3940212079
2.1607763104
2.3514667077
3.8026078088
3.9126630660
2.0937941277
4.6808372009
6.0071231333
0.6419804247
0.5171157200
0.4324907068
0.3842065301
0.3846835724
0.3917412443
0.4359942291
1.0299993612
3.4090592509
3.1005968317
4.2630193242
4.8558259530
3.6387007129
2.8459360781
0.4945918702
0.4166053036
0.4317218448
0.4619518479
2.5222362067
5.7348263683
4.5311495266
0.4945740446
0.5190773991
0.3641011965
216.9452605631