14.2172245643
13.9466448671
14.0057420842
14.3372260502
14.9416770972
15.8623750519
25.0446136414
18.9552910101
18.6223682457
19.8565725764
22.9670276097
17.5847590800
17.1714390588
16.8626929598
16.8745319911
17.3445611872
18.4183962452
20.3197100280
23.4117995254
40.6073570540
95.4028160993
115.1533769381
83.1994357515
89.7965844035
248.5537196267
107.4644585750
22.8273984322
18.7569374045
16.3321965353
14.9406475576
8.9846752718
9.0027868745
9.2094803049
9.6088905573
10.2505146459
11.2328704373
35.1773965214
40.6511389135
23.2908086111
32.1761644966
38.8577717125
62.1640079200
13.8949810655
13.5701688058
13.4966940974
13.8036039179
14.5923009010
15.9984976338
29.5493060768
151.1198361913
108.5718384320
77.1528489947
102.2637686910
113.7642575850
111.7227677089
14.9384222443
12.2732749548
10.6398005905
9.6935214016
9.1892319461
8.1216620349
8.2455462940
8.7577161618
9.6715891683
10.9133799806
19.9651506791
87.0735447408
40.3038607936
51.2231426191
55.6146669516
83.7452208510
679.3113038337
53.5882109666
82.0735875060
124.6075950162
93.7352668987
74.8174591333
106.0203531998
73.5483890204
88.7036029786
13.3481850830
10.7259447143
9.1913058344
8.4010619599
7.7654567057
7.8392209794
8.2269666884
8.9132664069
9.8987132743
11.2588106005
88.6911930610
85.6299804377
34.1143461736
77.2265097069
67.6991785691
57.9945569734
115.4267665508
84.0442665214
80.8692272916
71.1277709171
91.1019980882
87.9387248367
121.0509511555
14.7903530538
11.9841264601
9.9963250192
8.7382304739
8.0393682018
7.7766552116
7.8486802863
8.3589847613
9.3301867739
10.8926307251
85.0305423748
94.9927066524
46.6751647311
50.7895126777
82.2348536550
84.6334411067
45.1994208708
101.2894557013
129.9478388081
13.7347076854
11.0460004745
9.2307943089
8.1973846092
8.2137429796
8.3641931048
9.3177413871
22.1906171168
73.8225534773
67.1020854955
92.3375902902
105.2101442251
78.7837786706
61.5870163482
10.5780738633
8.8998389038
9.2347814063
9.8898403286
54.6010972534
124.3698700381
98.2281208062
10.5911044068
11.1291653132
7.7654567057
679.3113038337