13.5584894038
13.3013616516
13.3582077343
13.6745230225
14.2509119226
15.1286225531
23.8662635980
18.0762464821
17.7593462794
18.9345284896
21.8959409063
16.7724954837
16.3789284762
16.0848398445
16.0961224415
16.5439405422
17.5670027588
19.3782613324
22.3234974671
38.7035035162
90.8518507308
109.6715116499
79.2155799646
85.5212107024
236.8498207214
102.2512082859
21.7539803134
17.8792965909
15.5712555687
14.2468162934
8.5714129858
8.5887145196
8.7858103213
9.1666528946
9.7784357912
10.7150933685
33.5402278055
38.7495288507
22.2005203221
30.6768925616
37.0379789612
59.2598285022
13.2565617393
12.9473605118
12.8775953051
13.1703858747
13.9224292239
15.2630163300
28.1852759600
144.0990298188
103.5194844946
73.5681013092
97.4990324579
108.5003906325
106.4834498120
14.2466595526
11.7061116916
10.1490764964
9.2470779362
8.7663855888
7.7467681084
7.8646653367
8.3525889640
9.2234381436
10.4074571571
19.0442366964
83.0645364360
38.4372430511
48.8638343560
53.0493782522
79.8836662027
665.5145471355
51.1338227206
78.3177000771
118.8856093417
89.4309616590
71.3777315254
101.1523413499
70.1804760231
84.6156193688
12.7301556426
10.2297901174
8.7666571835
8.0132347326
7.4065941268
7.4767480247
7.8462557892
8.5005718358
9.4406186089
10.7387684938
84.6537350946
81.7204658181
32.5510802383
73.7041868900
64.6110894329
55.3484205525
110.1661982960
80.2154191424
77.1880690529
67.8885050068
86.9519151640
83.9416765802
115.5358093346
14.1074944693
11.4301843121
9.5341773288
8.3343637018
7.6678916438
7.4174796082
7.4860669385
7.9727945146
8.8995866508
10.3911956106
81.1838169438
90.6856170581
44.5577377643
48.4841181688
78.5102372462
80.8030558741
43.1456373677
96.7091688959
124.0655541754
13.1025311562
10.5365349549
8.8046644122
7.8188578850
7.8350409803
7.9786377166
8.8888792359
21.1800141511
70.4930266197
64.0699332693
88.1736894990
100.4701250175
75.2279967517
58.8051304084
10.0913057125
8.4897013490
8.8101627240
9.4357541413
52.1371374449
118.7725015750
93.8068892398
10.1048180047
10.6192023487
7.4065941268
665.5145471355