1.1802218522
1.1560995384
1.1600349535
1.1870409069
1.2370568476
1.3136881948
2.1062397735
1.5805688172
1.5438936251
1.6568348923
1.9197911493
1.4542616579
1.4193455509
1.3935071564
1.3947262830
1.4345006356
1.5251574358
1.6857828152
1.9475161945
3.3930933380
8.1332786310
9.9461020448
7.1578278944
7.5920982900
22.0316818202
9.2650380166
1.9217487014
1.5717233010
1.3630518939
1.2430259354
0.7407261906
0.7421170251
0.7592195742
0.7923522816
0.8456130082
0.9271421439
2.9164297790
3.3806270649
1.9411305920
2.6693945980
3.2365024858
5.1619721836
1.1435625582
1.1160984442
1.1097571500
1.1351394553
1.2006565098
1.3177196424
2.4377605743
12.4999220783
8.9978969791
6.3890037071
8.4797072452
9.3903222401
9.3029567903
1.2387513656
1.0161116573
0.8794160793
0.8001801780
0.7579233816
0.6724428832
0.6832229347
0.7268094374
0.8041546244
0.9079391284
1.6511320996
7.1677967961
3.3330204422
4.2200481731
4.5832717458
6.8954702924
279.1271408712
4.3962404440
6.7309904785
10.2340880315
7.7013759209
6.1538494350
8.7132424380
6.0365671153
7.3050584236
1.1075315049
0.8895139831
0.7615330485
0.6955981402
0.6440244873
0.6505711315
0.6834102282
0.7409783627
0.8226779881
0.9341426804
7.2536642239
7.0140268730
2.8032201267
6.3203756632
5.5432875762
4.7488095734
9.4403510135
6.8746727380
6.6125357231
5.8189070249
7.4541301846
7.1857582788
9.9043073957
1.2245942448
0.9934815619
0.8290258872
0.7246219212
0.6665980186
0.6448583295
0.6511289660
0.6936177950
0.7736082003
0.9011842819
6.9310722347
7.7492990506
3.8111186510
4.1478313113
6.7052014980
6.8991425454
3.6938095121
8.2521123285
10.5916397000
1.1348437149
0.9144110994
0.7648801170
0.6795173064
0.6802095663
0.6926704506
0.7707489110
1.8175664343
6.0082877235
5.4657603515
7.5126000079
8.5568956480
6.4132687591
5.0166477700
0.8742868005
0.7365977974
0.7630712316
0.8163309852
4.4454700046
10.1027296598
7.9828772707
0.8739672340
0.9169920716
0.6440244873
279.1271408712