0.0037077766
0.0036087830
0.0036082313
0.0036871590
0.0038439656
0.0040904242
0.0070424938
0.0050488185
0.0048388405
0.0053072005
0.0062487714
0.0044978055
0.0043758090
0.0042886490
0.0042943723
0.0044303702
0.0047390953
0.0052888392
0.0061934177
0.0111042192
0.0287256577
0.0364501223
0.0259736181
0.0263254141
0.0864286284
0.0343342897
0.0064256532
0.0051493771
0.0043865687
0.0039443799
0.0022539220
0.0022569745
0.0023105036
0.0024151756
0.0025838731
0.0028421013
0.0092302400
0.0108808125
0.0062987383
0.0084692962
0.0105021313
0.0164959878
0.0034536371
0.0033567585
0.0033314555
0.0034094604
0.0036171853
0.0039932476
0.0074801803
0.0390926534
0.0284209430
0.0200761281
0.0268848394
0.0289643094
0.0302411622
0.0038832055
0.0031580793
0.0027101259
0.0024500669
0.0023111079
0.0020861128
0.0021266171
0.0022780118
0.0025409586
0.0028766365
0.0051000030
0.0217343216
0.0103694503
0.0128492625
0.0139946856
0.0209755255
20.2298820707
0.0130506145
0.0199532771
0.0306138250
0.0230803614
0.0185544442
0.0261522528
0.0179490947
0.0222208936
0.0034774501
0.0027840484
0.0023716400
0.0021587823
0.0020122230
0.0020383142
0.0021500047
0.0023383538
0.0025925029
0.0029209592
0.0210966396
0.0206029723
0.0083814873
0.0184698409
0.0162507408
0.0139227255
0.0274969143
0.0200262409
0.0192082860
0.0169459111
0.0217385349
0.0207719634
0.0289112149
0.0038016886
0.0031021916
0.0025926091
0.0022642452
0.0020812368
0.0020121948
0.0020354267
0.0021696372
0.0024101627
0.0027775176
0.0197095852
0.0221746215
0.0109543538
0.0119407950
0.0191230225
0.0196412145
0.0106708906
0.0234001337
0.0301321474
0.0034818757
0.0028322257
0.0023797802
0.0021176054
0.0021079150
0.0021456836
0.0023730886
0.0053114510
0.0169179706
0.0154743267
0.0211132800
0.0239948286
0.0180816870
0.0141981638
0.0026840557
0.0022767890
0.0023376396
0.0024863362
0.0125365393
0.0281090958
0.0222719036
0.0026594563
0.0027674378
0.0020121948
20.2298820707