68.3783135900
67.1443203023
67.4705711872
69.0906850270
72.0122800162
76.4438889070
119.4292720791
90.7877940220
89.7074758041
95.1225167309
109.8998673581
84.8289933043
82.8510225070
81.3610138368
81.4009395511
83.6311830595
88.7440046383
97.7979403193
112.5079745952
194.9172960097
451.5088313618
535.7298642760
390.3161970302
427.6870136012
1116.9431795391
503.4453847587
108.7578761663
89.6453991570
78.2675616646
71.7494958233
43.4137724343
43.5070412967
44.5063746878
46.4328553678
49.5258328038
54.2625123144
169.9588961942
196.0685238279
111.9957123387
155.3428878190
187.1616809180
300.2307090288
67.2418214883
65.6838023280
65.3306807840
66.8087393063
70.6070111853
77.3755879010
142.9693099736
731.3398582029
524.8272359447
372.9568354832
494.1879145902
550.8566559806
538.8532372467
71.9423820462
59.1549069299
51.3301916075
46.8006134419
44.3888587630
39.1211659349
39.6986816607
42.1219450136
46.4611268048
52.4063010474
96.3253764620
421.9531826600
194.8265848365
248.0564129462
269.3747704527
405.9083185847
1131.9404233652
259.9229856057
398.2410324003
604.4524625627
454.4986562741
362.5370959488
513.9935289069
356.4902917793
429.7557183584
64.2377586649
51.6227044568
44.2570451174
40.4666836767
37.3537751092
37.6917145664
39.5302432031
42.8051227315
47.5429207302
54.1298847996
430.3937704667
415.4334244869
165.2069067777
374.7577725269
328.4954724500
281.3744223500
560.3955698357
407.9357865462
392.4690291580
345.0791170894
442.0538210752
426.6994836096
587.5201569466
71.2520752692
57.6821610338
48.0956109054
42.0403491497
38.6780781813
37.4021397554
37.7354382582
40.1802933833
44.8663198290
52.4460206694
412.7914487872
461.1971418273
226.4381290713
246.4460121939
399.2711301819
410.8992141393
219.2015115286
491.7843593526
631.0157159490
66.2178101842
53.1935259678
44.4223663718
39.4364104431
39.5283585577
40.2486764223
44.8635904735
107.4186546839
358.4013821285
325.7449577661
448.4058130023
510.9484273256
382.4566539561
298.8686203841
50.9724015994
42.8484221581
44.4933994212
47.6735618933
264.9838351908
604.0718203793
477.0182679430
51.0699979151
53.7011833081
37.3537751092
1131.9404233652