1.1547315069
1.1311068385
1.1349436571
1.1613594084
1.2102935064
1.2852738429
2.0611412356
1.5464982419
1.5105279761
1.6211544923
1.8784869753
1.4227817337
1.3886104922
1.3633258310
1.3645204989
1.4034451972
1.4921640615
1.6493575946
1.9055047015
3.3202267736
7.9604122759
9.7353323504
7.0064720050
7.4303330626
21.5672677049
9.0696214940
1.8806152786
1.5379814558
1.3337142207
1.2162176796
0.7246567018
0.7260159831
0.7427484920
0.7751655926
0.8272766796
0.9070460926
2.8534076058
3.3078567385
1.8993554877
2.6116855005
3.1668173742
5.0506160718
1.1187322387
1.0918526789
1.0856435074
1.1104756362
1.1745781823
1.2891178682
2.3848909390
12.2298113784
8.8034396940
6.2507226885
8.2966221277
9.1869019733
9.1027346129
1.2119766045
0.9941261019
0.8603682715
0.7828347121
0.7414853661
0.6578912604
0.6684445039
0.7111024154
0.7867941857
0.8883432264
1.6153447716
7.0122624154
3.2608605369
4.1284879931
4.4839105818
6.7458693200
279.3635918841
4.3006139994
6.5846407045
10.0118251906
7.5338447922
6.0202704499
8.5239943929
5.9053760078
7.1466128230
1.0835999747
0.8702859628
0.7450612840
0.6805460311
0.6301010584
0.6365114260
0.6686487969
0.7249795821
0.8049105523
0.9139451659
7.0954703212
6.8613636566
2.7422141977
6.1827137892
5.4225012859
4.6454127067
9.2344289100
6.7247114155
6.4683299678
5.6917713218
7.2914662629
7.0289315574
9.6883064527
1.1980979915
0.9720010457
0.8111044504
0.7089558175
0.6521850007
0.6309148793
0.6370533320
0.6786248085
0.7568769156
0.8816662537
6.7795269201
7.5800058074
3.7278617283
4.0573151491
6.5587842882
6.7483536814
3.6132956955
8.0715445085
10.3604407160
1.1102560707
0.8946213373
0.7483353746
0.6648219049
0.6654892468
0.6776797425
0.7540555644
1.7779415026
5.8769274076
5.3460510202
7.3482221452
8.3696661802
6.2728734422
4.9069543537
0.8553451858
0.7206521653
0.7465344876
0.7986274517
4.3482426018
9.8812976849
7.8080481536
0.8550121070
0.8970837717
0.6301010584
279.3635918841