0.0001165818
0.0001134988
0.0001134804
0.0001159346
0.0001208091
0.0001284682
0.0002204254
0.0001582411
0.0001517654
0.0001663189
0.0001956852
0.0001411768
0.0001374002
0.0001347155
0.0001349216
0.0001391722
0.0001487819
0.0001658727
0.0001939892
0.0003465996
0.0008954701
0.0011348704
0.0008093823
0.0008208131
0.0026855981
0.0010703508
0.0002011847
0.0001614627
0.0001377167
0.0001239492
0.0000709975
0.0000710905
0.0000727570
0.0000760164
0.0000812667
0.0000892966
0.0002872100
0.0003391010
0.0001970074
0.0002641177
0.0003274140
0.0005133488
0.0001084462
0.0001054727
0.0001047258
0.0001071776
0.0001136412
0.0001253124
0.0002328085
0.0012096451
0.0008812516
0.0006223765
0.0008332408
0.0008951337
0.0009384593
0.0001216801
0.0000991454
0.0000852104
0.0000771127
0.0000727819
0.0000656812
0.0000669396
0.0000716577
0.0000798523
0.0000903050
0.0001587516
0.0006705693
0.0003218792
0.0003976307
0.0004331446
0.0006477123
0.1104226073
0.0004035699
0.0006158023
0.0009443352
0.0007128658
0.0005735652
0.0008068624
0.0005551875
0.0006853708
0.0001090406
0.0000874527
0.0000745971
0.0000679539
0.0000634022
0.0000642113
0.0000676991
0.0000735861
0.0000815316
0.0000917960
0.0006555213
0.0006373028
0.0002602343
0.0005728979
0.0005040331
0.0004320825
0.0008522121
0.0006225980
0.0005988209
0.0005295717
0.0006764484
0.0006531938
0.0008955113
0.0001194310
0.0000975244
0.0000815779
0.0000713007
0.0000655688
0.0000635209
0.0000642447
0.0000684676
0.0000760572
0.0000876885
0.0006325305
0.0007005324
0.0003490908
0.0003779279
0.0006096298
0.0006298000
0.0003398108
0.0007589644
0.0009616044
0.0001100590
0.0000894124
0.0000751153
0.0000668474
0.0000667599
0.0000679665
0.0000752548
0.0001702557
0.0005623326
0.0005054996
0.0007009330
0.0008027123
0.0006008871
0.0004717132
0.0000851923
0.0000721430
0.0000744216
0.0000793088
0.0004197696
0.0009674832
0.0007653405
0.0000848979
0.0000887651
0.0000634022
0.1104226073