17.4277408013
17.0953593240
17.1674372591
17.5736472598
18.3146613822
19.4435449739
30.7103260833
23.2300787343
22.8279188520
24.3370354296
28.1517995573
21.5540702467
21.0469083968
20.6680633065
20.6824586324
21.2588249267
22.5757590436
24.9076726567
28.7003495135
49.7951373410
117.0242233125
141.1105416298
102.0474649134
110.1538843360
303.8668638701
131.9159163372
27.9942676104
22.9991723803
20.0235509175
18.3157396543
11.0111275361
11.0333518537
11.2867715426
11.7764566187
12.5631008827
13.7675086232
43.1344318052
49.8508519019
28.5585556861
39.4529496073
47.6519112248
76.2310863597
17.0290294286
16.6303370330
16.5399584841
16.9160574476
17.8829435537
19.6070829237
36.2205274689
185.2877176035
133.1301012493
94.5978652669
125.3973515845
139.4671800885
137.0239240083
18.3107253970
15.0430581373
13.0403142478
11.8801468923
11.2618947056
9.9537895927
10.1058239168
10.7339417570
11.8545007975
13.3765842048
24.4702782041
106.7266879449
49.4071304507
62.7845601066
68.1714613972
102.6532742426
720.1376063932
65.6713247346
100.5808659039
152.7202202163
114.8839118038
91.6990166982
129.9408742769
90.1288381720
108.7282149358
16.3607468336
13.1462251776
11.2649209861
10.2962073824
9.5171701712
9.6077037859
10.0830998387
10.9243169254
12.1318170230
13.7978968336
108.6653631797
104.9258251962
41.8042236041
94.6243702472
82.9535516103
71.0612813155
141.4285654581
102.9765209767
99.0821619140
87.1467360137
111.6238720687
107.7345341897
148.3215204707
18.1268874569
14.6878256268
12.2514821732
10.7094244743
9.8528377691
9.5305783576
9.6188909694
10.2442299107
11.4340673156
13.3478934578
104.1554680331
116.3660634339
57.1766461027
62.2193489346
100.7361229525
103.6723685187
55.3715368214
124.0689173435
159.1824042030
16.8314239432
13.5370573564
11.3126366971
10.0461718950
10.0657074899
10.2499685548
11.4180020562
27.1837274781
90.4178154294
82.1903816919
113.0947413591
128.8592229163
96.4940079156
75.4329886910
12.9626774163
10.9064299382
11.3161432780
12.1183377805
66.8737873172
152.3095706960
120.2986594987
12.9777851980
13.6363013093
9.5171701712
720.1376063932