0.0069463024
0.0067680015
0.0067711315
0.0069211811
0.0072156316
0.0076764844
0.0130688580
0.0094398229
0.0090735503
0.0099169549
0.0116461426
0.0084509489
0.0082252407
0.0080628512
0.0080724290
0.0083238084
0.0088955238
0.0099131653
0.0115853742
0.0206934201
0.0529028489
0.0667666081
0.0476028349
0.0486110123
0.1570862513
0.0627116380
0.0119220138
0.0095835924
0.0081865491
0.0073776710
0.0042449015
0.0042510819
0.0043515943
0.0045478052
0.0048639107
0.0053478517
0.0173090015
0.0203628899
0.0117547751
0.0158827533
0.0196101306
0.0309178914
0.0065145208
0.0063351490
0.0062886487
0.0064351459
0.0068242775
0.0075277183
0.0140872440
0.0734802643
0.0533403469
0.0377001198
0.0504098272
0.0545688720
0.0564102405
0.0072810691
0.0059286452
0.0050941172
0.0046098073
0.0043511353
0.0039162774
0.0039901997
0.0042696184
0.0047565311
0.0053831780
0.0095905103
0.0410379495
0.0194976510
0.0242414047
0.0263988725
0.0395896113
60.3701510253
0.0247036467
0.0377726936
0.0579359744
0.0436414906
0.0350473950
0.0494355796
0.0339482111
0.0419181278
0.0065176643
0.0052199907
0.0044498656
0.0040525290
0.0037728640
0.0038200880
0.0040268257
0.0043775560
0.0048546782
0.0054768669
0.0400070887
0.0390521020
0.0158416966
0.0350290953
0.0308005479
0.0263865236
0.0521503415
0.0379977708
0.0364499536
0.0321306186
0.0412240051
0.0394154832
0.0547908067
0.0071365595
0.0058179965
0.0048608777
0.0042455669
0.0039027857
0.0037730542
0.0038154939
0.0040666428
0.0045202958
0.0052179696
0.0374726988
0.0421251689
0.0207903838
0.0226674339
0.0363345513
0.0373198523
0.0202418696
0.0444762430
0.0572832741
0.0065457829
0.0053169702
0.0044644768
0.0039715750
0.0039560751
0.0040271070
0.0044578582
0.0100523251
0.0321663785
0.0294042436
0.0401526655
0.0456353612
0.0343680911
0.0269698389
0.0050443202
0.0042746935
0.0043940038
0.0046772908
0.0238287258
0.0534803039
0.0423537272
0.0050036043
0.0052123626
0.0037728640
60.3701510253