5.5172347767
5.4141904023
5.4377420090
5.5659766806
5.7991592704
6.1538649511
9.6582610426
7.3571091439
7.2161594571
7.7024604354
8.8823840200
6.8249996926
6.6682917790
6.5512618171
6.5568278878
6.7380377367
7.1507759907
7.8803967378
9.0650584788
15.6293481532
36.5751531654
44.4016888416
31.9607973886
34.3270916620
97.2317273795
41.0492219379
8.8156492689
7.2560781951
6.3270482796
5.7940370008
3.4939822459
3.5009112615
3.5806865457
3.7349201207
3.9826850269
4.3618854329
13.5490216835
15.6198831817
8.9645746202
12.3942625226
14.9269297008
23.8892136760
5.4031042865
5.2806665647
5.2541801498
5.3737443696
5.6785557440
6.2204991436
11.4500844300
58.2565152392
41.8077067354
29.7496019525
39.3601310785
43.9718190289
42.8397968721
5.7903086158
4.7627822542
4.1328074155
3.7676938351
3.5730161623
3.1554837877
3.2029947538
3.4004749670
3.7534093973
4.2343421757
7.7499823474
33.7639046616
15.5775071099
19.8594780520
21.5418002531
32.4421517309
453.2437654259
20.8632714035
31.9499065005
48.4054743106
36.4217631438
29.0545310336
41.1912657906
28.6463075454
34.3820470903
5.1762815068
4.1622616344
3.5691660491
3.2636889330
3.0167474908
3.0450394216
3.1950036056
3.4611240248
3.8445289084
4.3756072625
34.6741635938
33.4045838133
13.2828836425
30.1532432285
26.4185955274
22.6357370139
45.0810757201
32.8342519801
31.6153436894
27.8056549621
35.5975529798
34.4306701922
47.2811611029
5.7445726898
4.6528469969
3.8814060480
3.3937958393
3.1230150079
3.0225858323
3.0505435963
3.2492399273
3.6285864556
4.2408151984
33.3957011953
37.2502617916
18.3042235641
19.9048314540
32.2730817029
33.2300755665
17.7109638961
39.8042226334
51.0162489329
5.3450175865
4.2946574449
3.5877681368
3.1860611310
3.1955859734
3.2548085860
3.6286657107
8.6918163910
29.0603910863
26.3855967429
36.3516320072
41.4400448637
31.0063491942
24.2292423917
4.1185679192
3.4629416186
3.5979964171
3.8562634984
21.4943011298
49.0622363881
38.7372827849
4.1291390695
4.3439479679
3.0167474908
453.2437654259