14.9398569802
14.6545901324
14.7161932128
15.0643312474
15.6995620156
16.6673895455
26.3351068088
19.9190943893
19.5691238530
20.8677001947
24.1411053492
18.4760136575
18.0410668097
17.7162598738
17.7286884991
18.2230056644
19.3523763038
21.3521830890
24.6048484389
42.6936271293
100.3792123442
121.1361936065
87.5542176335
94.4712448081
261.3283554826
113.1619478470
24.0036918395
19.7190351510
17.1666195721
15.7016581759
9.4383024460
9.4573057862
9.6745268438
10.0943024508
10.7686567901
11.8011359982
36.9742938454
42.7355346956
24.4851695384
33.8201742605
40.8523410473
65.3472961067
14.5958309158
14.2539488190
14.1764408263
14.4988496133
15.3277365535
16.8058416470
31.0466883817
158.8174462907
114.1158023113
81.0864483800
107.4882979690
119.5393253471
117.4627398332
15.6973150025
12.8955882233
11.1783300364
10.1835160496
9.6533626308
8.5330025417
8.6634395120
9.2021729767
10.1632003221
11.4683545931
20.9764071030
91.4748028515
42.3519265321
53.8136095549
58.4298816810
87.9799065552
687.1015430568
56.2833447746
86.2012625386
130.8867174687
98.4598714778
78.5917497746
111.3678008218
77.2461666541
93.1902910841
14.0261018916
11.2702181330
9.6571899036
8.8265834500
8.1591423965
8.2368544089
8.6445865058
9.3659589819
10.4012322754
11.8293771200
93.1279031118
89.9231331245
35.8302634873
81.0953033413
71.0929014604
60.9011375403
121.2055016374
88.2513147215
84.9126092568
74.6871095195
95.6629490397
92.3275024885
127.1125619988
15.5395503063
12.5918038675
10.5032892301
9.1812737047
8.4468912548
8.1706928175
8.2464836309
8.7826591769
9.8026318838
11.4429240754
89.2606152116
99.7260651054
49.0012594200
53.3230207293
86.3283264248
88.8449991293
47.4542259566
106.3241793004
136.4120060269
14.4284602365
11.6049821416
9.6982996225
8.6126556683
8.6292655551
8.7872486985
9.7883877535
23.2984116309
77.4867216446
70.4354398612
96.9191773979
110.4281341517
82.6927610163
64.6449887429
11.1122644259
9.3498709788
9.7008076276
10.3882824715
57.3096559176
130.5208589978
103.0912740851
11.1248872200
11.6890496180
8.1591423965
687.1015430568