4.8784958526
4.7876660670
4.8074516981
4.9186188999
5.1212214646
5.4294711096
8.4824942354
6.4960872386
6.3535089309
6.8008431535
7.8098113153
6.0221508724
5.8900284506
5.7922512398
5.8000979526
5.9596685784
6.3194636300
6.9530258781
7.9789014477
13.5997000472
31.8561741314
39.0040226529
28.0448101779
29.6683404113
86.8258302664
35.8960776267
7.7641185659
6.4005985120
5.5878544485
5.1211996345
3.0922336872
3.0980033349
3.1674831779
3.3020674712
3.5182889403
3.8488446201
11.7314064458
13.4879786913
7.8045826802
10.7507798458
12.9101368004
20.5972476647
4.7750045343
4.6736044012
4.6542775522
4.7607540029
5.0271469760
5.4978516534
10.0244688616
50.3878865747
36.1315534463
25.7808304215
33.9831223524
38.2116521655
36.8003312791
5.0955924427
4.2006099039
3.6509550301
3.3319484564
3.1615991375
2.7915217600
2.8333118820
3.0069920258
3.3174647874
3.7401030903
6.8203329555
29.5227773905
13.5553881738
17.3700684979
18.8102537353
28.3142371228
321.6378415229
18.4118065148
28.1829934658
42.4842096217
32.0108304679
25.5136035952
36.1868987583
25.3351869053
30.0515826417
4.5610567749
3.6733106697
3.1540178507
2.8863782677
2.6700618265
2.6951550631
2.8276061174
3.0628153358
3.4021398334
3.8732617027
30.9231757470
29.6181805674
11.7408812227
26.8030362980
23.4522432113
20.1029727860
40.0848408587
29.2306909340
28.2070309994
24.8176895428
31.7130102093
30.8591580272
42.0671380958
5.0769799186
4.1107816165
3.4306881083
3.0015890238
2.7634551184
2.6785415205
2.7037172880
2.8805785652
3.2190166163
3.7674729555
30.1747453137
33.4969077294
16.4781790712
17.8825255836
29.0931448289
30.0026785295
15.9239187978
36.0458961219
46.0358029832
4.7447060529
3.8062433213
3.1784433762
2.8228937831
2.8375778517
2.8914995399
3.2278870631
7.8176788661
26.4533444403
23.9325745432
33.0894471891
37.7708003746
28.2125232815
22.0315598430
3.6617745370
3.0753723874
3.2042445914
3.4394595548
19.5764985903
44.9399559314
35.4589766608
3.6819914620
3.8830497550
2.6700618265
321.6378415229