0.4702890491
0.4603711855
0.4615252731
0.4717418011
0.4909386201
0.5204705439
0.8348442798
0.6285338491
0.6095938053
0.6589784976
0.7597245654
0.5757800378
0.5629814499
0.5537605510
0.5548815101
0.5707774938
0.6062326642
0.6685916743
0.7697817308
1.3143068439
3.1890827168
3.9809122802
2.8570014647
2.9308503915
9.1735076611
3.6986206821
0.7655480152
0.6264636286
0.5434126151
0.4955124655
0.2945495292
0.2950126667
0.3016093696
0.3144553872
0.3351164143
0.3666699073
1.1116561842
1.2851569649
0.7527894345
1.0222421182
1.2365986897
1.9526431222
0.4529341075
0.4432328379
0.4414627021
0.4517025028
0.4771915593
0.5222168546
0.9479806642
4.7453420369
3.4150826302
2.4367456706
3.2125707299
3.5947678382
3.4995920383
0.4883937955
0.4020816965
0.3488531299
0.3179028887
0.3013411814
0.2677542019
0.2720954547
0.2894670446
0.3202257195
0.3611714085
0.6496849465
2.7750389869
1.2809015303
1.6357636971
1.7702546442
2.6594193489
97.0893882405
1.7326092260
2.6493021746
3.9883991758
3.0108711067
2.4032577972
3.4040423015
2.3906455088
2.8263795114
0.4379228592
0.3527522956
0.3026608873
0.2768123432
0.2569126122
0.2596132294
0.2727820675
0.2957957867
0.3283644294
0.3727655489
2.9180220198
2.7892789625
1.1091681938
2.5258108221
2.2094120824
1.8948877295
3.7738343686
2.7555029380
2.6621433751
2.3449330481
2.9931034795
2.9201531416
3.9650689763
0.4866453774
0.3947974346
0.3298028286
0.2886248563
0.2657627126
0.2578831128
0.2605224927
0.2776924221
0.3100084954
0.3617838536
2.8617700911
3.1688046411
1.5629136831
1.6937277615
2.7558420609
2.8443349760
1.5111876851
3.4222032293
4.3609489500
0.4546079227
0.3654584886
0.3055883914
0.2716000997
0.2729722150
0.2782298057
0.3102482941
0.7449883190
2.5178816676
2.2744277443
3.1477033334
3.5951248392
2.6853778060
2.0984403966
0.3514282777
0.2955962905
0.3077291526
0.3300589686
1.8655263074
4.2859429251
3.3826438546
0.3531549405
0.3721443559
0.2569126122
97.0893882405