3.2774724041
3.2141411557
3.2257536919
3.2990919161
3.4339861779
3.6398892288
5.7259488936
4.3652827439
4.2585909113
4.5725266939
5.2535706442
4.0340006418
3.9459809111
3.8815128402
3.8879559327
3.9961069490
4.2386181263
4.6651464019
5.3558882463
9.1135737522
21.5750401015
26.5747939955
19.1143319559
19.9909235428
59.7877841176
24.5534898474
5.2460973705
4.3168884517
3.7626431420
3.4439209409
2.0706232815
2.0742690163
2.1205887637
2.2104748356
2.3549240277
2.5756272561
7.8055412427
8.9866654657
5.2290082303
7.1643239534
8.6187878711
13.6953606995
3.1921052276
3.1251133571
3.1129323451
3.1845197993
3.3625815112
3.6767417717
6.6795396022
33.4400254909
24.0052701217
17.1363933942
22.5759761121
25.3699595017
24.4744061469
3.4136043434
2.8144300056
2.4458613006
2.2317701387
2.1173404760
1.8727861864
1.9014514576
2.0192213527
2.2291406153
2.5129090692
4.5580407209
19.6178479972
9.0164479758
11.5514324088
12.5024732769
18.8044984685
224.3353146018
12.2652853740
18.7656222520
28.2423808394
21.3007242180
16.9824879587
24.0775543424
16.9000723923
19.9716200876
3.0578732916
2.4637892167
2.1156997479
1.9362030117
1.7931497322
1.8105724490
1.9003001433
2.0589036127
2.2864693861
2.6008820907
20.6705811973
19.7560834992
7.8334629643
17.8946693512
15.6515167400
13.4194684787
26.7558954163
19.5255738707
18.8602016772
16.6022921264
21.1964323497
20.6790800521
28.0925251956
3.4044556812
2.7579935441
2.3026303642
2.0150799039
1.8554974608
1.7997433083
1.8171295246
1.9363210022
2.1634354502
2.5306473805
20.2840345002
22.4647577742
11.0660870015
11.9952101098
19.5365236511
20.1620070507
10.6921389602
24.2578104857
30.9208459506
3.1849755819
2.5555733349
2.1346660606
1.8963081242
1.9071884476
1.9437492214
2.1698287612
5.2568915532
17.8480560533
16.1195308810
22.3197429850
25.4958644872
19.0323365823
14.8633839605
2.4603714570
2.0666206819
2.1543169462
2.3128028062
13.2162526966
30.4046940891
23.9884646834
2.4755396306
2.6118665453
1.7931497322
224.3353146018