333.1448075744
332.0151810561
336.3581180212
345.5653616190
359.9744300618
380.5134045134
491.5870085993
429.7664933671
439.8288158496
445.6806647706
492.3254530664
428.7297251503
421.5621605118
415.4033506513
415.0798457659
423.5975501344
443.5817785523
478.4803986740
533.3349794160
860.2731996214
1539.2330605183
1614.8932329162
1186.9127328997
1557.6528668337
2530.4599321693
1336.4842545041
449.0803337197
392.6554789001
359.5343443091
341.3518540661
227.0346745032
227.7494516887
232.6765745234
241.9863487213
256.8509397744
279.6318078168
823.2981509019
906.6811098126
501.9717957506
743.9636137920
845.2897092331
1417.8926140168
357.3460464795
351.7878045446
351.0559658714
358.6054209330
376.8534871743
408.4387320123
740.4131528776
3654.8916047894
2558.1570681786
1842.0208049127
2394.2944390986
2836.4753444377
2452.4922985627
353.9836959235
296.3758655058
261.7241059496
241.7568995446
231.1822026935
196.5651007065
197.9944349699
206.8589707451
224.0187754773
251.3455495450
491.7607840047
2247.7796717696
984.4980142905
1309.6676164404
1414.6124740165
2150.2791156234
318.0069871510
1435.0398109376
2205.5659091837
3295.4155721971
2468.0437773511
1946.5782797673
2785.3536325999
1958.9951262686
2276.7518625875
314.8827817053
254.6843132087
220.6495393234
203.2086432241
184.7636935809
185.2635472958
192.5076743750
207.0420884616
230.8998221450
267.8910085508
2451.2922649239
2332.1142787071
899.7497546272
2119.4904201057
1848.9049973772
1583.1003515982
3188.0613687580
2317.2366596611
2235.9398626339
1956.6834481266
2504.0805165191
2444.1685660097
3330.3833252726
357.7303005289
285.9464675266
237.5734408145
207.9916584105
191.6596228483
185.4505690608
186.3513727679
198.1691163031
223.3358398875
267.2636530575
2417.1646882444
2683.8400644074
1306.2112112473
1419.6458961911
2331.2397523514
2403.4173183508
1253.3303312425
2888.5079894139
3696.0092640798
340.0588938425
267.9847547561
221.6817023283
196.1080484349
198.7798815325
202.5735735251
228.6916376599
602.1523504060
2121.7402591338
1916.7614244084
2662.1957728012
3041.0890615121
2259.3823453942
1755.3976972752
261.2278291155
216.6230540307
228.9073443196
248.0794703080
1562.8940839279
3627.9257226951
2853.8899373780
266.1255939135
284.1622606087
184.7636935809
3696.0092640798