0.8426175955
0.8256150374
0.8285427891
0.8478717298
0.8835710740
0.9382085359
1.4993949977
1.1274482403
1.1022743159
1.1815280104
1.3683325062
1.0388948351
1.0141050707
0.9957321518
0.9965919466
1.0248788087
1.0893549289
1.2035604916
1.3895618495
2.4175356828
5.7723949537
7.0469086460
5.0738522638
5.3947373008
15.5695211719
6.5644213657
1.3682606678
1.1200813040
0.9721420944
0.8870793164
0.5295319659
0.5305372709
0.5427463336
0.5663897466
0.6043921397
0.6625639172
2.0808017050
2.4101127924
1.3835115983
1.9042818601
2.3066013948
3.6810577921
0.8177505787
0.7982649246
0.7938010208
0.8119409546
0.8586877499
0.9421575797
1.7418244546
8.9231132444
6.4199065389
4.5597482793
6.0494384153
6.7074088463
6.6292108693
0.8843635221
0.7257080585
0.6283231524
0.5718769616
0.5417761597
0.4803135039
0.4879409726
0.5189071637
0.5739170864
0.6479095718
1.1795291032
5.1240250707
2.3799185940
3.0163083214
3.2752937008
4.9285667765
245.4004273151
3.1458835813
4.8167690121
7.3203032961
5.5084607056
4.4004785622
6.2317879135
4.3196945197
5.2215180514
0.7906310664
0.6350966875
0.5438490862
0.4968426646
0.4598759161
0.4644937061
0.4878503260
0.5288723153
0.5872269354
0.6670314506
5.1957233617
5.0216239555
2.0054176890
4.5261434767
3.9690200791
3.4001597842
6.7611614860
4.9237213056
4.7367975176
4.1676891681
5.3384366140
5.1486029493
7.0928203794
0.8746639577
0.7094099880
0.5919426720
0.5174198022
0.4760084054
0.4605062344
0.4649485800
0.4952767517
0.5524984106
0.6439292807
4.9700113802
5.5549997908
2.7315485271
2.9725509650
4.8074254743
4.9468516900
2.6468033720
5.9180271674
7.5946851696
0.8110192706
0.6532070246
0.5462812350
0.4852824217
0.4859106416
0.4948244953
0.5507571508
1.3017984502
4.3104953256
3.9201006648
5.3899582094
6.1400143814
4.6006527080
3.5983529348
0.6248104874
0.5262500746
0.5453944141
0.5836182749
3.1890705852
7.2519956679
5.7293572105
0.6248432305
0.6558553389
0.4598759161
245.4004273151