76.3110655597
74.9461307017
75.3181838410
77.1315782554
80.3957526627
85.3436349525
133.1203986193
101.2606782055
100.1476368601
106.0961600811
122.5676702931
94.7199437623
92.5126224715
90.8474155591
90.8882172483
93.3719855670
99.0701116746
109.1613575274
125.5547665556
217.5275707536
502.6542728761
594.8102020258
433.8686473005
476.7168537867
1233.1860966460
559.5944185990
121.1955529519
99.9461981380
87.2978099625
80.0541682541
48.4864576061
48.5916970914
49.7081443022
51.8595416006
55.3133204868
60.6029067381
189.8797128836
219.0017911182
125.0146288016
173.5223518299
208.9973722356
335.4124500050
75.1182410176
73.3785462974
72.9835095807
74.6332406559
78.8739265094
86.4310041896
159.7313430502
817.2408904714
586.3949031572
416.6894611378
552.1721641981
615.6137512789
601.9069373481
80.3134952263
66.0442130670
57.3152811963
52.2629588000
49.5733000298
43.6709225807
44.3119164444
47.0088744092
51.8411763915
58.4718610214
107.5656170643
471.5564222116
217.6553202020
277.1824362582
301.0188860457
453.6557600926
1186.2552395894
290.4807839442
445.0696666471
675.5901771425
507.9500396483
405.1200685679
574.4239031744
398.3568573844
480.2806295102
71.7029437381
57.6212734440
49.4023126073
45.1732591300
41.6886795453
42.0625829838
44.1094855788
47.7595361433
53.0468468352
60.4065981087
480.9429245280
464.2757782990
184.5857998574
418.8071212689
367.1055946820
314.4387106312
626.3123079693
455.8779459590
438.5932869183
385.5852182938
493.9932263655
476.7720109610
656.5346739427
79.5418719474
64.3845619603
53.6804449171
46.9212013534
43.1681763121
41.7410149363
42.1103903523
44.8368608506
50.0686938778
58.5381743668
461.2081066453
515.3588380773
252.9805317773
275.3563346611
446.1419785323
459.1330501115
244.8986184983
549.4457564716
705.1169485705
73.9261150879
59.3763018176
49.5807193269
44.0134182721
44.1168438539
44.9197177330
50.0738882425
119.9743549179
400.3799633107
363.9405788230
500.9528290287
570.8255214721
427.2650034168
333.8652206966
56.8998699010
47.8254913429
49.6650483448
53.2178217592
296.0094570914
674.8378775831
532.8514237497
57.0122299467
59.9537001204
41.6886795453
1233.1860966460