64.9394222829
63.7551969904
64.0582988623
65.5939964046
68.3688020035
72.5810447024
113.6519558799
86.2741934997
85.1917055203
90.4000432284
104.4940788877
80.5261888340
78.6406750629
77.2220240625
77.2607857151
79.3848602551
84.2537469126
92.8772908180
106.8929173095
185.3679323397
430.5226816314
511.7271357728
372.5581536922
407.5084642164
1070.1174828947
480.8980334485
103.4958497130
85.2500213087
74.3870358583
68.1619955668
41.1915711803
41.2794747521
42.2285273435
44.0585777440
46.9969726110
51.4969605990
161.4693597521
186.3822412625
106.4778389881
147.5938367226
177.9508455311
285.3217350369
63.7866498171
62.3008912355
61.9624460898
63.3652952588
66.9739517711
73.4073653878
135.6910145843
694.5406010506
498.5917186752
354.2439049790
469.5421243178
522.9221285586
512.3446313761
68.3218351563
56.1628302096
48.7212406356
44.4132486722
42.1193431515
37.1399122211
37.6918512758
40.0008504077
44.1322826375
49.7835988346
91.4362873394
400.3460810007
184.9776014904
235.3748325388
255.6219527792
385.1505062512
1118.9488948413
246.4458652256
377.5752055537
573.2829331092
431.0668612505
343.9146689889
487.5139714882
338.0396055294
407.7823674020
61.0078531640
49.0220169172
42.0208526153
38.4178373596
35.4695739524
35.7933897953
37.5439186980
40.6579919985
45.1560782806
51.4000638469
407.8146980818
393.7805543571
156.6712916159
355.1744495387
311.3512794410
266.6966391866
531.0548432660
386.5716134475
371.9111113760
327.0076536178
418.9168078716
404.2539207024
556.7710835717
67.6455203224
54.7721257673
45.6712254455
39.9200762123
36.7263605280
35.5139008893
35.8322304965
38.1543842241
42.5987623162
49.7789697150
390.8979272351
436.8335372024
214.4848226649
233.4481099652
378.1213060165
389.1237793428
207.6630229802
465.6447628341
597.5493826874
62.8428563560
50.4969037576
42.1761601889
37.4440932229
37.5246280633
38.2078356916
42.5807313793
101.7960532642
339.2856209942
308.4249184419
424.4532584596
483.6264988286
362.0695137712
282.9617644598
48.3748679120
40.6732883484
42.2229473662
45.2327769111
250.8614069439
571.6465013103
451.4315058820
48.4541424036
50.9376968780
35.4695739524
1118.9488948413