247.5115298345
246.8041682598
250.0790793877
256.9056057295
267.5387001770
282.6559763308
361.6369909676
318.7325309870
326.2550172356
330.4346269712
363.6152845467
318.6739004439
313.5613317915
309.1419974171
308.9519105819
315.2045384917
329.8124955831
355.2492306030
395.0882472581
631.7647830989
1115.2725692586
1166.7537064919
858.2747264927
1127.4917152008
1813.4976214199
955.6914995825
330.8867980911
290.2510875285
266.4097636001
253.3524752238
169.1301824055
169.6605376476
173.3000351892
180.1767796652
191.1552863766
207.9739276944
606.1140494745
665.0095199153
368.9179470688
547.7334887557
619.6282884455
1040.5513251559
266.2477313731
262.3225407262
261.8913383522
267.5248635215
281.0104741794
304.2618052088
549.4137047280
2695.3478135756
1883.2183424503
1358.5164098289
1761.3616807436
2099.0053802963
1793.1777676589
262.5427963071
220.1593773547
194.6661321487
179.9703942251
172.1841483902
146.2032744113
147.2255086357
153.7156835834
166.3284805409
186.5364055066
365.4750150204
1669.9937752177
728.0935036017
972.5803705517
1049.5145962014
1595.8437190839
211.9638907776
1071.0304916867
1646.1739712497
2453.8202127038
1838.1765170369
1448.6301040042
2074.1569849066
1462.6633814553
1690.8778435380
233.6264044859
189.1221577481
163.9970058534
151.1218580518
137.3696161214
137.7140662798
143.0490638680
153.8095033650
171.5649717448
199.2177740399
1837.2989817933
1744.1301697902
671.3682482632
1586.6426858423
1383.3022104760
1184.5677328409
2387.3088709972
1735.5815639647
1675.9127013667
1466.4510717255
1875.7738811354
1834.5522979053
2494.0467141368
265.9707413439
212.4640944553
176.5248003920
154.5917854500
142.4900417525
137.9524526373
138.6141129041
147.4167166302
166.2393008685
199.2097144812
1819.2905786361
2017.2423772474
981.7748363921
1066.3832854106
1753.4282889520
1808.5112138508
941.3225873378
2175.2086154266
2780.9169607349
253.4265612738
199.4614956258
164.9169530408
145.8820138045
148.0463799801
150.9059836192
170.5216753986
451.9906950501
1600.0656877904
1444.0809182157
2007.7952404364
2294.2891754436
1703.5690851147
1323.0674708337
194.7613297470
161.3681655157
170.7862886826
185.2602463840
1178.5878002258
2740.6113240617
2155.3314625358
198.7183580960
212.4631798333
137.3696161214
2780.9169607349