3.8026577665
3.7305636833
3.7464812598
3.8351280795
3.9966670259
4.2426546556
6.6918205133
5.0757613177
4.9800214678
5.3157358861
6.1448728567
4.7036502813
4.5934485262
4.5111631494
4.5144494053
4.6400652731
4.9268941342
5.4346210033
6.2601500621
10.8479706569
25.4819167820
30.8920866136
22.2502968524
23.9654564881
67.3190143892
28.6129957370
6.1001543603
5.0139406613
4.3669156127
3.9956266775
2.4043057580
2.4091126999
2.4643385477
2.5710831037
2.7425633827
3.0050823516
9.3966711110
10.8553769942
6.2235685254
8.5958416086
10.3776992878
16.5988370815
3.7178775169
3.6314061045
3.6120074257
3.6941906739
3.9050640584
4.2808524334
7.9013657774
40.3686826084
28.9999216919
20.6129795372
27.3130210148
30.4037141006
29.8231659868
3.9960228080
3.2835980766
2.8469029783
2.5938900329
2.4590315219
2.1735302205
2.2066156777
2.3435713707
2.5880276972
2.9203593358
5.3417450097
23.2842128940
10.7738164092
13.6983470720
14.8699248237
22.3886771955
410.5561223832
14.3399171207
21.9614554292
33.3293054717
25.0726867549
20.0120098530
28.3591723798
19.6831477623
23.7178573769
3.5714016824
2.8701340059
2.4596963659
2.2483076576
2.0784054370
2.0981128303
2.2018582421
2.3855671258
2.6494847074
3.0139045736
23.7505499596
22.9222551536
9.1304264701
20.6747714731
18.1229535587
15.5259705951
30.9034911329
22.5028047371
21.6554789978
19.0476758392
24.3936880781
23.5552057719
32.4111690320
3.9582104365
3.2071884374
2.6753229718
2.3387193461
2.1517217287
2.0816543743
2.1009398032
2.2376075908
2.4978140780
2.9165555775
22.7891405660
25.4518430208
12.5062892651
13.6077293964
22.0362086765
22.6818341991
12.1095001583
27.1485984048
34.8256670120
3.6768169707
2.9567992685
2.4708726963
2.1942701816
2.1989850729
2.2393459915
2.4949181672
5.9456104536
19.7934326428
17.9894426704
24.7563566767
28.2105446276
21.1216432950
16.5113356799
2.8321405970
2.3826787642
2.4728042740
2.6485010177
14.6400713674
33.3588990822
26.3452231438
2.8361673113
2.9807351033
2.0784054370
410.5561223832