137.8360244393
135.6585432197
136.4961206981
139.8551265576
145.7709181941
154.6605114165
235.4110372564
181.6819200796
181.1574909292
190.2633992595
218.7903022774
172.0244832893
168.1604834154
165.2009260473
165.2372243800
169.5875763412
179.6022391959
197.3149456485
225.9915617923
388.4370037071
870.2546661156
1006.6633125974
740.6218560023
834.0168768054
1996.9411037207
948.0944761014
214.2072590357
177.9582237537
156.4096884292
144.1165110980
88.4784141493
88.6869411426
90.7110690545
94.5979383225
100.8319017187
110.3810759217
343.2452063456
393.7840348950
223.9603261264
313.2939342024
374.7927105855
604.6053668101
137.4223984451
134.3809863676
133.7163434364
136.7143712090
144.3631594723
157.9452086012
291.1493145955
1483.0679614339
1060.7985956387
754.9300429817
998.0206980355
1121.2153475063
1080.0622499263
145.2756165986
119.7622617919
104.1949133217
95.1919390263
90.4038937100
79.1969093701
80.2721065346
84.9649463966
93.4476694162
105.3127068198
195.4829712523
862.6827235631
395.2982351886
506.4477871221
549.6729089923
829.4479143491
1371.6856399417
534.2141426213
818.9045333914
1240.2220006504
931.9204651130
742.0455874004
1053.5156749991
732.0497089167
878.0369869530
129.5990954783
104.2307683791
89.4924445266
81.9148657676
75.4166594170
76.0219748801
79.6118557219
86.1094170728
95.6875741351
109.2438906079
888.5586494473
855.8258127348
338.6601797809
772.9408551156
677.0379806993
579.8934685440
1157.0559841784
841.9977612429
810.4487163799
712.0117415176
912.0019227845
881.8078343695
1212.2742593585
144.2416138765
116.5356599776
97.1039471013
84.8907666536
78.1153702942
75.5296589242
76.1499546075
81.0591061482
90.6289973997
106.3124011515
856.0122105222
955.4826196982
468.3801608745
509.6890458852
827.6739748015
852.0245352779
452.7950296334
1020.4029548687
1308.7832064884
134.4809226675
107.7065612855
89.8083893498
79.6787611302
79.9872386711
81.4471065892
90.9543332847
221.1008945379
744.5718175012
676.0548010798
932.0444760259
1062.4847183696
794.3066349606
620.0962188022
103.4630782259
86.7840801612
90.3461237936
96.9663815265
550.1539832762
1258.0614751048
992.7628909761
103.9162560910
109.5229510922
75.4166594170
1996.9411037207