229.4616194085
229.5719057084
232.8308831611
238.9682050276
248.2359677593
261.1735690495
312.3863298308
291.0739804301
298.2515131209
301.2538472418
322.6679250831
295.6520580821
292.4471686072
289.5366167442
289.8030465883
295.1427293291
307.0677151514
327.2718455527
357.9046407271
532.6311104446
846.6331723566
866.4551669527
646.8757315134
846.6230875933
1255.4412762267
658.8544106035
289.4546583479
259.8985400606
242.6066922835
233.3107000252
159.4912829511
159.9640063216
163.1660405366
169.2243109489
178.8881505311
193.6378076971
517.0669218242
550.7786709061
313.9156816528
468.6707523828
512.5743208185
863.4454313758
251.0073883432
248.8899748436
249.3438415825
254.7441084202
266.6731352502
286.5626510962
500.2146238861
2325.0555297721
1602.3285036600
1174.0224901068
1488.8082432501
1864.0539982275
1440.9412933742
239.4890126357
203.2842829371
181.4775268035
168.8534895300
162.1346822224
136.4735763894
137.1751158770
142.5753277456
153.3732618752
171.4014957586
337.7002969873
1531.4913826678
643.9040845714
889.3563219478
952.2145341434
1450.7733649856
96.0738041975
1019.4852658480
1566.5284229571
2292.0308522542
1721.0126190646
1348.7591368269
1939.7028415178
1399.0441602600
1546.1756450864
213.8640426242
174.3223531601
152.2224210285
140.8917847623
127.9519560672
128.1137490386
132.7668423461
142.4976515441
159.1253892305
185.7991645350
1809.9867421722
1688.3696044748
639.0881241734
1547.8320909925
1343.3569158188
1151.5780880574
2334.0551649416
1700.9782850813
1651.8653843753
1444.6813030906
1840.6534944368
1828.7754882169
2440.4748005565
247.4543402958
196.7995102087
163.5847019592
143.6183548119
132.6535863456
129.0627236846
129.6481142389
137.9817266609
156.2801224855
189.1029391741
1852.5387570742
2032.3030083485
989.3036306856
1069.7948730655
1776.2741878832
1838.0120876679
943.9551355450
2224.8549814389
2824.5334521841
240.1999450208
187.3046252447
154.3278773805
136.4697379084
139.8017107954
142.7574489227
162.4240866377
451.8141727732
1654.5935354989
1482.1418354591
2077.1536626396
2380.3640995091
1759.2386600020
1363.0867451488
185.3194002234
152.5907002739
163.4382759441
178.4955799390
1218.9104268454
2871.6814652785
2254.2360739727
191.3229334485
206.5582394983
96.0738041975
2871.6814652785