10.0683739476
9.8791738671
9.9219431374
10.1564878785
10.5832930192
11.2328045574
17.6724736090
13.4220916337
13.1790271174
14.0558028936
16.2348153891
12.4556599630
12.1665144319
11.9505466768
11.9598164217
12.2913680476
13.0476405245
14.3855296879
16.5594440282
28.6316943772
67.0832963341
81.1575575535
58.5391537615
63.0874163926
176.2457258990
75.3671735119
16.1162976001
13.2567259683
11.5533531682
10.5760338038
6.3714632848
6.3842347780
6.5302184666
6.8123531710
7.2655603742
7.9593024400
24.8140081663
28.6413546726
16.4279723676
22.7006589057
27.3770956740
43.7986832087
9.8532061735
9.6267581979
9.5767743213
9.7946200472
10.3519283580
11.3440198730
20.9092718239
106.6298087692
76.5677536651
54.4503759175
72.0978161020
80.3824414654
78.6237765414
10.5731020161
8.6925727837
7.5398698234
6.8719563285
6.5159247914
5.7559661675
5.8430051857
6.2041621831
6.8492315867
7.7274087370
14.1400302492
61.6301390130
28.4787850633
36.2542084261
39.3438580943
59.2447334359
568.1211456461
38.0167999537
58.2227704699
88.2864233768
66.4273327045
53.0018838342
75.1260953233
52.1933144869
62.7713876740
9.4498160566
7.5963615029
6.5120594751
5.9536433274
5.5029771771
5.5547586114
5.8286600824
6.3142736012
7.0130423086
7.9796230288
63.0768125624
60.8182442125
24.2040441362
54.8826258057
48.0955817883
41.2040851324
82.0422016129
59.7508320733
57.5156840053
50.5859206054
64.7696207055
62.6029821507
86.0439625181
10.4803392587
8.4899023123
7.0819576923
6.1915414163
5.6969980234
5.5124801348
5.5633888406
5.9253657901
6.6156759986
7.7284364919
60.6493376500
67.6870930181
33.2603157510
36.1777791609
58.6264853699
60.3558024965
32.1945970800
72.2786758314
92.6644877624
9.7435781642
7.8317638552
6.5434392402
5.8107497670
5.8257172803
5.9330651712
6.6124089725
15.8022096613
52.7375991986
47.8990585149
65.9667167078
75.1855950721
56.2738312698
43.9810296935
7.5063242908
6.3129230603
6.5556201771
7.0238789224
39.0067852615
88.9717247911
70.2554172588
7.5215639024
7.9091648491
5.5029771771
568.1211456461