0.4918384763
0.4814682907
0.4825750418
0.4930635143
0.5128294925
0.5432552165
0.8699301813
0.6550243074
0.6353789439
0.6869489536
0.7914821786
0.6008090387
0.5878805564
0.5786947060
0.5801349392
0.5967383432
0.6334220995
0.6977303518
0.8019197521
1.3590533799
3.3009894065
4.1241497687
2.9679301141
3.0304239640
9.5029562706
3.8518597930
0.7984043202
0.6540789939
0.5678515705
0.5180832146
0.3081787080
0.3086377233
0.3154484107
0.3287264275
0.3500767595
0.3826451987
1.1402199906
1.3193338651
0.7808522850
1.0520300482
1.2734468592
1.9979230150
0.4729050582
0.4633227612
0.4618406489
0.4726188840
0.4989739016
0.5452663336
0.9795965225
4.8450369989
3.4908731304
2.4954457341
3.2813471863
3.6793861849
3.5729562552
0.5084516970
0.4194078519
0.3644069858
0.3323861144
0.3152298309
0.2800753347
0.2845824325
0.3026313821
0.3345839263
0.3770546448
0.6740583651
2.8533217814
1.3150408756
1.6842016024
1.8201522060
2.7308493749
73.4940911838
1.7985389859
2.7478624453
4.1148569389
3.1128384574
2.4836626616
3.5172024318
2.4886310834
2.9060984470
0.4564333235
0.3682123622
0.3162941033
0.2894803439
0.2688911427
0.2717048949
0.2854308342
0.3094300783
0.3434146526
0.3898060935
3.0638940583
2.9090395201
1.1539975904
2.6421829251
2.3082759541
1.9807095373
3.9486230019
2.8880524737
2.7978721987
2.4666264535
3.1405840503
3.0874138562
4.1522773314
0.5085600159
0.4125368028
0.3447846419
0.3019074054
0.2781065605
0.2702614218
0.2730384788
0.2910618838
0.3250632559
0.3797545406
3.0553609197
3.3617298736
1.6618563690
1.7958301923
2.9339905822
3.0343701672
1.6049900295
3.6651393401
4.6479671187
0.4772482275
0.3830940184
0.3202103029
0.2846103987
0.2866787944
0.2922924897
0.3262985984
0.7920787790
2.7147846093
2.4410657467
3.3933975531
3.8829616841
2.8945570763
2.2603132965
0.3696083417
0.3105134702
0.3241758846
0.3481892831
2.0136146631
4.6588102755
3.6745541556
0.3725767491
0.3936025522
0.2688911427
73.4940911838