1.1621396264
1.1391645091
1.1434082619
1.1700760122
1.2191444255
1.2941236932
2.0563701864
1.5542424893
1.5190826446
1.6280937998
1.8815754809
1.4336633125
1.4000478213
1.3751119570
1.3764003810
1.4151563209
1.5033491337
1.6593916857
1.9132121186
3.3140544934
7.8741688607
9.6324840504
6.9213977739
7.3534068559
21.4267529598
8.9234375866
1.8779189198
1.5398716816
1.3383817805
1.2225810157
0.7319841169
0.7333697349
0.7501553040
0.7826625983
0.8349078915
0.9148648870
2.8562833838
3.3020520720
1.8973243190
2.6140699384
3.1592956564
5.0445685660
1.1305700694
1.1042490746
1.0983989572
1.1234921777
1.1877872715
1.3023524891
2.4016836718
12.2579307729
8.8112174457
6.2644600491
8.2996011184
9.2325473106
9.0693620867
1.2190029819
1.0012659058
0.8676147607
0.7901301067
0.7487993524
0.6632041219
0.6735847309
0.7159876059
0.7914432966
0.8932829290
1.6278364922
7.0703793078
3.2753656898
4.1611649345
4.5157836118
6.7962435081
262.1257756919
4.3541362924
6.6669138239
10.1156627821
7.6129691368
6.0786119194
8.6117832779
5.9803389629
7.2027171940
1.0900524975
0.8760620221
0.7506116209
0.6859786872
0.6348104814
0.6410814594
0.6731473013
0.7296271203
0.8102653397
0.9209670753
7.2142929056
6.9610551920
2.7753991057
6.2788266255
5.5036517139
4.7150596556
9.3816271244
6.8332328341
6.5772115811
5.7865089964
7.4093611232
7.1570372884
9.8420504735
1.2074592091
0.9789380973
0.8168467828
0.7141387209
0.6570790124
0.6359002422
0.6419929243
0.6839007858
0.7632421452
0.8904223850
6.9250560081
7.7313382653
3.8014618559
4.1350122758
6.6947009085
6.8912929650
3.6813187067
8.2500844978
10.5790856284
1.1213256656
0.9023718066
0.7544136457
0.6701346928
0.6715214244
0.6839356643
0.7617407127
1.8096357240
6.0169071788
5.4670857776
7.5246176904
8.5744452663
6.4207940285
5.0202279750
0.8641204899
0.7273815677
0.7546504855
0.8080689596
4.4513921933
10.1397722629
8.0091385422
0.8650997445
0.9089046059
0.6348104814
262.1257756919