61.9914702262
60.8660498850
61.1577853912
62.6242514235
65.2718889655
69.2897553650
108.3789618307
82.3505096511
81.3172096493
86.2787599157
99.6976135508
76.8814943199
75.0865775992
73.7356691987
73.7733145872
75.7984057154
80.4394416181
88.6580289977
102.0125933065
176.7835102276
410.1263112260
487.6036541138
354.8640871367
388.2202555937
1021.0522464590
457.7377007950
98.7046560574
81.3297874091
70.9856828472
65.0586762421
39.3388078545
39.4227726371
40.3283470934
42.0745184842
44.8781746620
49.1716888410
154.0337372317
177.7412487193
101.5461831656
140.7971810956
169.6830719865
272.1171434031
60.9202554275
59.5066692092
59.1861877487
60.5260161498
63.9694332726
70.1062739463
129.5359323681
662.6743618545
475.6379106325
337.9876441516
447.9014260443
499.1105461602
488.4704347532
65.2168107708
53.6189859784
46.5210366536
42.4118763772
40.2237771215
35.4616819023
35.9871135312
38.1881561942
42.1278342000
47.5207666825
87.3049438329
382.2437613745
176.5555324812
224.7352289904
244.0423133455
367.7023635269
1090.8829968882
235.4272564037
360.6844305375
547.4926200663
411.7089849244
328.4226766595
465.6195423807
322.9245990397
389.3262385466
58.2366595508
46.7990828128
40.1191852535
36.6814727064
33.8647615666
34.1728240557
35.8423222276
38.8139811900
43.1094725827
49.0765519279
389.7735708646
376.2618250422
149.6665329492
339.3972468531
297.5021255048
254.8319534048
507.5245980283
369.4264434860
355.4524427880
312.5218988771
400.3470903232
386.4213775767
532.0839936819
64.5867833066
52.2915643533
43.6026702565
38.1130947092
35.0647672400
33.9088778026
34.2123208555
36.4296977837
40.6762935440
47.5408440593
373.7856593233
417.6429357309
205.0540954172
223.1817170056
361.5498778458
372.0812304700
198.5232934813
445.3098265757
571.3828826985
60.0163179510
48.2185871242
40.2708796478
35.7521301822
35.8335518001
36.4867665909
40.6672270255
97.3052914091
324.5333544745
294.9469656904
405.9865879744
462.6345359892
346.3153855420
270.6342426508
46.2008543158
38.8414214838
40.3284309152
43.2079375718
239.9427130008
546.9238655190
431.8972888466
46.2847722199
48.6647794540
33.8647615666
1090.8829968882