0.8678880684
0.8503702412
0.8533828521
0.8732902615
0.9100605259
0.9663385361
1.5444329529
1.1612454453
1.1353364145
1.2169718886
1.4093945443
1.0700396239
1.0445033767
1.0255778252
1.0264639556
1.0556024190
1.1220191598
1.2396625599
1.4312649168
2.4901011042
5.9461803148
7.2585676048
5.2262569523
5.5572723827
16.0341594610
6.7624510640
1.4093837475
1.1537213368
1.0013209703
0.9136922452
0.5453932593
0.5464284285
0.5590036166
0.5833563374
0.6224990536
0.6824166855
2.1432656926
2.4824537731
1.4250989869
1.9614739674
2.3758647734
3.7915323622
0.8422444914
0.8221707394
0.8175703835
0.8362525749
0.8843999026
0.9703719282
1.7940798686
9.1901997340
6.6124613119
4.6965417501
6.2308718188
6.9084745949
6.8282722777
0.9108791655
0.7474602987
0.6471511718
0.5890100178
0.5580052939
0.4947050187
0.5025628078
0.5344609709
0.5911251276
0.6673379904
1.2148936727
5.2775437401
2.4513623301
3.1067319282
3.3735140600
5.0763341294
245.3417350688
3.2401467179
4.9611784395
7.5394095911
5.6734351635
4.5322113538
6.4184978438
4.4490964708
5.3778579828
0.8143322622
0.6541320312
0.5601463975
0.5117295748
0.4736558216
0.4784132933
0.5024720109
0.5447253486
0.6048282810
0.6870192302
5.3511373540
5.1719366408
2.0654617323
4.6616528399
4.0878811282
3.5018928320
6.9634003962
5.0710050093
4.8783050893
4.2924469544
5.4982157906
5.3026915804
7.3052993780
0.9008735845
0.7306696697
0.6096816577
0.5329244415
0.4902714668
0.4743035044
0.4788797523
0.5101171076
0.5690514497
0.6632154363
5.1183745442
5.7210461188
2.8131398856
3.0614421843
4.9509869873
5.0946585523
2.7258929754
6.0949431201
7.8216102145
0.8353091510
0.6727753841
0.5626477831
0.4998216502
0.5004658291
0.5096465731
0.5672520062
1.3407446178
4.4392810322
4.0372552666
5.5509438225
6.3234448388
4.7381494084
3.7057721067
0.6435221123
0.5420126978
0.5617262762
0.6010921681
3.2843249565
7.4684746291
5.9007255210
0.6435510897
0.6754874302
0.4736558216
245.3417350688