3.4230111041
3.3617104915
3.3775080252
3.4572065880
3.6010832174
3.8192604740
5.9280627815
4.5617527329
4.4714040920
4.7723817825
5.4789747116
4.2395604427
4.1453232006
4.0747342031
4.0786215042
4.1896301998
4.4418349285
4.8868015152
5.6075326138
9.5914708302
22.2285452658
27.0796304074
19.4289829053
20.8182309628
59.7884639479
24.7399701384
5.4194493505
4.4748932115
3.9123519673
3.5899275106
2.1767380725
2.1810558959
2.2303037602
2.3255078490
2.4784228442
2.7123766127
8.3431918349
9.5811731077
5.5029798263
7.6301078145
9.1476935768
14.6659681766
3.3677149046
3.2945359846
3.2796117102
3.3541707294
3.5424517857
3.8760074336
7.1058976171
35.9393820690
25.7428507464
18.3510054583
24.2211771525
27.2240941052
26.2140043959
3.5892228847
2.9572224085
2.5697972233
2.3451849166
2.2253779991
1.9616800076
1.9904202216
2.1113199738
2.3280920439
2.6253502899
4.8161511186
20.9923386507
9.6380204895
12.3405304788
13.3735932796
20.1484890842
357.9915929822
13.0355274897
19.9652020897
30.1716114668
22.7046536417
18.0943584409
25.6727491430
17.9050032770
21.3658083939
3.2096585074
2.5830992523
2.2171778329
2.0286925667
1.8743166269
1.8913358686
1.9835656696
2.1481100955
2.3867502669
2.7195606377
21.7743184144
20.9240753747
8.2972479540
18.9098130781
16.5562025819
14.1856283768
28.2835545928
20.6033341447
19.8549365505
17.4572512834
22.3371557131
21.6547717677
29.6611278508
3.5700158892
2.8893534207
2.4102266848
2.1080654456
1.9403514201
1.8789437884
1.8960792467
2.0197111306
2.2571947215
2.6425990539
21.0789338008
23.4744767853
11.5313727744
12.5314361679
20.3544688137
20.9675345459
11.1470813381
25.1421890513
32.1890028312
3.3302150258
2.6718057282
2.2307038492
1.9807031124
1.9891686557
2.0264915698
2.2617838378
5.4642284571
18.3875757699
16.6730457495
23.0064052178
26.2366837928
19.6147403379
15.3177600430
2.5670571605
2.1561939761
2.2442861402
2.4080325103
13.5982256739
31.1201527538
24.5608856983
2.5782288216
2.7166390958
1.8743166269
357.9915929822