18.4906299377
18.1448850512
18.2242079379
18.6550410760
19.4383420667
20.6298967663
32.4056000613
24.6283118611
24.1998537316
25.7914449685
29.7755175234
22.8784208186
22.3492487912
21.9537221040
21.9707981206
22.5784905652
23.9644626047
26.4158548393
30.3980023696
52.5190619756
122.8420082886
148.2658090190
107.1203256001
115.5481775316
320.4591532350
138.0199618658
29.5644900283
24.3282735640
21.2092006079
19.4197914483
11.7065592885
11.7301560960
11.9981733482
12.5160448225
13.3478729808
14.6211521193
45.5417140219
52.5464535474
30.1340203343
41.6610473726
50.2164442606
80.3633288156
18.1058447432
17.6915761964
17.6006195692
18.0008220659
19.0236457923
20.8437196055
38.4028886403
195.7299849696
140.5229402535
99.9411917246
132.3150366022
147.5901476992
144.2086919373
19.4121150482
15.9630709137
13.8491349727
12.6242788309
11.9713962981
10.5709682150
10.7302051429
11.3919148752
12.5742432655
14.1850574022
25.9662957864
113.2030860833
52.2809615083
66.5853723724
72.2577082021
108.8172282739
672.1599813362
69.8709731150
107.0100511366
162.2204829270
122.0544137459
97.3760302778
138.0336988825
95.9275747352
115.2936813966
17.3487362381
13.9473832117
11.9581288847
10.9337435464
10.1046763521
10.1992535979
10.7012822558
11.5919937658
12.8747987270
14.6509345586
115.9984013147
111.8081348612
44.4776348496
100.9118145708
88.4260058318
75.7558166095
150.8613578689
109.8717455563
105.7778861494
93.0329743823
119.1081028980
115.1611348093
158.2190907999
19.2461708395
15.5888439781
13.0032806170
11.3687152160
10.4609753266
10.1225503405
10.2156977934
10.8802133815
12.1486804065
14.1952582806
111.6268568315
124.5452421477
61.1993186426
66.5595649573
107.8910877486
111.0855003045
59.2319909492
133.0523923020
170.5456663167
17.8993873383
14.3838160393
12.0163510761
10.6704856767
10.6997734716
10.8970814333
12.1465629770
29.0665533234
97.1144036797
88.1826279301
121.4773005328
138.4706803788
103.6218529464
80.9786173274
13.7897625295
11.5953104098
12.0441740383
12.9064071091
71.8292987606
163.9149881523
129.4304960808
13.8213803367
14.5370027374
10.1046763521
672.1599813362