0.2944479802
0.2880405117
0.2886851573
0.2950921952
0.3072027678
0.3258805330
0.5276885372
0.3946141355
0.3822779447
0.4138321495
0.4786821321
0.3602096366
0.3519077001
0.3459220177
0.3465572863
0.3566172726
0.3791505393
0.4188792991
0.4835123786
0.8328624659
2.0374248712
2.5464365971
1.8245760393
1.8744170661
5.8814692960
2.3682438164
0.4833366405
0.3943844208
0.3412689018
0.3106182244
0.1837552492
0.1840432922
0.1881994984
0.1962936099
0.2093137562
0.2292067740
0.7034777580
0.8161438732
0.4763822558
0.6466358055
0.7852366235
1.2400295626
0.2824333991
0.2760777061
0.2748141334
0.2811902594
0.2972446754
0.3257257292
0.5943037733
2.9979368356
2.1616004622
1.5392288303
2.0354383558
2.2612410169
2.2303223110
0.3063882512
0.2517727468
0.2180936041
0.1985187130
0.1880485270
0.1674238695
0.1702035103
0.1812276163
0.2006964777
0.2264763114
0.4065267929
1.7364244378
0.8065843491
1.0243154629
1.1098684308
1.6664488316
67.8048845403
1.0771160897
1.6468831617
2.4873675716
1.8772753351
1.5001386350
2.1228923815
1.4852280254
1.7695230889
0.2746248687
0.2210044146
0.1894182174
0.1731180880
0.1607476921
0.1624821744
0.1708031311
0.1852768397
0.2056315535
0.2331857549
1.8028298941
1.7286857293
0.6899269027
1.5632136301
1.3687147181
1.1735760475
2.3342650341
1.7039568655
1.6447752991
1.4493151426
1.8507490688
1.8012367990
2.4525217701
0.3044094048
0.2471713968
0.2064893494
0.1806481838
0.1662903012
0.1612652411
0.1629339773
0.1736602434
0.1937234366
0.2256682927
1.7590485981
1.9504501732
0.9626776523
1.0437372421
1.6950937821
1.7488563778
0.9318197452
2.1025251845
2.6810144476
0.2835710511
0.2283443442
0.1910643678
0.1698347315
0.1704578479
0.1736975380
0.1934570914
0.4600889450
1.5449577372
1.3968175453
1.9308470018
2.2046730560
1.6482650873
1.2887841878
0.2191387040
0.1845313155
0.1917420922
0.2054138022
1.1451321769
2.6254291409
2.0730156051
0.2198046454
0.2312412431
0.1607476921
67.8048845403