672.5840993754
668.5297158845
676.5105950750
695.0258116056
724.6791287282
767.4554482249
1035.3790111003
872.8544112576
891.9290153260
906.7837959490
1017.8879125366
862.0763675893
845.4824149781
831.6087888397
830.6314840212
848.7959808137
891.8121146702
967.6113613799
1088.2826904879
1811.2816916090
3433.4269281703
3652.3679201310
2685.0798042227
3474.0875572148
5941.2136708384
3170.0868332984
940.7174572770
811.0675410602
734.7562140640
692.4216652457
452.4086085139
453.8254065948
463.9394323555
483.0713869977
513.6373026937
560.5304435681
1707.0681048554
1908.7330079562
1054.6030186764
1544.6039406590
1786.8339759444
2973.3487948479
710.8470092499
697.6674278269
695.1458741551
710.1436224583
747.5936954455
813.2768618312
1492.7800516790
7518.5065336751
5301.7437897807
3793.4034128953
4974.0922188178
5761.8260040247
5211.6877956418
717.6582722091
597.3461669061
524.8811464536
483.1596543772
461.0835502469
394.5874818843
397.9827409982
417.0471218260
453.3097575686
509.4108589501
987.6168958401
4502.6848336384
2007.2692657432
2629.1168321549
2848.6536050562
4322.6483216559
1040.6023207179
2830.1180937144
4348.4991624929
6546.9246151482
4902.7356162457
3878.6353051597
5535.7338275482
3860.0432585404
4568.1080065703
637.8627547189
514.4049717526
444.1434730966
408.1259846140
371.7556671501
373.1356453870
388.3636350941
418.1797385205
465.9365268391
538.4641877990
4764.4205578674
4565.4657142479
1777.1177308161
4135.8992242761
3615.3679678143
3094.7023943439
6212.9249630038
4513.3248989026
4345.8615588860
3806.1622965955
4877.1934879570
4731.1381479823
6491.3390031855
719.0060376201
576.3429732595
478.9441466778
418.8787037547
385.6410492885
372.5115561260
374.4818320654
398.1490261620
447.5814305014
532.5280111523
4634.4907562586
5166.9788504177
2517.4567101842
2740.4332596245
4479.1158493988
4612.1515433835
2422.1546132123
5529.5453549691
7092.4864650178
677.7573788627
536.8258531859
445.0065366820
393.8353788052
397.4911919644
404.7651184889
455.2643225908
1167.4957866481
4043.6799745672
3664.2916825179
5071.3907895869
5786.2687860097
4309.2500083097
3353.0323624166
520.0933907415
432.7692150310
454.6532390942
490.9918949441
2979.9168005054
6873.9056163467
5413.0600387940
526.8507015815
559.7992072608
371.7556671501
7518.5065336751