359.3413497014
355.5537108815
358.8332004536
368.1561250419
383.7357661757
406.6396832932
581.5059274747
467.7119647456
474.2736234369
487.8415296107
555.7683539740
454.6723020965
445.3434990391
437.9064600973
437.7475954387
448.2205645468
472.5721835045
515.5023777864
584.3780444477
985.2456321257
2024.3867060749
2225.5630108456
1651.5205209062
2005.7116328044
3929.3037074320
2059.7191825137
527.8519157029
447.2074248060
399.4724803756
372.5760542074
236.5795203316
237.2383361633
242.5661446857
252.7118081763
268.9465615377
293.8284760526
897.6458492299
1016.7360718047
573.2343804007
817.0182562129
961.5572907068
1570.4164680338
369.5956325199
362.2871873751
360.8577051986
368.7957662483
388.6895492359
423.7120338171
776.3545240703
3913.6208655480
2778.7360215149
1984.3530018228
2609.0426446699
2983.8802903392
2774.8482423018
380.4684080241
315.5157561668
276.1446659620
253.4229700366
241.3686740300
208.6918508358
210.9400045582
222.0004230475
242.5166255779
272.7793834052
517.5951006998
2319.8678781087
1045.5441638406
1358.1894002607
1471.8933129939
2227.4836434510
1505.6131349120
1453.7270870318
2230.8871698272
3361.2933102198
2522.4669003825
2000.8096759312
2849.3125335869
1988.9206814471
2357.0743811069
338.8329372221
273.0373371103
235.2392521865
215.8348015778
197.5881930919
198.6978444567
207.3566890956
223.6919026233
248.8931469588
286.0269226112
2443.7827871478
2341.7625371104
917.0711661186
2120.6913505426
1854.5638375312
1588.2125851601
3181.2677011378
2313.9534302498
2229.6970636097
1955.8493543939
2503.9865815522
2431.0614921771
3329.0100990417
380.1084028022
305.7373311212
254.4054018853
222.4941310580
204.8186758734
198.0205716091
199.3249838248
212.0307416971
237.7866798222
281.2093424729
2378.5857459831
2648.6767060924
1294.4246308533
1407.8436203714
2297.5184926241
2366.9540392100
1247.7570719553
2839.2985368091
3637.2719799083
357.0524900845
284.0679030230
236.0604390500
209.1473252212
210.7205864842
214.5854933295
240.6590600274
604.9015576180
2077.9740671153
1882.3116472065
2603.8856081415
2971.4108722912
2215.3095760982
1725.9004676217
274.4428869228
229.0890581495
239.8989451907
258.4648258238
1533.4926618519
3530.9482801759
2782.6037282125
277.2078093293
293.7005808206
197.5881930919
3929.3037074320