39.1434276030
38.4048047707
38.5724722746
39.4894782145
41.1580437517
43.6977271837
68.8972369800
52.1091505760
51.3090819446
54.6079306795
63.1740499186
48.4501685811
47.3075011462
46.4519287591
46.4802827008
47.7718300862
50.7273196724
55.9624200334
64.4772837500
111.9678303592
262.4745836720
314.2635311681
228.1902394076
247.4386040670
668.0432324838
294.9589802360
62.7725630942
51.5991797040
44.9442082564
41.1262854850
24.7532608312
24.8043581677
25.3750697577
26.4769703278
28.2467809473
30.9567769173
97.1517249025
112.2806270592
64.2424172275
88.8392260587
107.2884859818
171.7564015324
38.2983167336
37.3984014095
37.1926267054
38.0371279492
40.2115502250
44.0904657825
81.5148296412
417.4544474970
299.8956110660
213.0407508034
282.4880032972
314.0908700160
308.7411653455
41.1515307738
33.8075031488
29.3087181974
26.7034060836
25.3155477960
22.3615009810
22.7014628336
24.1087756930
26.6205177912
30.0366271817
55.0100863721
240.2576965738
111.2147789185
141.3111252714
153.4728323279
231.1488716531
949.4046202108
147.7465825548
226.3309722436
343.7647592500
258.5518700308
206.3625025019
292.4277919897
202.7196102566
244.7658431314
36.7590228358
29.5332662526
25.3066520516
23.1309040006
21.3729072728
21.5744827601
22.6393937483
24.5255311430
27.2358499795
30.9794159993
244.3111439111
235.9939027244
94.0083640706
212.7880012181
186.5636983295
159.8196014555
318.0858325455
231.5738006478
222.7796921271
195.9249369089
250.9919242835
242.1327564840
333.5507106894
40.7261878827
32.9939274578
27.5175438632
24.0523797264
22.1277410835
21.3998620615
21.5964032365
22.9987391482
25.6699068368
29.9696819909
233.9885369232
261.4827669662
128.4574918223
139.8099060824
226.3413541703
232.9293446142
124.4121464792
278.6914182461
357.6359455774
37.8088492202
30.4045266465
25.4052678701
22.5591820324
22.6006302263
23.0128703813
25.6353626912
61.0526005244
203.0314123588
184.6033034243
253.9675687301
289.3310349868
216.6949075046
169.3987858910
29.1112096520
24.4905422479
25.4088895414
27.2095170723
150.1488571730
341.8962768159
270.0436307206
29.1427291638
30.6200073264
21.3729072728
949.4046202108