757.3918415142
753.3064592968
762.5239023323
783.4261709707
816.7167434715
864.6068661448
1155.0219118327
981.7801852050
1003.7064887878
1019.4814962338
1140.4410594964
971.9029406984
953.6975900068
938.3808510469
937.3242378149
957.5233607046
1005.3090934543
1089.3774875676
1222.8778283974
2022.6058476036
3785.0233418471
4013.0801523045
2948.8187455338
3832.3859342797
6470.6985739434
3445.9769329268
1050.4913263022
908.5586990992
825.0738788513
778.8686025017
511.0477202382
512.6547230564
524.0135673417
545.4917551540
579.8008004181
632.4280252729
1913.7238837159
2132.9914567580
1178.1890377107
1730.8801166028
1994.5722606190
3325.9907607756
803.3935950113
788.9831933279
786.3679483628
803.3119616103
845.3626521858
918.9281315443
1682.8619411692
8443.9767375689
5944.6567722400
4258.6375952074
5575.0955649183
6487.5830123917
5814.3242019315
807.7204072395
673.1242570722
592.0915159827
545.4335739353
520.7433557423
444.9631718498
448.6508907458
469.8167935899
510.2380257387
573.2006063718
1113.9456133543
5083.7969690394
2258.0062889553
2966.9938841300
3212.8194177852
4877.4552261871
1061.5799221192
3205.1039403489
4925.1450375687
7404.1865838961
5544.3039928505
4383.2635758135
6259.6969879755
4371.9132929452
5156.1376325107
717.9817351318
579.3478257904
500.5683087867
460.1886428263
418.9720359186
420.4237751324
437.4115904928
470.8629073679
524.7509538292
606.9874470743
5410.8749574838
5177.8981628730
2011.6487444159
4693.5935877419
4101.3182769930
3510.6719496372
7052.8351637249
5123.7084410387
4935.5691700827
4321.6575255504
5536.3594379310
5376.8593078293
7368.3582067861
810.6238657499
649.3713513290
539.5877594531
472.0076142431
434.6286013624
419.9540340772
422.1247768127
448.8138230118
504.8143104312
601.3913704054
5276.9402472493
5878.8931970407
2863.3588001431
3116.1685560279
5097.9981185226
5250.6814093922
2753.3723207538
6297.7842271673
8074.6867592749
765.4077523622
605.5899358170
501.7733974318
444.0247213038
448.5314558090
456.8057981797
514.2029259856
1326.0979140763
4609.2945389179
4174.4616913030
5781.4097746546
6597.6317000464
4911.3032540749
3820.1479000925
587.4397629170
488.4457986671
513.7594651536
555.2346421276
3396.2971270447
7844.0479684504
6175.7950651828
595.7604508295
633.6638136685
418.9720359186
8443.9767375689