0.0024187764
0.0023537128
0.0023531038
0.0024045065
0.0025068527
0.0026678507
0.0046049455
0.0032954365
0.0031573198
0.0034642183
0.0040820309
0.0029325037
0.0028525385
0.0027955218
0.0027993343
0.0028883880
0.0030904502
0.0034502870
0.0040425924
0.0072604804
0.0188259249
0.0238787884
0.0170091917
0.0172405749
0.0566650864
0.0225032149
0.0042004279
0.0033638910
0.0028638796
0.0025739775
0.0014686130
0.0014706062
0.0015055504
0.0015738783
0.0016840030
0.0018525724
0.0060238700
0.0071171766
0.0041168612
0.0055346086
0.0068642166
0.0107588880
0.0022495669
0.0021861044
0.0021695150
0.0022204534
0.0023560987
0.0026017244
0.0048779508
0.0255037332
0.0185529151
0.0130968040
0.0175301949
0.0188808459
0.0197577577
0.0025325198
0.0020590556
0.0017665211
0.0015966915
0.0015059514
0.0013601232
0.0013867155
0.0014858093
0.0016577902
0.0018769664
0.0033216553
0.0141536952
0.0067622460
0.0083715146
0.0091180376
0.0136683967
12.0805652796
0.0084965434
0.0129841265
0.0199398530
0.0150329174
0.0120874522
0.0170226548
0.0116765521
0.0144533952
0.0022678465
0.0018155411
0.0015464004
0.0014074866
0.0013122332
0.0013293845
0.0014024235
0.0015254251
0.0016910903
0.0019047349
0.0137185716
0.0134051823
0.0054562846
0.0120142575
0.0105652700
0.0090586075
0.0178827095
0.0130266644
0.0124927006
0.0110142560
0.0141356869
0.0135080734
0.0187870338
0.0024782447
0.0020227498
0.0016906446
0.0014765272
0.0013571827
0.0013121414
0.0013273719
0.0014149042
0.0015714913
0.0018102572
0.0128048131
0.0144113757
0.0071197670
0.0077608849
0.0124266963
0.0127668025
0.0069414017
0.0152149866
0.0195761271
0.0022690739
0.0018463094
0.0015516373
0.0013808018
0.0013742359
0.0013988269
0.0015467212
0.0034588756
0.0109958665
0.0100555527
0.0137225774
0.0156015625
0.0117544911
0.0092256425
0.0017492845
0.0014841982
0.0015234147
0.0016199838
0.0081518604
0.0182579305
0.0144561509
0.0017327653
0.0018025996
0.0013121414
12.0805652796