307.8685795120
307.7948281640
312.0587940192
320.2634673083
332.7347627432
350.2066434712
424.2132081380
390.9806840273
400.4248497236
404.8580190787
435.6689654996
396.0507608315
391.5159672265
387.4698090537
387.8138977245
395.0983606135
411.3914491312
439.0771379851
481.2720155266
722.9268909830
1174.6720733944
1209.9467552804
902.7965884717
1175.4823972497
1787.2335347912
941.3871442230
392.4125543862
350.8960090890
326.5740199979
313.4288841172
213.2667651458
213.8948488512
218.2023802039
226.3553281460
239.3607016738
259.2115029886
697.2352028335
746.9600840733
425.9845458420
632.6622098918
696.4259425131
1168.5809537241
335.2824597754
332.2484134130
332.7683283274
339.9922773919
356.0369751460
382.8689665735
669.1010611268
3121.4592906783
2157.6866561196
1577.8446226675
2006.3590481171
2492.7916972929
1959.2230027974
321.4698223213
272.5203883478
243.0162479706
225.9363884761
216.8464851330
182.8569579880
183.8579305624
191.2370809834
205.9026105866
230.1606912343
451.3803780174
2040.8503189766
862.9766920000
1186.5087957262
1271.3240585445
1935.2166876593
128.0365385621
1355.6181896147
2082.3203758260
3049.2277321842
2290.9629356571
1797.0023382473
2581.8935436374
1861.2714947507
2061.3293796357
287.0703576885
233.8770881089
204.0791678065
188.7955909012
171.5797056925
171.8408502090
178.1538835486
191.2592565202
213.5003206556
248.9901706167
2404.5006199190
2243.1770911195
850.7647614285
2056.3099531847
1785.1260886741
1530.3849764242
3099.9354806108
2259.8414643435
2195.0984491404
1920.7673731679
2446.2591001697
2431.6037587017
3242.1699469385
331.5977420249
263.9382857704
219.4338611160
192.6189262094
177.8818111126
173.0469703225
173.8512784282
185.0157155041
209.4156015491
253.0427745459
2463.6691713550
2700.7876172223
1315.9782313178
1422.4578454829
2361.6433759473
2444.3384442572
1256.3210861798
2960.0290110997
3755.1636400045
321.4878925600
250.9644768827
206.8846467003
182.9666800486
187.3105892527
191.2403301587
217.4178411061
602.0948815287
2202.8023597789
1972.4740300672
2764.9713219351
3169.1341610792
2342.4650775540
1815.5313753787
248.0899428007
204.4084560832
218.7412972857
238.7409465883
1623.5864263352
3825.3902868609
3003.3095443267
255.9296932040
276.1134375605
128.0365385621
3825.3902868609