395.8829064649
391.7347248680
395.4122092681
405.7853251095
423.0973801558
448.5419310461
642.0708838423
515.8707900096
523.6793470091
537.9681508683
613.9583499699
501.5077252827
490.9489514202
482.5112280873
482.2083250712
493.7582313623
520.7672860406
568.4873970861
645.1844351321
1094.9515216574
2248.3837285753
2463.6961061924
1825.0817197598
2238.7822191466
4316.1413600969
2275.2961094144
582.2544577504
493.0159789474
440.2187164238
410.4895250391
260.6664787848
261.4073995414
267.3210808914
278.5715176271
296.5708682970
324.1692886492
999.2096318264
1134.3227560308
637.5573392117
909.1579752165
1072.6043319169
1752.4058499693
407.4151396434
399.0832515953
397.3505056612
406.0722816441
428.1176680675
467.0433498944
858.9824784707
4353.9902319200
3094.3280974198
2206.4844703770
2906.7895326855
3310.5406151568
3103.2291719917
420.3071664538
348.1882468491
304.5096540019
279.3187762169
265.9642106435
229.9775075298
232.4522395923
244.6608476061
267.3102512669
300.7480676077
571.2641924607
2565.8062790802
1160.0592728124
1502.4355775949
1629.6563091806
2466.0872208874
1428.6010773864
1601.5813351512
2457.8446562254
3710.8963824327
2783.9979088449
2209.1766994656
3144.8086408318
2189.5720321584
2607.5650821722
374.1089084098
301.2470636913
259.3813977345
237.8908082317
217.6979103523
218.9060251552
228.4417848219
246.4361528964
274.1905527782
315.0518764955
2681.1724014207
2574.8781221727
1009.8251183804
2329.5752150678
2038.3413379879
1745.3482517643
3494.0646219376
2540.7276817436
2446.2514830868
2145.7283471500
2748.6227060542
2663.1459237504
3655.6120646505
419.0926472516
337.1641107940
280.5039000529
245.2426351397
225.7002370337
218.0644489645
219.4730836276
233.4241717319
261.6949288779
309.2900874517
2598.7775839403
2897.9470132170
1416.1212070042
1541.1342612917
2511.8686335817
2586.6737447688
1365.7609200658
3100.4686255208
3975.2360222071
392.9488032541
312.8457921809
260.0170019353
230.3499497077
231.8612760133
236.0539828046
264.5816922238
662.1181952384
2265.7694384033
2054.3288538172
2839.1490850651
3238.4845123024
2415.8068648206
1882.4846828431
301.8509588270
252.0755546279
263.6639293927
283.8846204543
1671.8493541465
3842.6823843109
3028.7879270102
304.5321231147
322.3349747724
217.6979103523
4353.9902319200