0.6224711274
0.6092702195
0.6110704678
0.6251744842
0.6515196821
0.6920130515
1.1189967746
0.8358737305
0.8138077486
0.8762763359
1.0169767401
0.7654559929
0.7468414429
0.7331349209
0.7338376757
0.7550366728
0.8033052322
0.8888662392
1.0284400463
1.7967109582
4.3508584110
5.3638506639
3.8465751029
4.0476740624
12.0833652521
4.9876741243
1.0213765422
0.8332223415
0.7210097848
0.6563930251
0.3891996463
0.3898999303
0.3989059497
0.4163781787
0.4444753378
0.4874826602
1.5376956484
1.7857407673
1.0265627775
1.4079591276
1.7111071641
2.7244025232
0.6002769061
0.5856265343
0.5822010136
0.5955589456
0.6301354690
0.6919958423
1.2815089373
6.5820856281
4.7431533548
3.3662347970
4.4715319409
4.9382478025
4.9180175842
0.6530738784
0.5351940140
0.4627513731
0.4207466053
0.3983364599
0.3541727833
0.3599945552
0.3832829246
0.4244967653
0.4794540120
0.8690900211
3.7634765203
1.7548487164
2.2168221284
2.4079529758
3.6210216489
506.4051102173
2.3033555890
3.5259602183
5.3659325057
4.0387100097
3.2291997009
4.5700810599
3.1636282568
3.8363797268
0.5840742916
0.4689583308
0.4012677302
0.3663825543
0.3395250144
0.3430953014
0.3605998781
0.3911361214
0.4342101474
0.4926119849
3.7932758661
3.6715800422
1.4701651756
3.3067666227
2.9009960069
2.4852361603
4.9369960283
3.5954799831
3.4576239875
3.0433446143
3.8990577288
3.7557100301
5.1805895024
0.6450104620
0.5236530757
0.4370684142
0.3820032515
0.3513893076
0.3399364885
0.3433253740
0.3657717214
0.4077826515
0.4744573708
3.6170266761
4.0462063811
1.9909450586
2.1671180795
3.4999328191
3.6005464772
1.9306928354
4.3049810602
5.5271766704
0.5970081296
0.4815726128
0.4030453801
0.3581429346
0.3583026417
0.3648647556
0.4057276219
0.9512707893
3.1325206897
2.8510487028
3.9159075056
4.4592836848
3.3439731431
2.6167977971
0.4600122536
0.3878772279
0.4014348922
0.4291903339
2.3181810018
5.2608040324
4.1580223586
0.4594133878
0.4816076690
0.3395250144
506.4051102173