185.3811381540
186.0340446294
188.8362617453
193.6623251155
200.7274090858
210.4044320497
235.8567016524
232.0079322219
237.9292696757
239.6752353105
250.3589719331
238.9448149435
237.4168627334
235.8857469174
236.4030869577
240.3798765576
248.8450562298
262.7449407832
283.0110661191
393.4475148388
550.8581407546
547.7673318443
415.2589505758
544.2988286158
713.4992637862
367.0888496230
221.2697487217
203.2838574922
192.8112642962
187.3467704404
130.8514531434
131.2199931385
133.6825836782
138.3462894177
145.7775617783
157.0781172786
386.7896354719
399.9963069223
233.9377044224
351.6250485775
371.4355942152
628.1967990365
205.6519891942
205.0016774193
205.9717643871
210.4564969283
219.6711864610
234.5329637662
396.8043499156
1752.0001790324
1192.6326864068
887.0242611855
1101.3591124783
1441.6656092643
1012.8144667552
190.7290031343
163.7010699158
147.3992651012
137.9201757152
132.8516307185
111.0068384926
111.3887695428
115.2934671369
123.3479488512
137.3695801499
271.1617159498
1218.2152718389
497.2044788393
706.4386071750
751.3915689476
1145.8702020824
66.2428088110
838.0582720235
1286.6949441509
1852.0104737248
1394.5070953560
1087.9911714532
1569.6186958913
1154.8258983159
1226.7960001688
170.8571561197
140.1869118538
123.1986348922
114.4789276333
103.9183155885
103.9266435601
107.4617293528
115.1251923260
128.6405770570
150.8615253151
1530.7059734189
1407.0461936789
525.8350737639
1298.5319140154
1122.8507941900
963.7150833589
1961.1976829686
1432.5176520021
1398.2254669731
1222.7740107058
1552.2209144401
1562.5319779138
2052.3166997201
200.5260762330
158.9494488243
132.2280013179
116.3691468170
107.6907270785
105.2874989797
105.7284403564
112.5712890538
127.9377109228
156.0185945526
1609.0461368819
1750.5603514630
853.0797851979
919.1953126427
1537.0684697444
1594.6716662624
811.3982346756
1941.5973080491
2448.3866986829
198.0337401174
153.2489593945
125.9178626724
111.3249874495
115.0748770707
117.6723483383
134.6450577093
387.9128475258
1473.0570993341
1299.8671392031
1846.7478988661
2129.7597087574
1564.8521321419
1211.7194946955
153.5797782676
125.7646494005
136.2536159968
149.6730837067
1090.9035188122
2625.0725604203
2057.9119116659
160.4195913767
174.8218891884
66.2428088110
2625.0725604203