0.0043172834
0.0042109332
0.0042152730
0.0043094891
0.0044922658
0.0047771506
0.0080366201
0.0058511733
0.0056394447
0.0061433714
0.0071932862
0.0052650090
0.0051276274
0.0050283072
0.0050341375
0.0051882242
0.0055385977
0.0061615879
0.0071835557
0.0127603099
0.0322291864
0.0405250722
0.0289167047
0.0296951733
0.0946694825
0.0379574618
0.0073332489
0.0059147767
0.0050676406
0.0045777107
0.0026525085
0.0026565677
0.0027189867
0.0028406730
0.0030366328
0.0033366030
0.0107264534
0.0125779215
0.0072567963
0.0098345969
0.0121017017
0.0191253853
0.0040753147
0.0039664258
0.0039388985
0.0040303643
0.0042716237
0.0047066114
0.0087856141
0.0456230874
0.0330667164
0.0233857049
0.0312403344
0.0339666234
0.0347872425
0.0045251892
0.0036905557
0.0031759595
0.0028773556
0.0027178984
0.0024393619
0.0024839935
0.0026547681
0.0029533831
0.0033408175
0.0059742740
0.0256216013
0.0121231736
0.0151296281
0.0164633995
0.0247161371
46.6154663748
0.0154996756
0.0237025712
0.0362895765
0.0273219077
0.0219154634
0.0309457058
0.0212999020
0.0261353120
0.0040502679
0.0032460053
0.0027697024
0.0025240133
0.0023474553
0.0023757455
0.0025025828
0.0027191257
0.0030162184
0.0034073176
0.0252198372
0.0245550922
0.0099270231
0.0220459276
0.0193783731
0.0166123803
0.0328653823
0.0239137952
0.0229778300
0.0202591616
0.0259512862
0.0248697701
0.0345299970
0.0044444464
0.0036196746
0.0030235709
0.0026413525
0.0024285329
0.0023483532
0.0023740902
0.0025301415
0.0028144136
0.0032550127
0.0237169167
0.0266395538
0.0131371660
0.0143134980
0.0229932716
0.0236345572
0.0127773958
0.0281847447
0.0362591629
0.0040858764
0.0033132691
0.0027799103
0.0024723875
0.0024654781
0.0025100097
0.0027815746
0.0063378734
0.0204137640
0.0186414013
0.0255018695
0.0289988078
0.0218082456
0.0171041544
0.0031488123
0.0026651788
0.0027442641
0.0029243699
0.0151231562
0.0340394038
0.0269419707
0.0031287776
0.0032644960
0.0023474553
46.6154663748