48.0087845077
47.1141069820
47.3264845709
48.4549639935
50.5030278348
53.6172810317
84.3209987215
63.8658700165
62.9467370592
66.9268992762
77.3959633308
59.4627113805
58.0644241599
57.0156089959
57.0482602607
58.6271599848
62.2423461410
68.6457056964
79.0577670555
137.2026984801
320.5571109563
382.8938083924
278.2770202161
302.6169059271
809.3474080668
359.4259602384
76.8123647421
63.1884104510
55.0750499612
50.4223563813
30.3939473366
30.4574233177
31.1579212936
32.5098068776
34.6808861653
38.0054659506
119.2212565733
137.7165853108
78.7544927912
109.0028469320
131.5575986927
210.7247351866
47.0402631514
45.9388859382
45.6874858282
46.7237071893
49.3907121575
54.1472402129
100.0965660349
512.4746704821
368.0710600068
261.4910538736
346.6570564272
385.7029242716
378.6312566317
50.4849901312
41.4849141680
35.9734306702
32.7820374329
31.0822157961
27.4377397681
27.8513787082
29.5703720416
32.6412507824
36.8266034843
67.5166993423
295.1413403101
136.5222103960
173.5620848929
188.5062370887
283.9346614413
1028.0629105323
181.5711068252
278.1519564880
422.4342865066
317.6845963381
253.5227627091
359.3113042397
249.1165679644
300.6631298748
45.0908096816
36.2293029082
31.0485062769
28.3818131335
26.2171010719
26.4614330053
27.7631277878
30.0723776642
33.3970675331
37.9977660182
300.3447591874
290.0575201936
115.4945549154
261.5854331150
229.3298485902
196.4419774542
391.0680875245
284.6795643775
273.8712206046
240.8578906596
308.5447924227
297.6864177792
410.0306034195
49.9723275704
40.4763545833
33.7554533861
29.5048566976
27.1441287181
26.2502061468
26.4891708131
28.2080116707
31.4878712281
36.7746946315
287.7634637219
321.5728897898
157.9390919918
171.9058777578
278.3472438085
286.4438512173
152.9571209113
342.7392784406
439.8291406895
46.4051858147
37.3065442325
31.1675423265
27.6739815316
27.7282588685
28.2337507346
31.4565322216
75.0262277788
249.7114070474
227.0299360808
312.3731234618
355.9145781213
266.4946096759
208.3066000060
35.7271273723
30.0498948703
31.1837118676
33.3986031113
184.6572311234
420.6000714605
332.1821927596
35.7735401388
37.5947556790
26.2171010719
1028.0629105323