0.0002584323
0.0002514598
0.0002513803
0.0002568616
0.0002677883
0.0002849836
0.0004922183
0.0003520656
0.0003372650
0.0003701282
0.0004361719
0.0003132575
0.0003047084
0.0002986104
0.0002990180
0.0003085385
0.0003301430
0.0003686202
0.0004319620
0.0007755378
0.0020132599
0.0025558564
0.0018212778
0.0018431697
0.0060669197
0.0024090496
0.0004490742
0.0003595691
0.0003060685
0.0002750457
0.0001568477
0.0001570577
0.0001607878
0.0001680836
0.0001798433
0.0001978447
0.0006434707
0.0007605304
0.0004399573
0.0005909579
0.0007331745
0.0011532818
0.0002402183
0.0002334280
0.0002316475
0.0002370761
0.0002515555
0.0002777838
0.0005202216
0.0027225573
0.0019810004
0.0013976789
0.0018723593
0.0020145525
0.0021127928
0.0002705315
0.0002199445
0.0001886858
0.0001705375
0.0001608397
0.0001452937
0.0001481388
0.0001587341
0.0001771180
0.0002005307
0.0003546205
0.0015094752
0.0007216448
0.0008927012
0.0009725935
0.0014573027
1.5287963486
0.0009060134
0.0013843211
0.0021268833
0.0016026381
0.0012891572
0.0018156009
0.0012454366
0.0015417988
0.0002422614
0.0001939497
0.0001651956
0.0001503532
0.0001401958
0.0001420321
0.0001498408
0.0001629848
0.0001806751
0.0002034680
0.0014617234
0.0014296485
0.0005818847
0.0012813113
0.0011270420
0.0009663405
0.0019060473
0.0013902296
0.0013329481
0.0011758399
0.0015080836
0.0014413445
0.0020021895
0.0002647098
0.0002160834
0.0001806167
0.0001577451
0.0001449960
0.0001401968
0.0001418268
0.0001511797
0.0001679014
0.0001933867
0.0013684052
0.0015384966
0.0007606417
0.0008286064
0.0013275463
0.0013633085
0.0007413765
0.0016250428
0.0020908106
0.0002424001
0.0001972513
0.0001657786
0.0001475302
0.0001468431
0.0001494716
0.0001652715
0.0003696704
0.0011760606
0.0010749706
0.0014677936
0.0016682972
0.0012564944
0.0009869114
0.0001869146
0.0001585911
0.0001628047
0.0001731288
0.0008722156
0.0019570363
0.0015511096
0.0001851877
0.0001926827
0.0001401958
1.5287963486