0.0055844992
0.0054446622
0.0054490393
0.0055703871
0.0058068738
0.0061760800
0.0104371056
0.0075776300
0.0072939690
0.0079575273
0.0093283571
0.0068038144
0.0066247451
0.0064955643
0.0065032326
0.0067036451
0.0071593320
0.0079698978
0.0093004474
0.0165499816
0.0420205328
0.0529255014
0.0377289460
0.0386491459
0.1240202483
0.0495800980
0.0095241508
0.0076718290
0.0065654192
0.0059252430
0.0034239266
0.0034290533
0.0035098002
0.0036673109
0.0039210075
0.0043093721
0.0138868041
0.0163040376
0.0094081173
0.0127391172
0.0156906793
0.0247745721
0.0052580629
0.0051160181
0.0050797845
0.0051978791
0.0055101959
0.0060738717
0.0113457681
0.0590214915
0.0427923693
0.0302605058
0.0404097462
0.0438980239
0.0451385513
0.0058534468
0.0047708927
0.0041032184
0.0037157641
0.0035088395
0.0031527574
0.0032111546
0.0034335416
0.0038218851
0.0043241010
0.0077199519
0.0330913619
0.0156774115
0.0195405147
0.0212648605
0.0319067422
52.7276233819
0.0199700537
0.0305497327
0.0467956710
0.0352437412
0.0282826197
0.0399051157
0.0274439039
0.0338041254
0.0052394883
0.0041980250
0.0035807312
0.0032622802
0.0030353067
0.0030724370
0.0032373567
0.0035182227
0.0039022807
0.0044060076
0.0324483969
0.0316159689
0.0127970139
0.0283774986
0.0249518841
0.0213742469
0.0422804412
0.0307846155
0.0295411954
0.0260473515
0.0334165077
0.0319797737
0.0444203576
0.0057445561
0.0046804074
0.0039099628
0.0034154395
0.0031400260
0.0030361201
0.0030697374
0.0032716412
0.0036382400
0.0042047456
0.0304739235
0.0342380776
0.0168847998
0.0184068386
0.0295443363
0.0303539724
0.0164293453
0.0361909208
0.0465764045
0.0052765777
0.0042816276
0.0035934642
0.0031962469
0.0031859946
0.0032434185
0.0035928290
0.0081499265
0.0262023861
0.0239329100
0.0327206664
0.0371934981
0.0279987106
0.0219592728
0.0040664918
0.0034434954
0.0035434088
0.0037744228
0.0194116907
0.0436466435
0.0345622771
0.0040380463
0.0042107196
0.0030353067
52.7276233819