0.8830254503
0.8655939136
0.8687064554
0.8887337948
0.9256386203
0.9820414261
1.5565447186
1.1805706988
1.1513715637
1.2363773730
1.4256552511
1.0879649422
1.0630975247
1.0447530901
1.0460445012
1.0754286778
1.1419050719
1.2592648720
1.4498759559
2.4950445854
5.9318492168
7.3070632991
5.2378810790
5.5163455851
16.4674799656
6.7376308027
1.4237292198
1.1684584641
1.0162552397
0.9287421922
0.5564720132
0.5574836567
0.5701235418
0.5946319797
0.6340246809
0.6942730984
2.1437547002
2.4747903930
1.4288771293
1.9640682117
2.3700395616
3.7769983165
0.8587084108
0.8394349976
0.8354249208
0.8545730991
0.9030963504
0.9892493875
1.8142427052
9.1935896497
6.6059650297
4.7037186297
6.2188386491
6.9430899580
6.7764457387
0.9237340800
0.7596998126
0.6589073369
0.6004236266
0.5691995015
0.5041142887
0.5119747207
0.5440943965
0.6012645866
0.6783935139
1.2333914236
5.3361797557
2.4654796938
3.1413744327
3.4054514686
5.1236081551
194.5513877582
3.3040222850
5.0575070379
7.6508463313
5.7627201903
4.5990069407
6.5173002876
4.5438100206
5.4346617582
0.8266709822
0.6649977755
0.5702023131
0.5213403174
0.4826951386
0.4874670193
0.5118196446
0.5547355950
0.6160628035
0.7003735670
5.5087738146
5.2969480467
2.1082109970
4.7849405979
4.1906812691
3.5914709567
7.1507178862
5.2121101473
5.0233672819
4.4204791461
5.6541144980
5.4812246336
7.5042620064
0.9172915252
0.7435718540
0.6206203767
0.5427876664
0.4995604175
0.4838862193
0.4885652169
0.5205404353
0.5811615645
0.6785679613
5.3299287071
5.9332685584
2.9194990657
3.1715130773
5.1455081844
5.3014961288
2.8248993486
6.3582883558
8.1354219278
0.8540613949
0.6866771694
0.5739618649
0.5098815037
0.5115993858
0.5212006466
0.5809442711
1.3890438713
4.6518801736
4.2178048450
5.8173713135
6.6346752066
4.9628965563
3.8786849653
0.6587964457
0.5541919649
0.5759123307
0.6172306639
3.4427480154
7.8696032219
6.2134592335
0.6606888667
0.6951511878
0.4826951386
194.5513877582