1.0716892152
1.0498359071
1.0534364790
1.0779697350
1.1233836494
1.1929507340
1.9115697304
1.4350023970
1.4019173523
1.5041562434
1.7426873960
1.3206722968
1.2890006347
1.2655569375
1.2666626765
1.3027548284
1.3850180348
1.5307631573
1.7682269939
3.0799308782
7.3780919052
9.0186567727
6.4909811837
6.8880433862
19.9687851014
8.4013649633
1.7441494726
1.4267123249
1.2374724447
1.1286303574
0.6727710592
0.6740365877
0.6895659011
0.7196489679
0.7680065662
0.8420297583
2.6478149096
3.0689166338
1.7620449760
2.4234760433
2.9379377712
4.6863133536
1.0387041178
1.0137952178
1.0080526429
1.0311052209
1.0905900241
1.1968617917
2.2139175073
11.3498664875
8.1693429596
5.8010256844
7.6987925092
8.5273774070
8.4445789172
1.1248294491
0.9227327072
0.7986556087
0.7267346296
0.6883792810
0.6106641898
0.6204396525
0.6599877994
0.7301785230
0.8243985250
1.4994925853
6.5101186760
3.0264833515
3.8326921645
4.1623306247
6.2625881762
270.7103689882
3.9936357103
6.1146776382
9.2960163145
6.9956045221
5.5895072838
7.9145267616
5.4839865930
6.6346139635
1.0056689709
0.8077277037
0.6915442399
0.6316884541
0.5848265475
0.5907605567
0.6205628540
0.6728227042
0.7470169331
0.8482815613
6.5905237501
6.3722919548
2.5464234659
5.7422769457
5.0361677344
4.3144340337
8.5772457686
6.2461005977
6.0082180869
5.2867996704
6.7725890688
6.5292982575
8.9983838881
1.1120742400
0.9021559124
0.7528105707
0.6580111066
0.6053267734
0.5855922281
0.5912802427
0.6298628191
0.7025250081
0.8184496373
6.2987506252
7.0418825703
3.4631228691
3.7690210653
6.0934971770
6.2697246221
3.3564448976
7.4994358754
9.6252278480
1.0306794525
0.8304156203
0.6945957464
0.6170703165
0.6177313195
0.6290518997
0.6999956854
1.6514257441
5.4608096971
4.9672645976
6.8279442453
7.7773665085
5.8287183434
4.5592946725
0.7940403515
0.6689524801
0.6930494015
0.7414591321
4.0402670497
9.1828024908
7.2559090620
0.7938119384
0.8329498063
0.5848265475
270.7103689882