632.5839067901
628.7229760925
636.2062812749
653.6149978674
681.5146151467
721.7743246592
974.8794735716
821.0552746208
838.9534454052
853.0200827827
957.9195732963
810.6955748308
795.0414040039
781.9625762224
781.0386307375
798.1476632591
838.6696888849
910.0875475558
1023.8169619234
1705.1726033869
3237.0861953091
3444.9189827492
2532.7857110549
3275.2181330272
5609.8090901585
2993.7952602836
885.6472426787
763.3050005173
691.2894099365
651.3271714070
425.3457498837
426.6771223550
436.1926615698
454.1933312393
482.9523334588
527.0741087833
1606.3245840430
1796.8192548124
992.8123213140
1453.5577648075
1682.2961054008
2798.6335352110
668.2849816279
655.8463457381
653.4518811952
667.5518610836
702.7864124615
764.6023103708
1403.8204132796
7073.2771711407
4988.7114723373
3569.0688185570
4681.0779985010
5419.2031433115
4907.2963784222
675.0237377409
561.7775347460
493.5649715119
454.2922470114
433.5120916783
371.0599513033
374.2667828725
392.2274291452
426.3745812666
479.1603582458
928.7050779643
4233.6793305795
1888.1283382884
2472.1615821259
2678.7887908389
4064.7302810259
988.7293615823
2660.1128361308
4087.0898876904
6154.5977507340
4608.7745006042
3646.3520350872
5203.9017285007
3628.0778669322
4295.3735603439
599.9610420640
483.8058592574
417.6886925649
383.7953085512
349.6139534330
350.9220853750
365.2604625110
393.3158647983
438.2219184708
506.3809878038
4476.6072645873
4290.4160173333
1670.4177596675
3886.4259993702
3397.4462425328
2908.0236162894
5837.6824745737
4240.8205820027
4083.2637584847
3576.3279447744
4582.5530009765
4444.7905150591
6099.5031057419
676.1510208452
542.0325654544
450.4365113849
393.9373642338
362.6714859358
350.3121266491
352.1701848768
374.4264375910
420.8863712031
500.6910575588
4353.2778781574
4853.7497637225
2364.9404985848
2574.4295751354
4207.3809027545
4332.1876623317
2275.5736037699
5193.6400643114
6661.7704141139
637.2312596190
504.7936087435
418.4771423835
370.3618634164
373.7620721309
380.5956207325
428.0398493180
1096.9175521230
3797.6904363803
3441.5369411272
4762.8047376890
5433.9786989448
4047.0897173184
3149.2596319774
488.9878780710
406.9230205354
427.4400716673
461.5637642599
2798.6958417363
6454.8260850731
5083.2817757829
495.2738666174
526.1851351619
349.6139534330
7073.2771711407