0.6064466801
0.5942808994
0.5964228605
0.6103430837
0.6360228706
0.6753070040
1.0775332640
0.8115585357
0.7932277777
0.8503557027
0.9842304091
0.7478788053
0.7301022714
0.7169208812
0.7175455141
0.7378677186
0.7841794840
0.8661930324
0.9997257955
1.7376453434
4.1439639118
5.0636419274
3.6414196942
3.8715183143
11.2267465596
4.7049352324
0.9834739123
0.8054439289
0.6993261367
0.6383196979
0.3813659445
0.3820893258
0.3908712810
0.4078781096
0.4352128703
0.4770537013
1.4963604547
1.7323250715
0.9944652843
1.3693612911
1.6577424681
2.6461548126
0.5889764893
0.5750129641
0.5718333538
0.5848989073
0.6185287465
0.6785506453
1.2538921669
6.4179962385
4.6168333434
3.2798546819
4.3500557997
4.8268516390
4.7636231782
0.6365110042
0.5224295661
0.4524061555
0.4118173012
0.3901713620
0.3458305970
0.3513025509
0.3735538794
0.4131005972
0.4663453585
0.8492424334
3.6894486536
1.7126509535
2.1717100248
2.3579148143
3.5482212776
209.5503001874
2.2666223100
3.4703360627
5.2724662658
3.9676366115
3.1690779722
4.4882776586
3.1122373356
3.7592920428
0.5690822738
0.4571806567
0.3915425899
0.3577277536
0.3310941726
0.3344054251
0.3512002300
0.3807195742
0.4227517964
0.4802899385
3.7458379302
3.6190892194
1.4448252552
3.2625911201
2.8607128593
2.4506913677
4.8739045722
3.5494845602
3.4148821575
3.0045228574
3.8483500925
3.7125412685
5.1130529870
0.6297466233
0.5107187976
0.4261508781
0.3725143216
0.3427103214
0.3315729435
0.3347664866
0.3566086375
0.3978537090
0.4638042534
3.5854462889
4.0067258411
1.9701714926
2.1438092527
3.4678542123
3.5684799713
1.9088237466
4.2698108967
5.4787286931
0.5841123914
0.4703665240
0.3933421004
0.3494155803
0.3499259838
0.3563574444
0.3966992120
0.9386866159
3.1106938456
2.8286686422
3.8898482091
4.4314047776
3.3200448450
2.5964791698
0.4500258080
0.3789886895
0.3928664762
0.4204625832
2.3013872731
5.2351217380
4.1359102584
0.4501524854
0.4725917815
0.3310941726
209.5503001874