1.3270849915
1.3015823074
1.3065385267
1.3366066199
1.3917547250
1.4758691674
2.3223374920
1.7712860854
1.7282289054
1.8546026854
2.1328436436
1.6359135721
1.5994632078
1.5725773844
1.5747305054
1.6185184763
1.7172752424
1.8913190743
2.1734964465
3.7174151558
8.7819538414
10.8174544278
7.7552067666
8.1601837072
24.3592386765
9.9405474512
2.1257287579
1.7485683095
1.5237006601
1.3944741224
0.8386855041
0.8402090675
0.8591130998
0.8957645064
0.9546639013
1.0447121356
3.1972874731
3.6826728937
2.1309018318
2.9304003468
3.5265852646
5.6204140997
1.2942009888
1.2661560928
1.2606558840
1.2895506973
1.3621284253
1.4905836234
2.7222254096
13.7172095265
9.8462498508
7.0205684334
9.2649321764
10.3861440634
10.0597548646
1.3863550712
1.1417913198
0.9915038346
0.9042698882
0.8576790630
0.7585759909
0.7701772479
0.8179496054
0.9031502324
1.0185435028
1.8528660758
8.0082801205
3.6877639943
4.7137603431
5.1060169509
7.6828456960
186.8402728892
4.9816608066
7.6246905695
11.5064710996
8.6704644586
6.9149980021
9.8031490153
6.8551989900
8.1534308139
1.2410884075
0.9991650584
0.8574521625
0.7843975966
0.7260847643
0.7331035173
0.7694454007
0.8337189156
0.9259796039
1.0534258207
8.3478471447
8.0047225601
3.1789033430
7.2401574489
6.3369614094
5.4316514315
10.8237177424
7.8927518644
7.6141072444
6.7004967595
8.5638391047
8.3257045966
11.3598287529
1.3797514853
1.1178554547
0.9330574533
0.8162739188
0.7514389455
0.7282804841
0.7352507583
0.7833932055
0.8750830246
1.0230729568
8.1297194776
9.0290577247
4.4439451949
4.8231082553
7.8400972392
8.0838056537
4.2964393890
9.7090463557
12.4022063370
1.2878202397
1.0341229285
0.8639608765
0.7674380011
0.7709629348
0.7855739365
0.8764216092
2.1115390945
7.1219119081
6.4456930432
8.9070069577
10.1658816295
7.5963097593
5.9340917181
0.9939442377
0.8353567574
0.8695579903
0.9328429253
5.2717641741
12.0891906021
9.5410617775
0.9985332784
1.0521970211
0.7260847643
186.8402728892