14.7023780259
14.4339181397
14.4979695155
14.8371897977
15.4523072488
16.3865925198
25.5314977804
19.5532203987
19.1845205719
20.4712929308
23.5285259316
18.1818906560
17.7785807069
17.4781628255
17.4976305102
17.9765717135
19.0613348416
20.9739009555
24.0721561860
41.1567659069
95.8277131635
116.2392650072
83.8871649058
89.6833109825
254.0665890818
107.4868140711
23.3426990822
19.2572745865
16.8231524027
15.4268320418
9.3329884260
9.3512331322
9.5620490128
9.9697712448
10.6246482446
11.6262792588
35.6537182602
40.9964207411
23.6290332683
32.6442602222
39.1958249899
62.6686883386
14.4271409781
14.1154681658
14.0533656749
14.3736598348
15.1797807066
16.6066766640
30.3755764564
153.2965048675
109.8971087453
78.3458304611
103.3910147077
116.1088678938
112.0397585061
15.3865264836
12.6793686698
11.0187271180
10.0556327409
9.5417651755
8.4159500741
8.5405284079
9.0613554672
9.9936193649
11.2672313128
20.6087346406
89.5552043164
41.1401787228
52.6698250063
57.0714688289
85.9464123931
494.7293319803
55.7048434965
85.2932328094
128.7699038507
96.9650887154
77.2846420774
109.6255899065
76.5787918658
91.1641990471
13.7627857808
11.0790196802
9.5106489233
8.7027055463
8.0441390789
8.1182535637
8.5152703072
9.2219047014
10.2439121107
11.6659083677
93.2610178052
89.4853577831
35.4811535847
80.9250488447
70.8342846053
60.7040814455
121.0334559294
88.2167702029
85.0645478874
74.8203304097
95.6736705101
92.9191924505
126.9715872605
15.3113926799
12.3944358369
10.3409158446
9.0455732547
8.3266848040
8.0660834372
8.1404105313
8.6714464911
9.6897040613
11.3412252274
90.6487193393
100.7848641961
49.5469961607
53.8064282662
87.4683711377
90.1547364311
47.8938339109
108.2164081963
138.3654217632
14.2939888084
11.4672516114
9.5745627082
8.5021590106
8.5416650757
8.7024200561
9.7130718540
23.4931562326
79.2895028677
71.8093023699
99.1903353054
113.1812720227
84.5717820435
66.0474633670
11.0238760804
9.2586347930
9.6410308900
10.3459359901
58.6596516207
134.4704990409
106.1161842841
11.0776053894
11.6767762886
8.0441390789
494.7293319803