0.7409125354
0.7260497208
0.7286686653
0.7456790673
0.7770585133
0.8250614450
1.3165392574
0.9911506830
0.9691601274
1.0385880666
1.2022705588
0.9137290846
0.8920016276
0.8758881349
0.8766458977
0.9014738447
0.9580599444
1.0582720758
1.2214392553
2.1233391416
5.0618428408
6.1786469676
4.4473394397
4.7312075168
13.6592461550
5.7498573024
1.2015572881
0.9840440282
0.8543908513
0.7798540497
0.4659066435
0.4667931718
0.4775250424
0.4983060093
0.5317064766
0.5828331693
1.8285827311
2.1170143183
1.2151677143
1.6733760107
2.0258045162
3.2339140251
0.7195748561
0.7025036283
0.6986114888
0.7145708613
0.7556588848
0.8289971569
1.5320207790
7.8435186978
5.6418880220
4.0078335137
5.3159997244
5.8983264991
5.8218744133
0.7776055340
0.6382299095
0.5526858582
0.5031025473
0.4766612275
0.4224577689
0.4291390902
0.4563125068
0.5046082400
0.5696379294
1.0374855208
4.5080059778
2.0926556571
2.6534941448
2.8810780202
4.3356362707
228.6500519575
2.7692000386
4.2401029471
6.4422208511
4.8475280132
3.8719968641
5.4840690924
3.8024691773
4.5934611091
0.6951914104
0.5584818565
0.4782976487
0.4369910264
0.4044367831
0.4084776655
0.4289857054
0.4650341222
0.5163669142
0.5866426220
4.5760173634
4.4214599770
1.7651952739
3.9856576480
3.4949021399
2.9941229153
5.9545379329
4.3361683873
4.1717879241
3.6703726057
4.7015225259
4.5352163383
6.2464768239
0.7692865696
0.6238719807
0.5205589669
0.4550359911
0.4186279690
0.4050119360
0.4089081434
0.4355810899
0.4859536362
0.5665057855
4.3795604744
4.8944950520
2.4064827153
2.6186948084
4.2360511094
4.3591005306
2.3316659408
5.2154681753
6.6921596746
0.7135156037
0.5745638452
0.4804703216
0.4268098483
0.4274249105
0.4352754792
0.4845459470
1.1465155170
3.7995323220
3.4548187661
4.7512741597
5.4124574160
4.0552433606
3.1713200824
0.5497055697
0.4629290672
0.4798729446
0.5135751741
2.8109136061
6.3938930981
5.0514466506
0.5498512185
0.5772529795
0.4044367831
228.6500519575