0.8565367224
0.8392531307
0.8422292343
0.8618776147
0.8981670512
0.9537078360
1.5242004677
1.1460760437
1.1204815241
1.2010620486
1.3909537811
1.0560564748
1.0308571066
1.0121810041
1.0130560396
1.0418119899
1.1073559498
1.2234522843
1.4125329354
2.4576215727
5.8682531862
7.1637635167
5.1576062621
5.4839703269
15.8267499243
6.6728137112
1.3908690009
1.1385867367
0.9882020712
0.9017333102
0.5382768150
0.5392985399
0.5517091945
0.5757431982
0.6143735543
0.6735067774
2.1151460279
2.4499020115
1.4063969446
1.9357272279
2.3446372883
3.7418649982
0.8312548207
0.8114469311
0.8069093201
0.8253489719
0.8728676358
0.9577152111
1.7706436378
9.0703112724
6.5258954801
4.6351520381
6.1493219930
6.8182522041
6.7388365055
0.8989752749
0.7376966898
0.6387015979
0.5813221147
0.5507235767
0.4882474738
0.4960020709
0.5274822644
0.5834045159
0.6586213134
1.1989993557
5.2086910182
2.4193518872
3.0661127724
3.3294940526
5.0099600503
248.2258181160
3.1978628223
4.8964634600
7.4414427815
5.5993580107
4.4731666042
6.3349163701
4.3910082452
5.3077795047
0.8036930139
0.6455884190
0.5528326822
0.5050494253
0.4674727374
0.4721677386
0.4959117048
0.5376129897
0.5969321168
0.6780533492
5.2815985693
5.1044688800
2.0385715213
4.6008919815
4.0346503152
3.4563107622
6.8729805739
5.0049994268
4.8149152483
4.2365234597
5.4266221975
5.2337310533
7.2098435543
0.8891098999
0.7211279324
0.6017206252
0.5259667143
0.4838713148
0.4681131097
0.4726295842
0.5034595184
0.5616263562
0.6545657582
5.0518205185
5.6466935839
2.7764916460
3.0215715818
4.8866677080
5.0285280643
2.6905299848
6.0156544263
7.7199593151
0.8244111683
0.6639948706
0.5553039905
0.4932980690
0.4939363625
0.5029978930
0.5598540481
1.3233065448
4.3815756288
3.9848066914
5.4789916691
6.2412615687
4.6766286360
3.6577172034
0.6351284048
0.5349413986
0.5544015070
0.5932564330
3.2416668966
7.3716208455
5.8241353205
0.6351613988
0.6666853488
0.4674727374
248.2258181160