286.8511218658
283.8098806875
286.3679094164
293.7104959184
305.9989115952
324.0659060573
461.7857787446
372.8182535988
377.4016221284
388.8702011743
441.2792779914
362.3964395599
355.2265369393
349.5232000234
349.5107610280
357.8425871325
377.0784069046
410.8913825734
465.0052351841
777.1031642664
1595.7532913118
1762.8411681502
1309.4798446671
1569.8489540680
3153.3852808576
1635.4551947927
420.5538096724
356.6097304531
318.7369296177
297.3796279022
188.8632075694
189.3745363206
193.5845105894
201.6115928252
214.4586473678
234.1363956113
706.8321814958
798.1368425411
451.6994347645
643.6329220412
754.9390954106
1232.5515552329
294.8865162666
289.3257071606
288.3383952305
294.6987367205
310.4562519265
338.0843649487
616.3442004896
3084.2346958458
2186.9161166179
1564.7953329385
2051.9599684250
2360.1638876337
2171.1864065646
302.6405547155
251.3328197665
220.1988673763
202.2150666458
192.6650721833
166.5327563189
168.3242493514
177.1233161856
193.4474716516
217.5095602352
412.2380981080
1842.7862045538
826.9468028210
1078.5471162331
1167.5654774722
1767.0239252503
1484.5570300872
1160.9475253960
1781.3286339211
2676.3181706489
2009.4974733100
1592.9404020600
2269.4844503532
1589.7826994731
1871.6389486009
269.6975204631
217.5346833861
187.5772316401
172.1951213366
157.6992568441
158.5937366978
165.5034424093
178.5412459930
198.6705517285
228.3745416633
1962.1461132636
1874.9641647257
732.6231824483
1699.9522260897
1485.5627576300
1272.4772342997
2550.7767210093
1856.2167685201
1790.3078124455
1570.4724757543
2009.2021838177
1955.8572481387
2669.7555847446
303.1231301842
243.7382623334
202.8605672215
177.4850984507
163.4396489300
158.1484290426
159.2128031890
169.3985168681
190.0646566656
224.9802704901
1920.6283423591
2134.5212765748
1043.4984166914
1133.9589199889
1853.3296221953
1910.4032105502
1005.0041996418
2294.3801338856
2935.3059859063
285.4444121354
226.8719741792
188.4814542577
167.0087848197
168.4798828439
171.6264753359
192.6383497897
487.1883400491
1682.5755653638
1522.1001393353
2108.5464485651
2407.2657766203
1793.3547011424
1396.6294904931
219.5717726828
183.1704467613
192.1160354968
207.1689672417
1241.7920250638
2865.5883303645
2257.5589742867
222.1385235984
235.6682637280
157.6992568441
3153.3852808576