735.8230196309
730.3907489401
738.6137710845
758.7033468146
791.2665391974
838.5135164090
1154.0542676530
956.8677032181
976.5518230791
995.0848607883
1124.4106549978
940.4888897989
921.5069201274
905.8389928076
904.7506577169
925.1368353825
973.4290728638
1058.7446141191
1195.1770363057
2010.9892919481
3912.3310134976
4192.1580557828
3087.2445146509
3948.5392286320
6952.3422509882
3717.4587758989
1046.8458742175
896.9134087984
808.5360128130
759.2748208672
491.6801781775
493.1975576214
504.2996887975
525.3239293930
558.9248946446
610.4838189418
1879.0388276919
2113.8698192478
1170.0730010504
1702.1841094546
1983.6346109848
3285.7931020457
771.5936322821
756.4517798928
753.3235947467
769.6312087428
810.7757859241
883.2545704224
1627.0577613256
8245.9561350006
5832.4758637899
4164.2785373823
5476.7252809138
6290.9719605111
5787.4551092232
785.3949911434
652.2657296605
571.9886163094
525.7674288601
501.3091748890
430.3974755231
434.3893719472
455.8514805596
496.3436345503
558.0949194717
1076.0683894942
4891.7452379792
2195.6051729250
2859.3089358792
3101.1792716413
4701.7461478432
1394.5054423250
3058.9067019232
4698.5383560717
7091.5643025882
5311.7580854746
4207.5805088603
5998.8222569696
4172.4768741107
4966.6150219367
698.0504330166
562.3877058296
484.9403789529
445.2282026362
406.0218350124
407.7469005103
424.7356982749
457.6097852713
509.6355693999
587.8512872506
5124.9380578898
4922.1707894779
1922.6197951633
4454.3133788737
3896.4568159205
3335.1002053525
6687.1111517402
4857.8720849906
4675.0671717128
4096.2449865311
5250.4693826765
5083.8842974898
6988.5903446486
784.5123581223
629.6565680350
523.3656057361
457.5841749846
421.1539213402
406.6473806854
408.9147462233
434.7560086303
488.2103127959
579.4040081419
4964.4706796890
5541.1014374386
2701.7623885624
2942.0889335979
4800.7645067679
4941.8490369453
2602.3925358684
5920.6601607649
7598.5577221799
737.2900193190
585.2077281229
485.5700989218
429.8464874293
433.1758840008
440.9987346104
495.2767426678
1256.5517565045
4324.0764364796
3921.9195814155
5421.7264037959
6183.9026602969
4609.3332532214
3588.9050480342
565.7114034882
471.4051420199
494.1624843444
532.9201726398
3187.6540461705
7336.6467934887
5780.1978791683
571.8614607640
606.4864359647
406.0218350124
8245.9561350006