0.0011159812
0.0010857683
0.0010853981
0.0011091019
0.0011563782
0.0012307924
0.0021287912
0.0015213784
0.0014570618
0.0015994694
0.0018856668
0.0013528075
0.0013156889
0.0012891965
0.0012908869
0.0013320483
0.0014255477
0.0015921399
0.0018664640
0.0033554421
0.0087193165
0.0110705419
0.0078828815
0.0079862952
0.0262792554
0.0104323655
0.0019416062
0.0015539839
0.0013222907
0.0011879384
0.0006770033
0.0006779114
0.0006940469
0.0007256064
0.0007764760
0.0008543491
0.0027846287
0.0032899117
0.0019034904
0.0025573657
0.0031741372
0.0049881871
0.0010369879
0.0010074598
0.0009996517
0.0010230796
0.0010857133
0.0011992606
0.0022497577
0.0117860449
0.0085777706
0.0060515053
0.0081096176
0.0087200963
0.0091316006
0.0011690041
0.0009500598
0.0008147762
0.0007362395
0.0006942762
0.0006273630
0.0006396882
0.0006855445
0.0007650863
0.0008663405
0.0015334254
0.0065312143
0.0031231664
0.0038626602
0.0042080421
0.0063036621
5.0548337677
0.0039122533
0.0059794568
0.0091942021
0.0069280690
0.0055713963
0.0078485593
0.0053799358
0.0066745318
0.0010468084
0.0008378303
0.0007134416
0.0006492389
0.0006053772
0.0006133355
0.0006471135
0.0007039380
0.0007803624
0.0008787510
0.0063084921
0.0061714827
0.0025135373
0.0055291727
0.0048662558
0.0041684611
0.0082266864
0.0059926366
0.0057476815
0.0050702450
0.0065045912
0.0062094100
0.0086461563
0.0011433259
0.0009333390
0.0007800846
0.0006812253
0.0006261169
0.0006052600
0.0006123114
0.0006526946
0.0007248197
0.0008346098
0.0058842810
0.0066223785
0.0032723551
0.0035685385
0.0057086495
0.0058623845
0.0031901282
0.0069815739
0.0089952831
0.0010460865
0.0008515096
0.0007157073
0.0006369212
0.0006336865
0.0006449999
0.0007130074
0.0015889733
0.0050437560
0.0046150219
0.0062935805
0.0071515815
0.0053913092
0.0042356833
0.0008063447
0.0006843386
0.0007020917
0.0007463865
0.0037392674
0.0083690244
0.0066326569
0.0007983398
0.0008301563
0.0006052600
5.0548337677