196.8520352520
197.5875699632
200.4877863197
205.4335779053
212.6396617324
222.4663597645
246.1226056202
244.4287211489
250.5503537645
252.6058017653
262.1946935928
252.7061594652
251.6101731562
250.4697946903
251.2788242951
255.4551967312
264.0082873002
277.7801340834
297.4671789730
400.0184747958
541.8552773305
537.2081136256
415.4129233907
529.2301619979
683.9000609623
360.7433731963
232.0849662663
214.4154351228
204.1043065279
198.7382597485
139.1939605750
139.5619612866
142.0924750110
146.8969056591
154.5486416931
166.1497784022
388.7932500879
397.9328882730
239.9466915926
355.8275932087
371.7186562099
621.5922923130
218.1811275389
218.0844724054
219.4801019781
224.3144683599
233.8249007398
248.8561872901
412.1021919780
1757.2360396399
1191.6135539635
894.0874138747
1095.7690711249
1467.2966316752
983.1335314903
200.3425227817
172.8434034389
156.1961724268
146.4796697310
141.2641956319
117.9223426587
118.2932426588
122.3188151162
130.6679107255
145.2711689326
284.5102000087
1260.7518396063
507.2037660485
731.5358623516
774.8062119115
1180.5553548969
64.5014022108
885.9654756710
1359.0480563879
1934.7887414895
1461.5185913780
1137.9903590784
1643.3780268835
1226.7752708935
1268.2629822295
179.9485778974
148.1569660901
130.5752594457
121.5386609079
110.4686665776
110.4688803807
114.1810096655
122.2717364225
136.6166503919
160.3290979452
1651.1694539516
1501.4320551410
557.3479558083
1392.3637321295
1200.9382766465
1031.6400927137
2104.1048994418
1540.4869007383
1509.3761688711
1321.1517718398
1671.7887044272
1700.6896070631
2204.6677608141
212.6765280095
168.4068951568
140.1951563095
123.5325609924
114.4299960318
112.1981016311
112.6913890162
120.0384066406
136.6039453008
167.0627118635
1772.9457027085
1914.4770994681
934.8843771664
1003.8434664720
1687.5808972876
1754.8651565870
887.5282396046
2143.5954576910
2692.3982706414
211.8667228778
163.4112422535
134.1312726896
118.5990060819
123.1065188121
125.9881793026
144.5095290749
424.6086802177
1623.8666388178
1435.5815287749
2039.6268554272
2353.1007158771
1724.5008328786
1333.9508247286
164.7047479940
134.5848966217
146.5130668305
161.3394393714
1203.5308599583
2914.9276131000
2284.1414966244
172.8652936876
189.0811393995
64.5014022108
2914.9276131000