150.8776238160
150.3346618791
152.2894543375
156.4615115143
163.0025835035
172.3355989824
223.4665212818
194.7598835109
199.3035537447
201.9972355929
223.4606593106
194.1246593770
190.8311416468
188.0076778430
187.8509102194
191.7264786222
200.8318965391
216.7486963578
241.7994662503
391.2670090390
703.6230778959
739.0035088304
543.0117824385
712.1999789998
1161.5494332787
614.0291180617
204.0270880102
178.1737054443
162.9948990751
154.6547462960
102.7141976081
103.0379296570
105.2738836730
109.4987948054
116.2448601117
126.5849699209
374.0346501381
412.5094135058
228.2421621697
338.0049683774
384.6799746936
644.9117595269
161.6554898251
159.0931671730
158.7371705796
162.1509948306
170.4310908356
184.7827066198
335.4392620453
1659.4042607973
1162.2519315466
836.3594553391
1088.1146465006
1286.1773116822
1116.9907284296
160.4088702746
134.2269630495
118.4776517030
109.4037028908
104.5987923789
88.9830081813
89.6396854502
93.6765983023
101.4795159714
113.8764222665
222.6688904239
1017.8252953047
446.5694089766
593.1501321603
640.8559659136
974.0417084767
149.8459384740
648.7487421738
997.1013183465
1490.9720377574
1116.5814569069
880.8870885585
1260.1873734736
885.4697676224
1031.1286566001
142.6731905672
115.3621364443
99.9125493819
91.9954345259
83.6545256127
83.8873506982
87.1792111452
93.7705534136
104.5682105115
121.2811366042
1106.4657796716
1053.4769140744
406.7813443357
957.1526647047
835.0773760029
715.0058837957
1439.5292954501
1046.1379224226
1009.2656969473
883.2843046507
1130.4771288199
1102.7498785154
1503.7471458143
161.9640201849
129.4949031087
107.5884085319
94.1815512655
86.7779927974
83.9500012096
84.3599870135
89.7072625671
101.0766551733
120.8949505133
1089.4459847359
1210.1476174381
589.0477753952
640.2709831016
1051.0125504822
1083.3628321828
565.3440866455
1301.5875385011
1666.0504264865
153.8324288563
121.2851042423
100.3476841690
88.7737958865
89.9443059734
91.6533999313
103.4345530792
271.6574586466
955.6289539174
863.6059300878
1198.9940954282
1369.4976474975
1017.7251784752
790.7742980118
118.1544671796
98.0104913638
103.5092141642
112.1406813296
703.9391378373
1632.9599078037
1284.7380526775
120.3022068400
128.3941723101
83.6545256127
1666.0504264865