9.6530487375
9.4683900425
9.5044955266
9.7226370060
10.1225816577
10.7324534504
16.8685573551
12.8438156169
12.5638109281
13.4565977179
15.4772510992
11.8972728649
11.6345971379
11.4411648878
11.4578301950
11.7758062195
12.4915875294
13.7520106387
15.7942833285
26.9583610057
63.5964929392
77.6797878689
56.1006522489
59.1453436514
171.9243891637
72.1977560599
15.4383180689
12.7064439956
11.0774508896
10.1412401665
6.1026234257
6.1138136379
6.2510730882
6.5171047935
6.9445623798
7.5979600324
23.1661841352
26.6756611435
15.4704401768
21.2447761826
25.5621326976
40.6934008730
9.4167153790
9.2153837632
9.1769546267
9.3873464726
9.9138488203
10.8445035229
19.7667505005
99.3576592214
71.3082332589
50.8648306013
67.0758877197
75.2915594320
72.7728567012
10.0702207713
8.2985405991
7.2097749570
6.5777505614
6.2401856545
5.5157027289
5.5997257095
5.9458555661
6.5631796881
7.3993450255
13.4566015403
58.1227864189
26.7270231491
34.2087362221
37.0478664033
55.7479069550
326.3174600036
36.2378801529
55.4599915624
83.6038365095
63.0151553369
50.2417870714
71.2382516228
49.8857457899
59.1770182639
9.0151910113
7.2601453937
6.2325518774
5.7029151384
5.2783179451
5.3290798679
5.5925462097
6.0587435210
6.7284390646
7.6545961781
60.8624541378
58.2816453650
23.1196424662
52.7477470852
46.1541844203
39.5653037771
78.8716526033
57.5264473747
55.5241544086
48.8623003689
62.4278808772
60.7707936252
82.7852849020
10.0300498395
8.1242365039
6.7811620985
5.9330674371
5.4624075498
5.2952260279
5.3457451354
5.6956422010
6.3628995067
7.4417551535
59.4445711648
65.9541031336
32.4648165413
35.2217088596
57.3024874767
59.1062138261
31.3786316453
71.0352814360
90.6702443266
9.3714016325
7.5210402436
6.2820426010
5.5799641306
5.6083372567
5.7149124209
6.3777885634
15.4169109074
52.1611008731
47.1720786867
65.2397137970
74.4834302646
55.6326859309
43.4501003970
7.2342764796
6.0774892417
6.3306277783
6.7938170213
38.6137495769
88.6687342886
69.9697671551
7.2728747119
7.6683649822
5.2783179451
326.3174600036