79.2670056955
79.5714933847
80.5170458808
82.0693811664
84.2728224773
87.1934842795
91.6253088070
93.8419120001
95.9896226906
97.2169615109
98.7167068470
98.6721656798
99.2415013464
99.7943290379
100.7101940830
102.3350763485
104.8799865372
108.3799199829
112.6394004848
126.7827124575
142.8882908148
141.2484581531
125.1129581183
132.8616559071
151.6151006469
103.8335227099
88.4408611551
83.8754771755
81.1426255942
79.7204614639
56.3875893838
56.4763228133
57.2957043986
58.8771516911
61.3770345966
65.0738959147
107.1750614057
105.5896258078
81.7503528130
105.4493225714
105.4369623689
152.2689661781
86.0389408827
87.2494571253
88.6336236172
90.7327833318
93.8810403880
98.1478473545
139.1192030567
443.7078566015
300.3001334762
241.0150633634
266.7906693237
409.1222721052
204.0055872372
75.5664364438
67.2191842248
61.9947749523
58.8496102595
57.1099796551
47.6843003248
47.7626236343
49.1305711025
52.0311195476
57.1438356556
102.1042477915
394.1353382072
149.2129191121
233.4961932914
240.5140654367
359.7262278712
18.6664424087
323.2855464970
490.1189287954
644.6114772836
502.7405688627
387.7465386500
559.0443352463
463.9802302218
394.6096590266
69.0831029085
58.1937072723
52.1511864416
48.9925912950
45.0550145019
45.0341354022
46.4354285194
49.5543619317
55.1731117692
64.6215870708
688.5510149996
581.1349893795
209.5281428246
558.0747355808
474.2862825984
410.2654371307
844.9072621612
630.5478662633
635.6083148687
562.0586662880
692.9421516934
759.7469738787
893.6930627957
84.9012433434
67.1646811787
56.2953024683
49.9951673854
46.5642578827
46.5724345320
46.8120817426
49.9339337459
57.0841011649
70.5943739708
859.0264566210
879.3626005073
439.3781048122
460.0534710475
798.8297634576
845.3939153539
413.9975097106
1065.4087655132
1285.2257295276
89.6207234654
67.9847847088
55.5587318298
49.1650598192
52.4272136117
53.8545503416
62.5179227128
201.2858500099
845.4338802956
725.0971586325
1059.1930195507
1234.2014968379
896.3868460732
691.8870123655
71.2206512577
57.4568097225
64.4820807305
71.9752941176
629.8024386063
1572.3018889687
1228.6728933837
77.1496861859
86.3325575261
18.6664424087
1572.3018889687