175.8934482037
173.5730374583
174.8860922412
179.2687315359
186.7921033824
197.9751994519
291.4260937994
230.2226940855
231.1386882569
240.6361525503
274.5467684353
220.8096493211
216.1840997049
212.5787032640
212.6135312875
217.9406070712
230.2022809748
251.8118352484
286.5863059694
484.8307700190
1043.1377485227
1180.8790266613
873.5427892201
1008.6748585390
2248.5700239871
1103.0851886988
265.4496602504
222.7989730684
197.4848994628
183.1179002516
114.3756968390
114.6635611280
117.2405571102
122.1730445619
130.0759819718
142.1789216814
434.4891223846
494.1672010872
280.5591854397
396.1222383495
468.8741970908
760.9290536612
178.0997027085
174.4905610690
173.7842867320
177.6515393196
187.3495278156
204.4473939003
374.3803646295
1887.0871173910
1343.4424189823
959.1008090413
1262.0875497556
1436.5745420155
1349.0555492262
185.3713782868
153.4265730200
133.9828640141
122.7425218751
116.7676926588
101.6066117905
102.8464232047
108.5448035299
118.9699846333
133.9152029034
251.0889372344
1114.5832308894
504.8839063989
653.2621424588
707.9151923636
1069.8723024654
1403.5385443552
697.0455664551
1069.0103536595
1611.4815189586
1210.5369223116
961.5820370266
1367.7815236556
955.0276951103
1133.1174430502
165.3151160334
133.1748769822
114.6095313782
105.0706582270
96.4920113870
97.1575271040
101.5730437920
109.7239179224
122.0136513890
139.7785923477
1170.2789128167
1121.9234988657
440.8923736678
1015.5192286645
888.3297386389
760.9220761161
1522.1238106872
1107.7773431408
1067.5936865048
937.1695664193
1199.5220519682
1164.4584493232
1593.9998016358
184.9741381958
149.0790947564
124.1547244827
108.5911585221
99.9687576746
96.7148633846
97.4430177522
103.7084452821
116.1680686720
136.9136268938
1137.9601834324
1266.8804942123
620.1694501227
674.2830596148
1098.9393453319
1132.2003865862
598.2823914755
1358.1920327238
1739.3519862754
173.4140769006
138.3265947484
115.1230217820
102.0755561248
102.7508836630
104.6569750487
117.1931856244
291.0458915354
994.0305027864
900.5911442556
1245.0310942782
1420.5386875408
1059.8899019369
826.3180790921
133.4266098543
111.5957304633
116.6510905245
125.5211734613
734.0339183625
1687.2917178190
1330.2508252514
134.5464306354
142.3177130748
96.4920113870
2248.5700239871