0.0015382606
0.0014965753
0.0014960546
0.0015287402
0.0015939409
0.0016965765
0.0029356326
0.0020973161
0.0020086070
0.0022050539
0.0026001457
0.0018647313
0.0018134898
0.0017769108
0.0017792140
0.0018359705
0.0019649315
0.0021947337
0.0025731766
0.0046278816
0.0120276818
0.0152721226
0.0108745534
0.0110162893
0.0362590007
0.0143910858
0.0026772222
0.0021424918
0.0018228698
0.0016375293
0.0009330283
0.0009342816
0.0009565328
0.0010000523
0.0010702002
0.0011775902
0.0038405959
0.0045383068
0.0026249156
0.0035273241
0.0043786111
0.0068802496
0.0014292182
0.0013884371
0.0013776252
0.0014099083
0.0014962790
0.0016528923
0.0031019422
0.0162569617
0.0118324381
0.0083472154
0.0111867376
0.0120275513
0.0125998411
0.0016115755
0.0013096054
0.0011230271
0.0010147163
0.0009568469
0.0008646911
0.0008816904
0.0009449265
0.0010546084
0.0011942173
0.0021140871
0.0090066233
0.0043073377
0.0053266634
0.0058033656
0.0086935251
5.9500724835
0.0053929544
0.0082444286
0.0126760900
0.0095520844
0.0076817717
0.0108221869
0.0074157540
0.0092054192
0.0014430809
0.0011549149
0.0009833867
0.0008948545
0.0008343941
0.0008453700
0.0008919423
0.0009702807
0.0010756203
0.0012112027
0.0086917422
0.0085053530
0.0034647597
0.0076192480
0.0067056197
0.0057440645
0.0113367035
0.0082567873
0.0079183048
0.0069853001
0.0089633570
0.0085523802
0.0119142569
0.0015759190
0.0012865121
0.0010752525
0.0009389621
0.0008629856
0.0008341868
0.0008439063
0.0008995585
0.0009989286
0.0011501411
0.0080997523
0.0091187768
0.0045061628
0.0049139496
0.0078601160
0.0080710868
0.0043931794
0.0096086689
0.0123832650
0.0014415588
0.0011735363
0.0009864077
0.0008778246
0.0008732685
0.0008888439
0.0009824904
0.0021880991
0.0069388704
0.0063516793
0.0086594341
0.0098375780
0.0074180687
0.0058264625
0.0011110998
0.0009430543
0.0009673691
0.0010283138
0.0051451562
0.0115082733
0.0091206903
0.0010998848
0.0011435551
0.0008341868
5.9500724835