14.9994710772
14.7130969016
14.7749599490
15.1244882120
15.7622421715
16.7339045432
26.4390870531
19.9983830467
19.6471124257
20.9508544361
24.2369491437
18.5497996646
18.1131505978
17.7870685627
17.7995503028
18.2958250418
19.4296636490
21.4373763859
24.7028935680
42.8618689380
100.7760169857
121.6141832716
87.8972195141
94.8435986160
262.3437553167
113.6049604341
24.0989179599
19.7974175597
17.2349707402
15.7642567441
9.4760663550
9.4951469703
9.7132327699
10.1346774939
10.8117115424
11.8482928674
37.1214345839
42.9049982756
24.5821634121
33.9546838586
41.0149045977
65.6061557317
14.6542528709
14.3110352129
14.2332330989
14.5569345142
15.3891255545
16.8731104488
31.1697735786
159.4512597036
114.5710360387
81.4082013175
107.9163034671
120.0177216343
117.9288390801
15.7599424295
12.9470805681
11.2230015386
10.2242371644
9.6919792340
8.5670855955
8.6980327229
9.2388886813
10.2037064468
11.5140329040
21.0601089148
91.8412490869
42.5204198532
54.0289302759
58.6636193264
88.3324182312
687.1727234801
56.5091513190
86.5487155970
131.4104355378
98.8541665636
78.9058267654
111.8134136880
77.5568386224
93.5618729084
14.0820553922
11.3151922709
9.6957461537
8.8618363823
8.1917108069
8.2697251248
8.6790691234
9.4033019582
10.4426980531
11.8765578940
93.5009420451
90.2845858443
35.9738780460
81.4197521554
71.3776177094
61.1457214604
121.6927983798
88.6068285218
85.2535304902
74.9860007844
96.0473660158
92.6996841295
127.6234649441
15.6016189961
12.6420669653
10.5452080700
9.2179191451
8.4806091093
8.2033104973
8.2793982949
8.8177088710
9.8417592585
11.4886331708
89.6199779403
100.1273931526
49.1984572885
53.5373008043
86.6754538203
89.2033664223
47.6451368561
106.7538007916
136.9625882584
14.4861681478
11.6513464986
9.7370262437
8.6470412347
8.6637349202
8.8223487787
9.8275038268
23.3921571281
77.7977928187
70.7192091871
97.3089659131
110.8729393480
83.0273763973
64.9057128769
11.1566975410
9.3872290902
9.7395973048
10.4298390534
57.5408382797
131.0486645360
103.5056411407
11.1694021167
11.7358524837
8.1917108069
687.1727234801