84.2941598620
84.6263036751
85.6883053788
87.4431174937
89.9490417994
93.2941254781
98.8434728182
100.8647983579
103.2162366264
104.4441182679
106.3589296668
105.7471031752
106.1525398614
106.5261441469
107.3675665339
109.1031901687
112.0037578363
116.1658858856
121.4603186953
141.6570052401
165.8008605686
163.6185041868
140.5788295246
155.1601994590
183.0563173108
116.8043032572
95.0048946882
89.6555792231
86.4777623274
84.8280271891
59.9094939289
60.0180749117
60.9359202375
62.7008302194
65.4978113411
69.6624500726
125.0197962097
123.6053848358
89.6898578853
120.3511765295
121.0078332814
183.1353842954
92.1146706914
93.1348518877
94.4214712503
96.6212554679
100.1344781112
105.0930210470
154.9783124975
536.4404834278
361.5308387644
284.9509409409
324.2519692541
482.5407899128
257.2525964907
81.5390809356
72.0390619932
66.1486324325
62.6318933739
60.7018596454
50.6409561386
50.7398188072
52.2503770671
55.4421352741
61.0743809410
112.2054809548
451.5436040298
172.4186388457
265.3305784405
275.1607147829
414.4036951903
21.9362142575
355.6280302107
541.1982602104
726.7317692908
561.2996159129
433.6864538232
626.4019840637
505.5952522948
452.5111639843
74.2357707569
62.1930020547
55.5293756429
52.0641212882
47.7281363502
47.7114686163
49.2237023883
52.5782833050
58.6123148843
68.7405282409
732.5562802754
630.1999262326
228.3400267057
599.5992350149
511.3353342758
441.4962456693
907.6303318697
673.7180114105
674.1536484390
594.2460490500
737.9392008994
793.5039657310
957.7458166334
90.4761323548
71.5353442406
59.8441993362
53.0491741228
49.3502190253
49.1207622431
49.3691236402
52.6549224111
60.1612815400
74.2730561106
879.1246078790
912.4993107408
452.8076324686
477.2718507132
822.2942068652
866.2175548510
427.2305214138
1082.9130279555
1320.5151188292
94.1953571974
71.6873162531
58.6264614317
51.8680665899
54.9598981457
56.4188692961
65.3423381356
206.6257044375
848.4148473964
733.8881520903
1063.6172387516
1235.3459499058
899.7214822271
694.5147140759
74.4069392488
60.1952714588
67.0765603374
74.6604794889
630.2263059181
1557.2008400165
1217.4333905301
79.9894196785
89.0352154999
21.9362142575
1557.2008400165