17.4136239690
17.0823637857
17.1548202127
17.5608464625
18.3011587549
19.4287484169
30.6681982069
23.2099347571
22.8089166021
24.3146332399
28.1213505088
21.5387640114
21.0326727320
20.6545433032
20.6689540720
21.2444259628
22.5592460747
24.8872363874
28.6731137435
49.7303324376
116.8026694776
140.8395174977
101.8425443764
109.9471783055
303.3955724189
131.5960032299
27.9565829185
22.9723933321
20.0033351898
18.2994129760
11.0050601753
11.0272880145
11.2804675239
11.7696725730
12.5555339949
13.7587315561
43.0880635815
49.7893880756
28.5230612147
39.4109322911
47.5907674387
76.1413092744
17.0202343699
16.6224910393
16.5325285932
16.9084247940
17.8743745074
19.5965641579
36.1948910185
185.1086350765
132.9886545846
94.5032900166
125.2618508530
139.3540789803
136.8367774023
18.2959117925
15.0321163649
13.0317984971
11.8730297249
11.2555185162
9.9470001551
10.0986613405
10.7257421954
11.8446829997
13.3652368860
24.4536984402
106.6634357841
49.3654422826
62.7444982646
68.1240702602
102.5841731668
728.3209617270
65.6463152445
100.5433649827
152.6452409735
114.8250091484
91.6481122189
129.8773560031
90.0949026873
108.6581820066
16.3476331658
13.1361862022
11.2568506712
10.2891471572
9.5102880104
9.6005559935
10.0752878638
10.9156203831
12.1223654668
13.7881106698
108.6476055631
104.8954380626
41.7865820652
94.6042622594
82.9312972812
71.0436778131
141.3998732154
102.9570898495
99.0665610250
87.1332444190
111.6029975266
107.7243689621
148.2921608572
18.1143580061
14.6770403541
12.2424122877
10.7016222469
9.8457543388
9.5239120996
9.6120530025
10.2369451619
11.4263907009
13.3402042344
104.1651217867
116.3698184194
57.1770088478
62.2179207107
100.7408098032
103.6803049470
55.3685214964
124.0854614456
159.1954015120
16.8218585632
13.5282961364
11.3049266453
10.0392236876
10.0593573345
10.2435880120
11.4115523878
27.1806730989
90.4382689256
82.2032680409
113.1204378191
128.8927725744
96.5136270110
75.4464945557
12.9554672013
10.8997500681
11.3102108992
12.1126570557
66.8879111630
152.3605610503
120.3370289863
12.9717054898
13.6309908980
9.5102880104
728.3209617270