0.0041378747
0.0040361275
0.0040404103
0.0041307945
0.0043060276
0.0045790906
0.0076987828
0.0056057039
0.0054052754
0.0058870056
0.0068946940
0.0050467147
0.0049149833
0.0048197677
0.0048253585
0.0049730358
0.0053088063
0.0059057789
0.0068849998
0.0122296824
0.0308760322
0.0387742122
0.0276784700
0.0284439597
0.0903564073
0.0363199939
0.0070259323
0.0056675585
0.0048563311
0.0043871999
0.0025428250
0.0025467301
0.0026065739
0.0027232282
0.0029110782
0.0031986297
0.0102802606
0.0120593514
0.0069551247
0.0094308290
0.0115982244
0.0183294717
0.0039067032
0.0038023506
0.0037760409
0.0038637969
0.0040951544
0.0045121831
0.0084180050
0.0437392390
0.0316970689
0.0224141510
0.0299412916
0.0325497549
0.0333718369
0.0043377699
0.0035377213
0.0030444961
0.0027583067
0.0026054857
0.0023380914
0.0023808306
0.0025444323
0.0028305318
0.0032018007
0.0057239154
0.0245652663
0.0116262455
0.0145033018
0.0157822352
0.0236768564
46.1834559765
0.0148496465
0.0227241115
0.0347839355
0.0262002264
0.0210139050
0.0296673327
0.0204195933
0.0251091617
0.0038822197
0.0031112475
0.0026547147
0.0024192357
0.0022498210
0.0022768945
0.0023984005
0.0026058818
0.0028906034
0.0032655034
0.0241767289
0.0235417691
0.0095189264
0.0211381454
0.0185803660
0.0158975929
0.0314816907
0.0229517398
0.0220324974
0.0194113904
0.0248770774
0.0238505695
0.0330955531
0.0042600437
0.0034693669
0.0028979273
0.0025315486
0.0023275531
0.0022506512
0.0022752812
0.0024248184
0.0026972980
0.0031197184
0.0227437829
0.0255449902
0.0125966787
0.0137291919
0.0220546341
0.0226609769
0.0122494907
0.0270326360
0.0347703323
0.0039164572
0.0031756960
0.0026643718
0.0023695686
0.0023629752
0.0024056413
0.0026659950
0.0060745810
0.0195846257
0.0178752106
0.0244542411
0.0278052776
0.0209172650
0.0164030020
0.0030181503
0.0025544460
0.0026303478
0.0028030585
0.0145010664
0.0326470080
0.0258469225
0.0029990610
0.0031292808
0.0022498210
46.1834559765