178.9519282220
176.5630078509
177.8846090768
182.3389248372
189.9968615469
201.3875192951
297.0800189224
234.3234282928
235.1770941472
244.9489119949
279.6293824428
224.5775506444
219.8487892357
216.1667213892
216.2011095985
221.6349225396
234.1444997570
256.1973840616
291.7007330539
494.0631411720
1065.7153503301
1207.6561266314
893.1861525832
1030.0912530258
2304.5179117119
1129.0811891866
270.5666413527
226.9446867977
201.0517733693
186.3515002706
116.2732187451
116.5649938099
119.1878203392
124.2088465481
132.2541081791
144.5753936919
442.4127482010
503.4772302101
285.8398425324
403.3604623885
477.7933803756
775.1240789921
181.0300328473
177.3373765130
176.6077869501
180.5393358743
190.4115919488
207.8259777570
380.7708968604
1920.8430360901
1367.9105708783
976.3542917620
1285.2098850144
1461.5492487831
1374.9538421671
188.6098769402
156.0642072882
136.2523105595
124.7990980319
118.7110738987
103.3390541599
104.6085858838
110.4242363525
121.0558685376
136.2740791338
255.3636057214
1133.2878564751
513.7575465879
664.2848864482
719.9373648352
1087.9506806933
1440.9848671172
708.2195045321
1086.1372952595
1637.8476493336
1230.3536001592
977.4667379235
1390.2201993660
970.3205876575
1152.2256397677
168.2026995146
135.4842846593
116.5783066065
106.8641068136
98.1524371911
98.8359274795
103.3382869740
111.6393159366
124.1380819560
142.1819297726
1188.2142156434
1139.5372259485
448.0221971042
1031.2916621844
902.2058162861
772.8041060849
1545.6435093650
1124.8445019371
1083.9389394682
951.5731877917
1218.0318313397
1182.0431463566
1618.6491868363
188.1359881506
151.6504746588
126.2993533443
110.4626042595
101.6880205122
98.3724965653
99.1167970058
105.4902572358
118.1493870755
139.2064725584
1154.5958959279
1285.6683291391
629.4154772168
684.3771998627
1115.1161214874
1148.7743484217
607.2867937272
1377.9373461174
1764.8127609478
176.3086641946
140.6727964935
117.0894457848
103.8225904670
104.4889531912
106.4245044235
119.1505567180
295.4896802810
1008.2361592573
913.6052232093
1262.7912975037
1440.7041048131
1075.0717859052
838.2286779560
135.6501166455
113.4765302217
118.5834919921
127.5781034412
744.5406178717
1710.8361503639
1348.9237523931
136.7505990115
144.6133458433
98.1524371911
2304.5179117119