0.0051745801
0.0050457287
0.0050502489
0.0051629929
0.0053823167
0.0057245183
0.0096594310
0.0070173382
0.0067605465
0.0073700827
0.0086393621
0.0063071651
0.0061412674
0.0060214932
0.0060284371
0.0062138738
0.0066356767
0.0073859903
0.0086175141
0.0153367640
0.0388639752
0.0488724927
0.0348662710
0.0357839364
0.1141795149
0.0458202401
0.0088143906
0.0071028052
0.0060805434
0.0054891750
0.0031746917
0.0031795140
0.0032544046
0.0034004389
0.0036356328
0.0039956852
0.0128744385
0.0151206449
0.0087195987
0.0118126858
0.0145446618
0.0229685609
0.0048763550
0.0047447447
0.0047111609
0.0048206059
0.0051100756
0.0056324987
0.0105196099
0.0547396338
0.0396908328
0.0280649708
0.0374806297
0.0407281670
0.0418276636
0.0054249044
0.0044220758
0.0038036980
0.0034448851
0.0032532811
0.0029219915
0.0029759360
0.0031816443
0.0035410133
0.0040062075
0.0071584700
0.0306939521
0.0145397136
0.0181174644
0.0197266700
0.0295948488
52.6638308000
0.0185250888
0.0283366555
0.0434135717
0.0326968708
0.0262230036
0.0370192881
0.0254629712
0.0313359645
0.0048553952
0.0038903117
0.0033184658
0.0030234886
0.0028126008
0.0028468455
0.0029994171
0.0032594469
0.0036153526
0.0040826280
0.0301097098
0.0293350627
0.0118718641
0.0263231671
0.0231562018
0.0198311598
0.0392241473
0.0285668505
0.0274144839
0.0241676504
0.0309914815
0.0296756322
0.0412105034
0.0053241926
0.0043373724
0.0036231933
0.0031649134
0.0029097012
0.0028132752
0.0028442988
0.0030313009
0.0033711614
0.0038967495
0.0282627938
0.0317608082
0.0156669620
0.0170772449
0.0274083503
0.0281618772
0.0152403217
0.0335740617
0.0432195048
0.0048909102
0.0039680492
0.0033299787
0.0029617560
0.0029523505
0.0030055230
0.0033295544
0.0075623368
0.0243056483
0.0222091072
0.0303501031
0.0345140226
0.0259715314
0.0203689065
0.0037689244
0.0031911500
0.0032839999
0.0034983011
0.0180028394
0.0404923563
0.0320503891
0.0037428221
0.0039031566
0.0028126008
52.6638308000