680.4128055993
675.4860926394
683.1401177251
701.7349223996
731.8371743074
775.4872602491
1065.1323704435
884.6334578800
902.9656611381
919.8669814085
1038.7449494442
869.9316917563
852.4531793373
838.0076708265
837.0007770442
855.8027717509
900.3438827457
979.0139566587
1104.7648660169
1856.8825173528
3602.9130259546
3857.8327861193
2840.4474629673
3637.4450464203
6384.8383796132
3413.6651719223
966.3263290357
828.4557953818
747.2004616376
701.9306494035
454.9684841459
456.3750480945
466.6384375500
486.0719090604
517.1293011743
564.7845451855
1736.6232632630
1952.4887572599
1080.5196874227
1572.9854706252
1831.7306787880
3035.5469056207
714.0775263776
700.1400365781
697.2796160358
712.3680144071
750.3999510178
817.3676738557
1505.1753000379
7623.4242903701
5390.8786448640
3849.6393400945
5061.7667349384
5818.7580012454
5344.3702608601
726.2474948389
603.2774068820
529.1358123474
486.4477963553
463.8594496041
398.1109558505
401.7753283151
421.5631028434
458.9275220781
515.9941820103
995.4852031421
4526.9287595963
2030.4753203289
2645.6892139869
2869.2270108200
4350.5686331160
1263.9679127431
2832.0480286023
4350.4421024490
6564.6379033556
4916.7897400415
3894.3719982209
5552.7947638186
3863.0897698420
4595.6180277399
645.4782449760
520.0818394054
448.5181375332
411.8239332258
375.5119747575
377.0859999559
392.7635328904
423.1373278725
471.2664709301
543.7006008534
4747.3027295530
4558.3299373870
1779.9708252910
4125.5542045021
3608.4678572681
3088.6697535974
6194.0197861544
4499.5889301181
4330.4897137336
3794.0669727350
4863.0832447294
4709.5387738457
6472.9578248664
725.6414516273
582.3301107826
484.0158951179
423.1927321871
389.5109847373
376.1077241009
378.1929658808
402.0922436101
451.5795608776
536.0692164663
4600.3735999737
5134.1774484655
2503.1822202220
2725.8695005701
4448.5742087848
4579.2907378759
2410.8431257982
5486.7285631825
7041.2024222242
682.1624154680
541.3368479006
449.1253894584
397.5728561407
400.7117562209
407.9572814451
458.2375693712
1163.8667111544
4007.6273343822
3634.5856816594
5025.1376088854
5731.5211205387
4271.9210100462
3325.9335815952
523.4157972125
436.0968809869
457.2483560611
493.1791306865
2954.3101966509
6800.8857667706
5357.9198064205
529.2154324007
561.3628556534
375.5119747575
7623.4242903701