0.0397087479
0.0398009883
0.0400655671
0.0404722551
0.0409999604
0.0416326886
0.0424616775
0.0430831868
0.0437505697
0.0443467637
0.0449093972
0.0453097845
0.0458005004
0.0463364808
0.0469287669
0.0475663923
0.0482169736
0.0488269992
0.0493259459
0.0498992915
0.0506729865
0.0503860099
0.0488514383
0.0477006834
0.0481300725
0.0444866911
0.0419195607
0.0408818802
0.0402015292
0.0398272654
0.0285560222
0.0285406185
0.0287653243
0.0292187826
0.0299032706
0.0308281332
0.0326185001
0.0339237229
0.0347060276
0.0361555921
0.0372453961
0.0388813321
0.0385183327
0.0394107028
0.0403058585
0.0411940823
0.0420459789
0.0428041575
0.0440630862
0.0497409953
0.0470764241
0.0451231840
0.0438927515
0.0451951045
0.0385712173
0.0337693151
0.0318076809
0.0303902195
0.0294282581
0.0288377036
0.0247078677
0.0246649490
0.0250948772
0.0260214620
0.0275245386
0.0309963993
0.0419166789
0.0357623654
0.0407885086
0.0422750233
0.0472386762
0.0053112580
0.0565492183
0.0685901254
0.0685763613
0.0693807350
0.0601423870
0.0667531753
0.0770084912
0.0447294161
0.0316680273
0.0284602592
0.0264411759
0.0252623907
0.0243077552
0.0242261718
0.0247507905
0.0259504695
0.0280095399
0.0312207010
0.1527720375
0.0953535445
0.0515637365
0.1135668501
0.0990816726
0.0898356924
0.1655912003
0.1470022978
0.1659282794
0.1669716810
0.1640116196
0.2715563724
0.1703117012
0.0401472907
0.0334056134
0.0291431669
0.0265371609
0.0250289110
0.0265951782
0.0266347621
0.0281372957
0.0315835299
0.0380605814
0.4802464856
0.3545137505
0.2248256301
0.2012557500
0.4007213307
0.4756291908
0.2114100988
0.7187568890
0.6454268248
0.0500466031
0.0379956681
0.0314121761
0.0280227032
0.0322935856
0.0331084822
0.0385955033
0.1240841045
0.7789312183
0.5440476059
0.9564026921
1.2089568976
0.8308638423
0.6475421109
0.0451186985
0.0356466081
0.0437485215
0.0497645110
0.6362313242
1.9973374507
1.5604741588
0.0545160109
0.0653319263
0.0053112580
1.9973374507