3.9487125968
3.8734336119
3.8885387711
3.9782039766
4.1423773808
4.3926213682
6.9007218326
5.2648690969
5.1432590090
5.5132321835
6.3395029880
4.8697864346
4.7615407570
4.6815973110
4.6879011266
4.8179135573
5.1112257946
5.6281036124
6.4659112429
11.0538296733
26.0550453267
31.9732123924
22.9766722770
24.2334281454
71.4816111804
29.4677396764
6.3153477099
5.1975235194
4.5311116935
4.1482321328
2.4972315658
2.5018260459
2.5581121938
2.6671959772
2.8424802179
3.1104734435
9.5167472555
10.9572293815
6.3383476675
8.7213878827
10.4911108250
16.7264644223
3.8546241598
3.7713249749
3.7550146675
3.8410092053
4.0569523793
4.4390778694
8.1064892982
40.8448599124
29.3108636342
20.9001176755
27.5776033246
30.9327629394
29.9272672658
4.1251599053
3.3980504538
2.9513461195
2.6920876067
2.5536403535
2.2574114868
2.2917628702
2.4335043703
2.6864214505
3.0293766117
5.5152943001
23.8573554535
10.9785947818
14.0397377564
15.2088194465
22.8884862284
267.2028657520
14.8457735716
22.7232575249
34.2898464427
25.8349381900
20.6011521912
29.2097478068
20.4260348313
24.2889523537
3.6924472496
2.9727840847
2.5514091749
2.3342196554
2.1601810472
2.1809122750
2.2887778310
2.4797280423
2.7541467363
3.1336827435
24.8804760701
23.8556970464
9.4698620022
21.5768290986
18.8862968808
16.1879527957
32.2637498789
23.5248440156
22.6934304908
19.9692683102
25.5229182210
24.8138529714
33.8566374598
4.1059195539
3.3259872719
2.7759630827
2.4285190602
2.2356544969
2.1666594639
2.1872808027
2.3304179382
2.6033445630
3.0442857909
24.2300046971
26.9124097748
13.2430057172
14.3746830079
23.3673931199
24.0946284741
12.8035866867
28.9381656888
36.9700071898
3.8330205661
3.0772169748
2.5705462618
2.2832425601
2.2939075161
2.3373588070
2.6079505813
6.2898994942
21.2263809925
19.2105416155
26.5475242392
30.2992798149
22.6396943533
17.6844075971
2.9580560077
2.4856819030
2.5878333832
2.7764467354
15.7110098367
36.0320943904
28.4360989472
2.9721202734
3.1322664951
2.1601810472
267.2028657520