0.6248807180
0.6115821229
0.6133702969
0.6275300913
0.6539969111
0.6946886929
1.1245587750
0.8392477168
0.8171039130
0.8798455237
1.0216005428
0.7683456671
0.7495949522
0.7357903054
0.7364836599
0.7577911600
0.8063233865
0.8923707156
1.0327731144
1.8059544422
4.3767159966
5.3952210914
3.8692082129
4.0730494986
12.1464973817
5.0203454945
1.0262608085
0.8369469306
0.7240418508
0.6590219202
0.3905445181
0.3912475653
0.4002943137
0.4178453378
0.4460694944
0.4892731061
1.5451109011
1.7951087260
1.0318109304
1.4147977687
1.7202095074
2.7385063291
0.6023262233
0.5875592396
0.5840881070
0.5974906926
0.6322211722
0.6943820823
1.2865582933
6.6126997585
4.7661139058
3.3818961187
4.4935033119
4.9592767887
4.9451198636
0.6557026619
0.5372465066
0.4644501709
0.4222422059
0.3997247735
0.3554778204
0.3613349568
0.3847432322
0.4261577600
0.4813522848
0.8723657718
3.7775241592
1.7624142251
2.2252908886
2.4174500811
3.6350694082
512.9731262911
2.3106589913
3.5370346255
5.3844681914
4.0526019990
3.2406959596
4.5859540703
3.1734500139
3.8509358769
0.5864033615
0.4707812642
0.4027828141
0.3677391124
0.3407966820
0.3443896603
0.3619764885
0.3926413827
0.4358689883
0.4944370351
3.8028580345
3.6819987354
1.4748290262
3.3157092747
2.9090514567
2.4921385360
4.9501489342
3.6048649474
3.4663707142
3.0510768207
3.9092432821
3.7643237369
5.1943847036
0.6474188074
0.5256516716
0.4387366043
0.3834473747
0.3527067515
0.3411883942
0.3445930758
0.3671184815
0.4092506187
0.4760752382
3.6237327751
4.0545845049
1.9951183581
2.1718713347
3.5067925165
3.6073358848
1.9349481551
4.3126103030
5.5376762183
0.5990565405
0.4833073349
0.4045238625
0.3594605607
0.3595666081
0.3661413539
0.4070952267
0.9535065071
3.1372079695
2.8558209357
3.9217894454
4.4656261917
3.3491796473
2.6210714878
0.4615674107
0.3892341925
0.4027546958
0.4305456179
2.3217404534
5.2671258821
4.1632182617
0.4608691434
0.4830427956
0.3407966820
512.9731262911