17.8751953803
17.5496936771
17.6280917474
18.0408065347
18.7887937782
19.9246661256
31.0302769974
23.7565640861
23.3269109965
24.8732878733
28.5949077621
22.1091240142
21.6191762727
21.2541375935
21.2777613488
21.8597256923
23.1778416621
25.5016904261
29.2657880971
50.0266819566
116.3663227653
140.8442844888
101.7880378056
109.0019723096
306.5908680698
130.5620760020
28.3654405921
23.4050731359
20.4497045579
18.7545039460
11.3493280522
11.3716373701
11.6280246996
12.1237920147
12.9200581866
14.1379665669
43.3446735629
49.8371064149
28.7317228730
39.6879894361
47.6525246259
76.1826043827
17.5464788647
17.1679213334
17.0925865688
17.4820567838
18.4621099461
20.1967056110
36.9405362610
186.4022278999
133.6158071465
95.2589846794
125.6917456111
141.2078213587
136.1768818184
18.7058102969
15.4156596752
13.3976196057
12.2273167847
11.6029368518
10.2316648960
10.3828213535
11.0152582843
12.1475348600
13.6952112272
25.0603346643
108.9399511201
50.0217169107
64.0614514500
69.4145730349
104.5432110822
566.5489942709
67.7787354516
103.7854510649
156.6728262343
117.9683815419
94.0187700650
133.3737896552
93.1756643111
110.8949187870
16.7308387560
13.4682950444
11.5620990194
10.5802157161
9.7785116925
9.8683436813
10.3505086193
11.2090351912
12.4513607138
14.1808463211
113.4833724005
108.8880025450
43.1624862179
98.4720075397
86.1911397653
73.8646543202
147.2861169151
107.3428778570
103.5065333679
91.0348071732
116.4166481555
113.0539941486
154.5092376870
18.6152127223
15.0675205599
12.5706170716
10.9959065089
10.1220482596
9.8049178677
9.8950691896
10.5404412941
11.7785300916
13.7874286067
110.2674065124
122.6210777287
60.2714666110
65.4592468708
106.4094659915
109.6698816473
58.2577770600
131.6225065421
168.3241298825
17.3786661346
13.9406028799
11.6390363222
10.3351587808
10.3832379151
10.5786093705
11.8076249416
28.5703823809
96.4121250246
87.3332506112
120.6157181823
137.6187975184
102.8339870673
80.3076787395
13.4017151775
11.2550779854
11.7201749157
12.5774351751
71.3213597866
163.4561624878
128.9896515905
13.4670981546
14.1956999552
9.7785116925
566.5489942709