0.2685001969
0.2627580878
0.2635079839
0.2695794883
0.2809425865
0.2984206186
0.4834853009
0.3608683075
0.3510016641
0.3782664467
0.4392108002
0.3300311800
0.3219766212
0.3160515256
0.3163577485
0.3255239290
0.3463933980
0.3833930832
0.4437682098
0.7759296781
1.8829969603
2.3275812501
1.6664201285
1.7507136933
5.2763235695
2.1614948924
0.4413740749
0.3598463088
0.3112208739
0.2832136179
0.1677344861
0.1680329824
0.1719167628
0.1794541708
0.1915762188
0.2101310640
0.6634194507
0.7707899669
0.4431633078
0.6074580204
0.7387041862
1.1757660015
0.2586447949
0.2523033162
0.2508143071
0.2565729801
0.2714928884
0.2981963681
0.5524450510
2.8390000064
2.0464636522
1.4521021057
1.9293225895
2.1292967982
2.1233094175
0.2817112312
0.2308026649
0.1995106515
0.1813652633
0.1716835644
0.1527315771
0.1552560876
0.1653324924
0.1831551083
0.2068907103
0.3747635210
1.6219866124
0.7568552806
0.9555157537
1.0379875403
1.5606783999
337.2210820673
0.9920468867
1.5185775878
2.3115869595
1.7399108084
1.3914040356
1.9689894941
1.3626057789
1.6534289139
0.2519659150
0.2022870028
0.1730625180
0.1579998309
0.1464495582
0.1480012300
0.1555713632
0.1687632612
0.1873468316
0.2125071782
1.6327427681
1.5808725835
0.6333264909
1.4235608865
1.2490076361
1.0699902269
2.1251120417
1.5477110195
1.4881642198
1.3099878115
1.6783991543
1.6162002594
2.2302974798
0.2781597752
0.2258655192
0.1885290469
0.1647731828
0.1515643255
0.1466230357
0.1480930937
0.1577800493
0.1758852343
0.2045835506
1.5557750326
1.7407171630
0.8566414149
0.9324614544
1.5055808815
1.5487103569
0.8308378318
1.8515355835
2.3773102043
0.2573664843
0.2076645522
0.1738271534
0.1544697215
0.1545131355
0.1573424420
0.1749345490
0.4095057055
1.3469582693
1.2261014311
1.6836218312
1.9171607226
1.4378795200
1.1253081146
0.1983139779
0.1672524926
0.1730523212
0.1849866392
0.9967544117
2.2611128012
1.7872688479
0.1980029495
0.2075174935
0.1464495582
337.2210820673