1.2040628976
1.1798339319
1.1840389391
1.2116460112
1.2626127899
1.3406012684
2.1404852929
1.6113852465
1.5747293589
1.6886268335
1.9543990270
1.4845782238
1.4492827903
1.4231242724
1.4243860193
1.4647670874
1.5567680633
1.7196882049
1.9849616636
3.4501751070
8.2352505574
10.0654104322
7.2413864768
7.6898329896
22.3200539720
9.3572510993
1.9537325546
1.5997704547
1.3887756924
1.2674626661
0.7569478875
0.7583784606
0.7758087916
0.8095682791
0.8638313516
0.9468893496
2.9699790909
3.4384979647
1.9742482852
2.7179772070
3.2905952770
5.2520957186
1.1689272099
1.1412054292
1.1348946555
1.1608325096
1.2275930026
1.3467473807
2.4886052714
12.7381069650
9.1631985668
6.5096360557
8.6337589871
9.5796322420
9.4552894814
1.2635825911
1.0370714528
0.8980248287
0.8174236349
0.7744372998
0.6865239594
0.6974098673
0.7416318656
0.8202066945
0.9259333379
1.6857759730
7.3220027793
3.3991898214
4.3100373228
4.6794526892
7.0415516874
279.1995993442
4.4979559235
6.8870842524
10.4631232594
7.8734914030
6.2893842216
8.9075963224
6.1764884333
7.4608470418
1.1297570580
0.9076029013
0.7772787880
0.7101385877
0.6573117846
0.6639048224
0.6972757253
0.7559050339
0.8393435312
0.9535083746
7.4334323930
7.1821120571
2.8674411776
6.4742776817
5.6769285914
4.8633500839
9.6717259770
7.0436305246
6.7766058336
5.9624636827
7.6368717707
7.3675539123
10.1464515207
1.2501214904
1.0138795746
0.8460105529
0.7395310199
0.6803641141
0.6582628841
0.6646167239
0.7079875565
0.7898497521
0.9207070730
7.1147591373
7.9507558226
3.9095391374
4.2541705100
6.8811545520
7.0814147324
3.7879595720
8.4727997032
10.8712127610
1.1594825821
0.9337453449
0.7808657572
0.6936740427
0.6946739142
0.7074444128
0.7875031425
1.8629172395
6.1725933244
5.6128177903
7.7186895710
8.7930948358
6.5880967701
5.1523339788
0.8933354056
0.7523529781
0.7798719119
0.8346281034
4.5667598150
10.3877614216
8.2067776263
0.8935542200
0.9380612729
0.6573117846
279.1995993442