33.7516022228
33.8688653263
34.2297914630
34.8186609644
35.6461002845
36.7287729537
38.2591229246
39.2172254064
40.0863089021
40.6458939353
41.1946830841
41.3807972603
41.7332582802
42.0948280168
42.5660865725
43.2519926031
44.2109327986
45.4251380696
46.7782185695
49.9643885592
53.5639959511
53.2847730561
49.5005595586
49.8557788006
53.4420009397
41.9572168102
37.1417160558
35.4716463301
34.4559033746
33.9220241539
24.0333047064
24.0609819401
24.3777313119
24.9932404966
25.9606745518
27.3718027776
38.8879102445
38.3516643896
33.3069986229
39.8529144838
39.8008607597
52.0276239944
36.0648216989
36.7378952480
37.4413312924
38.3493509394
39.5698536560
41.0970838966
53.9917807714
144.0904486748
99.9186102081
83.1084581885
87.0455122677
139.2728260059
63.4274645342
31.3699532384
28.2374137602
26.2376517180
25.0131852039
24.3253350071
20.3681065800
20.3911235915
20.9364532392
22.0965657067
24.1262722314
40.5292144900
142.1394878853
53.7739104135
86.1512634000
87.6288521675
128.6174279943
7.0712033814
126.3726993976
189.6998095604
239.6238100169
190.8650444529
147.0461454695
210.5416060197
184.3254391046
142.2368572474
28.8849819288
24.5865077502
22.1784654930
20.9045308821
19.3528811962
19.3392513355
19.9192046237
21.2147507073
23.5456556931
27.4608677779
285.8913250766
232.5816433601
83.7826169109
227.6317111461
192.4303588748
167.0992140711
344.4626477238
260.1962313621
266.0671206502
237.2112832616
287.6319972167
328.4727573157
365.7146041227
35.9691932892
28.5387774769
24.0251970639
21.4126478647
19.9853446584
20.1787043758
20.2820743883
21.6294950111
24.7242391079
30.6104695291
388.4355637617
385.1782625232
195.9753931084
202.0691221750
356.6396123972
381.6042019869
184.2898618113
490.1393796666
575.5634944272
38.9896483487
29.4426874030
24.0483826411
21.2937227182
22.9848653972
23.6297516955
27.5238098791
90.9629939690
401.5823915198
337.1108845911
502.0676489284
590.0339071312
425.7806042897
328.8004397559
31.4141419233
25.2205900881
28.6963732220
32.1829422446
301.7295042928
772.5638384523
603.3268675305
34.5555381274
39.0732272257
7.0712033814
772.5638384523