5.0697984662
4.9747061411
4.9961425423
5.1139115481
5.3282360479
5.6543698118
8.8859609872
6.7605401734
6.6315631414
7.0788637196
8.1685240485
6.2703149275
6.1259012436
6.0181531912
6.0232914316
6.1900623326
6.5698904095
7.2414107127
8.3320051688
14.3760633559
33.6821203834
40.8767662538
29.4392972005
31.6267019015
89.4119368747
37.8224136479
8.1079222091
6.6715321948
5.8158511479
5.3248648631
3.2092683434
3.2156265378
3.2889506279
3.4307150192
3.6584481690
4.0069877192
12.4530600751
14.3637767237
8.2487917316
11.3944233245
13.7321207724
21.9630533298
4.9621112542
4.8493051344
4.8248411423
4.9346789805
5.2148228363
5.7130189325
10.5158447189
53.5196381847
38.4199994049
27.3338392043
36.1731232437
40.3821534303
39.3973002401
5.3207032888
4.3759414674
3.7966756417
3.4609506789
3.2819438105
2.8991258655
2.9429007741
3.1246147447
3.4492456266
3.8912566887
7.1180534507
30.9973943666
14.3096871017
18.2341826967
19.7813461243
29.7855418758
436.7674377767
19.1488485101
29.3245334794
44.4312932452
33.4352248627
26.6727670023
37.8131490320
26.2960891877
31.5657897718
4.7566107334
3.8246244892
3.2793955227
2.9985635857
2.7719480972
2.7980319858
2.9359644438
3.1805857838
3.5327449454
4.0201641225
31.8222855579
30.6572731682
12.1944064808
27.6747992852
24.2469751939
20.7748663276
41.3714982946
30.1342413081
29.0156880917
25.5214840803
32.6696656496
31.6010455839
43.3909244550
5.2779526183
4.2753016756
3.5665396242
3.1184372550
2.8695788362
2.7772854089
2.8030134126
2.9855641899
3.3338637189
3.8956950694
30.6499619954
34.1858812988
16.7995698696
18.2689281905
29.6188958581
30.4980919862
16.2579657260
36.5350221681
46.8200898536
4.9101988568
3.9457920863
3.2965189217
2.9274665308
2.9360063717
2.9903622771
3.3335257790
7.9798954527
26.6742335841
24.2178415822
33.3667156454
38.0357807389
28.4599430497
22.2405518889
3.7836274550
3.1815724472
3.3052885171
3.5422520225
19.7306369276
45.0360057007
35.5591657870
3.7929662963
3.9899022672
2.7719480972
436.7674377767