376.5282785228
372.5794805316
376.0275891094
385.8026828542
402.1295174942
426.1265433920
608.9720001072
490.0520027198
496.9828920000
511.1224922314
582.2203758403
476.4861795301
466.7178285640
458.9271983589
458.7577565672
469.7227003800
495.2214374067
540.1728059715
612.2848919706
1032.1318218860
2118.8872399850
2328.4706796628
1727.8658211477
2099.9477023608
4107.1355067665
2153.6500758317
552.7797934527
468.4221163067
418.4920151062
390.3630169709
247.9580861155
248.6495955417
254.2328832619
264.8641721034
281.8755905738
307.9479382333
940.6402953303
1065.3090066090
600.5692880056
856.1261980418
1007.4434657754
1645.5399929037
387.3930965922
379.7407010421
378.2455422320
386.5643996180
407.4095050920
444.1040786660
813.7059089006
4101.3596625275
2911.9117828784
2079.4629265374
2733.9915475008
3127.3371982869
2907.3015213954
398.6919141733
330.6460178735
289.4027072500
265.6010388572
252.9741218403
218.7002441464
221.0503345605
232.6283689700
254.1106719452
285.8155100359
542.4396901632
2431.5217565186
1095.7273284748
1423.5382730475
1542.7817634627
2334.6865990064
1566.0270484650
1523.8712197503
2338.5116632810
3523.2747859338
2644.2135724323
2097.2330542315
2986.6249981571
2084.8548271743
2470.5096588169
355.0571045654
286.1164956717
246.5156188868
226.1858014314
207.0531740641
208.2110921593
217.2772718062
234.3882860124
260.7981096882
299.7271435539
2561.8207944682
2454.8969934909
961.2559419589
2223.1121731300
1944.1650884547
1664.9280474804
3335.1146135172
2425.8997227222
2337.4644963390
2050.3329329112
2625.1988441906
2548.6416983936
3489.7334155285
398.3363235008
320.3869706671
266.5925257402
233.1534598884
214.6318361916
207.5077192293
208.8712377677
222.1839880186
249.1804203116
294.7059259736
2493.8559024526
2776.7629703715
1357.1181102590
1476.0282326339
2408.8084031409
2481.5173734481
1308.1379350773
2976.9657147957
3813.3807384827
374.2017751947
297.6941128464
247.3763444310
219.1702414823
220.8261390397
224.8763022710
252.2100247353
634.1292422340
2178.8019144235
1973.5302858581
2730.3100939542
3115.6171565670
2322.7427709343
1809.5582549193
287.6230202459
240.0802751015
251.4220966766
270.8888248933
1607.7991614306
3702.2392925283
2917.6007874371
290.5356556225
307.8354284084
207.0531740641
4107.1355067665