3.7730360575
3.7040103687
3.7210244239
3.8092850839
3.9690746233
4.2117376950
6.5824699992
5.0314712849
4.9379462613
5.2658344373
6.0683662962
4.6728661671
4.5658630201
4.4856998332
4.4891457295
4.6124594367
4.8937051991
5.3909169569
6.1979388284
10.6807059891
24.8671345271
30.1658235322
21.6852743872
23.3814490429
66.0066280132
27.7425107813
6.0069888464
4.9501876087
4.3208403826
3.9600299989
2.3939706321
2.3987978747
2.4534440812
2.5590278825
2.7286124800
2.9881813661
9.2822300814
10.6928217698
6.1296077123
8.4884551693
10.2129517806
16.3627229759
3.7038386451
3.6201769230
3.6020720913
3.6839172327
3.8925582149
4.2634386260
7.8483987606
39.9365805240
28.6479672026
20.3873154188
26.9695941338
30.1531745254
29.3287944810
3.9633172235
3.2608084943
2.8303278817
2.5808845743
2.4479103601
2.1600812507
2.1921884107
2.3265057132
2.5669311963
2.8956752935
5.3086841821
23.1611610740
10.6782015997
13.6205558101
14.7751582333
22.2545051992
400.3437507093
14.3143214970
21.9242804836
33.2129860897
24.9876392115
19.9285495892
28.2583891414
19.6502163418
23.5827809028
3.5425635527
2.8486728466
2.4430948515
2.2342111350
2.0643228024
2.0833328508
2.1854450334
2.3671119068
2.6296167541
2.9942175801
23.7927793214
22.9214611126
9.1105494332
20.6923384614
18.1279699675
15.5307958299
30.9377826234
22.5312109619
21.6940078780
19.0768084029
24.4243437968
23.6208016443
32.4424715982
3.9328006101
3.1845774321
2.6562824455
2.3225440415
2.1372070714
2.0682850675
2.0871636663
2.2229851200
2.4829544916
2.9032507304
22.9130277377
25.5617984504
12.5569979737
13.6565049322
22.1440183909
22.7998429327
12.1487319462
27.3099754044
35.0059464763
3.6600806440
2.9398723397
2.4555110081
2.1803603711
2.1870970542
2.2275771645
2.4839600399
5.9589950496
19.9365220874
18.1016216514
24.9386935134
28.4309655333
21.2718741685
16.6200700692
2.8198423528
2.3703804649
2.4633525320
2.6406053401
14.7444071397
33.6590710801
26.5747715179
2.8276269287
2.9753236089
2.0643228024
400.3437507093