12.3320029947
12.1002869751
12.1531212061
12.4412409386
12.9653135820
13.7627887388
21.6643054672
16.4388079474
16.1521031705
17.2161753556
19.8966589652
15.2610313408
14.9045914088
14.6380077525
14.6482818245
15.0545636679
15.9826349585
17.6253255366
20.2954747606
35.1491001126
82.3241266615
99.3821306045
71.7446706696
77.5095591629
214.8896487913
92.4563878037
19.7488013342
16.2416569891
14.1527248694
12.9543352554
7.8031617476
7.8189641928
7.9981695133
8.3443943999
8.9005368643
9.7519823779
30.4853287345
35.1994972402
20.1649690086
27.8809097035
33.6363465674
53.8397122385
12.0700725217
11.7902349439
11.7275292009
11.9940686706
12.6777846564
13.8959532183
25.6478679047
131.0199060170
94.0928657462
66.8849029992
88.6146001578
98.6993423219
96.6960829946
12.9584611348
10.6505136719
9.2361991111
8.4168746188
7.9802374274
7.0492493667
7.1558932785
7.5984438586
8.3888764487
9.4651681908
17.3299687503
75.6094383612
34.9603473696
44.4736657439
48.2770414366
72.7029982081
633.8994501003
46.5793201174
71.3409696019
108.2583432852
81.4362964482
64.9854366753
92.1053032699
63.9294471254
77.0137372951
11.5793185786
9.3061341412
7.9763717649
7.2916280318
6.7387251636
6.8020738999
7.1374969432
7.7321589570
8.5877399216
9.7709396795
77.1682919385
74.4673043213
29.6473585941
67.1754363747
58.8793671976
50.4389733340
100.4140642147
73.1156597268
70.3623178916
61.8833924235
79.2551426911
76.5349452561
105.3016711988
12.8368291702
10.3991336058
8.6739610090
7.5826956563
6.9765591329
6.7491272256
6.8112689908
7.2541131751
8.0984454290
9.4588135257
74.0613148075
82.7130406541
40.6361579402
44.2138968466
71.6166252808
73.7109924117
39.3420755985
88.2351258436
113.1782084880
11.9271428755
9.5888131628
8.0117980881
7.1145261101
7.1306636132
7.2615492831
8.0915297168
19.3087824896
64.3328300073
58.4602517740
80.4701693385
91.7002374622
68.6515777825
53.6590435965
9.1863522839
7.7269399084
8.0209282196
8.5920479948
47.5786032313
108.4364409520
85.6374158330
9.2012883924
9.6721843619
6.7387251636
633.8994501003