4.4270655633
4.3430545219
4.3615279115
4.4646849443
4.6527092517
4.9390512354
7.7915818373
5.9086899877
5.7972829810
6.1880223195
7.1531610367
5.4756148533
5.3473765406
5.2516313953
5.2554899241
5.4017461039
5.7356709239
6.3267471047
7.2877766743
12.6273752709
29.6649709276
35.9631325098
25.9048887190
27.8961209910
78.3739226094
33.3325950252
7.1028108745
5.8378055809
5.0842646337
4.6518349749
2.7988506386
2.8044426882
2.8687262853
2.9929821771
3.1925962556
3.4981847140
10.9376422664
12.6345292910
7.2433006859
10.0047565072
12.0781199374
19.3203733499
4.3279169173
4.2272933998
4.2047308925
4.3004016210
4.5458664520
4.9832915410
9.1969630945
46.9881193589
33.7546943590
23.9916760651
31.7917340237
35.3905870483
34.7110896989
4.6517145994
3.8224239934
3.3140781613
3.0195483580
2.8625591417
2.5302468646
2.5687855640
2.7282534515
3.0128740504
3.3997654115
6.2185788358
27.1053828842
12.5403557315
15.9467377496
17.3092158636
26.0618830967
443.4978343903
16.6926393722
25.5641942531
38.7987094217
29.1897482174
23.2950741964
33.0140259173
22.9140739280
27.6102173742
4.1574070005
3.3411062399
2.8633396183
2.6172783796
2.4195340205
2.4425008665
2.5633025837
2.7771907772
3.0844370176
3.5086575800
27.6497844771
26.6841274447
10.6289072006
24.0687590208
21.0955316341
18.0739631188
35.9756608372
26.1968891219
25.2092959634
22.1750786710
28.3981734387
27.4216922346
37.7281732585
4.6077028302
3.7334635077
3.1143448237
2.7225258287
2.5048609342
2.4233260966
2.4458026081
2.6049261480
2.9078565723
3.3953315317
26.5306376607
29.6308138567
14.5600282507
15.8405875027
25.6540901751
26.4049890872
14.0980872051
31.6076016524
40.5418024740
4.2802045025
3.4420281395
2.8763745245
2.5544001361
2.5599218267
2.6069325151
2.9044732167
6.9215495265
23.0436754203
20.9403438573
28.8217175367
32.8419233618
24.5892473834
19.2224729852
3.2969561254
2.7737407343
2.8786953192
3.0832564861
17.0436964252
38.8363257052
30.6716129549
3.3016851303
3.4700163758
2.4195340205
443.4978343903