0.0025746478
0.0025123514
0.0025152962
0.0025712585
0.0026794788
0.0028479086
0.0047577095
0.0034844880
0.0033573148
0.0036575554
0.0042709511
0.0031404464
0.0030605790
0.0030029265
0.0030069742
0.0030982212
0.0033049554
0.0036718698
0.0042727197
0.0075385609
0.0189626706
0.0238820840
0.0170284106
0.0174194059
0.0559147554
0.0222944265
0.0043483063
0.0035140711
0.0030158065
0.0027276866
0.0015858881
0.0015882621
0.0016252418
0.0016973785
0.0018135489
0.0019913105
0.0063377257
0.0074124294
0.0042884650
0.0058121157
0.0071303339
0.0112698947
0.0024364334
0.0023734976
0.0023581873
0.0024129323
0.0025560050
0.0028131139
0.0052258000
0.0269678253
0.0195267943
0.0138308799
0.0184119153
0.0201780637
0.0204683226
0.0026942151
0.0022004486
0.0018959210
0.0017191273
0.0016246622
0.0014562619
0.0014825137
0.0015835180
0.0017604268
0.0019906030
0.0035605123
0.0152631097
0.0071917842
0.0090113822
0.0097901191
0.0146962787
30.7888482683
0.0092674131
0.0141841031
0.0216490077
0.0163202289
0.0130760001
0.0184901205
0.0127476034
0.0155984822
0.0024124733
0.0019349404
0.0016523795
0.0015066035
0.0014009617
0.0014175885
0.0014928255
0.0016216606
0.0017991417
0.0020339292
0.0151854751
0.0147474758
0.0059462903
0.0132740143
0.0116367896
0.0099728225
0.0197533021
0.0143912605
0.0138295892
0.0121900257
0.0156263411
0.0150223219
0.0207756039
0.0026525595
0.0021590419
0.0018035079
0.0015759487
0.0014493017
0.0014022948
0.0014175835
0.0015109083
0.0016816935
0.0019477347
0.0143961805
0.0161104617
0.0079376247
0.0086620803
0.0139336218
0.0143081794
0.0077106604
0.0171039031
0.0220041895
0.0024447463
0.0019797539
0.0016601921
0.0014764002
0.0014740904
0.0015010695
0.0016651642
0.0038216700
0.0124222083
0.0113179254
0.0154991200
0.0176562967
0.0132646643
0.0103937579
0.0018848784
0.0015938612
0.0016439456
0.0017536895
0.0092015843
0.0207643769
0.0164202308
0.0018760925
0.0019604805
0.0014009617
30.7888482683