23.4347124947
23.0022088887
23.1053185578
23.6516826939
24.6427715796
26.1489612656
40.9408895965
31.1731611374
30.6603966155
32.6464411293
37.6546551293
29.0069170320
28.3424676158
27.8454785989
27.8681224613
28.6353410232
30.3836408030
33.4739644021
38.4903652502
66.3469711478
154.6810304260
186.1661580631
134.7759153834
145.5266753673
400.7445895001
173.5086280391
37.3610727486
30.7749011788
26.8518813583
24.6019041976
14.8551636102
14.8852880962
15.2245596187
15.8799479497
16.9325513802
18.5435899089
57.5808765055
66.3726647834
38.0864862138
52.6768759982
63.4244649358
101.5204141787
22.9798027277
22.4607051046
22.3486994871
22.8566750877
24.1509969519
26.4515855384
48.6699741047
247.5834453763
177.6578442277
126.4144273413
167.2358547989
186.8852088134
181.9978944799
24.5910174298
20.2329427955
17.5621772911
16.0146115283
15.1896907187
13.4030711480
13.6032526531
14.4379385298
15.9306930380
17.9683083072
32.9154620969
143.5279609129
66.1782446193
84.4057306049
91.5716822914
137.9232694125
706.0733481543
88.7406282357
135.9120518216
205.8566414265
154.8976160062
123.5393201100
175.1637834096
121.8496458845
146.1599814902
21.9778751659
17.6735963439
15.1577520882
13.8623002540
12.8084508278
12.9270628396
13.5611396600
14.6879846680
16.3142518422
18.5709272923
147.5772466835
142.1182121069
56.4785549541
128.3214869365
112.4162769894
96.3135242978
191.8712071831
139.7496080077
134.5800298396
118.3569090454
151.5036873754
146.5960219341
201.2257025739
24.3996065065
19.7573768756
16.4798563710
14.4095290675
13.2600720550
12.8329976093
12.9504271849
13.7928780598
15.4042994776
18.0092928938
142.2706763313
158.6474915040
77.9460930594
84.7554440770
137.4744435403
141.5666497035
75.4169051657
169.6204067686
217.3401865685
22.7113686405
18.2409749254
15.2351919416
13.5280542908
13.5708139284
13.8219125633
15.4123072691
36.9926573350
123.8758815448
112.4373108193
154.9664848979
176.6705091192
132.1672549447
103.2655006165
17.4984465577
14.7082947452
15.2867097368
16.3869844926
91.6194808273
209.2560339707
165.2051537853
17.5489388697
18.4672582018
12.8084508278
706.0733481543