8.6497087872
8.4901259358
8.5281337080
8.7296583830
9.0952343025
9.6508093344
15.1066428006
11.5254327933
11.3141218005
12.0660354312
13.9072890773
10.7058212568
10.4612055920
10.2782844993
10.2868941286
10.5700780300
11.2151232273
12.3551292929
14.2053405534
24.4651925269
57.0785801302
69.1351037072
49.8120562502
53.6123074807
150.7192255127
63.9155660554
13.7876731181
11.3577468979
9.9104091627
9.0803261760
5.4838932004
5.4948730350
5.6199555508
5.8616970040
6.2499964892
6.8442779705
21.2337439036
24.4627225280
14.0380788346
19.4229870545
23.3724505762
37.4224867150
8.4823870666
8.2913806917
8.2503526333
8.4379607838
8.9156379141
9.7644692673
17.9620006801
91.3295001562
65.5178509987
46.6338242769
61.6785461686
68.9689412036
67.0729622559
9.0781019600
7.4695423593
6.4835692277
5.9121636530
5.6075152700
4.9491974009
5.0231212919
5.3314720980
5.8830278780
6.6360449253
12.1561667983
52.9912793038
24.4266196814
31.1627071618
33.8016653854
50.9113596536
512.3923084074
32.7687823226
50.1869658400
76.0046589610
57.1888724593
45.6104965004
64.6739383526
44.9956044384
53.9566952368
8.1149834635
6.5260853318
5.5972081879
5.1188224227
4.7303820421
4.7742673876
5.0086304468
5.4251527165
6.0263465894
6.8606263240
54.5053627169
52.4876974922
20.8599246326
47.3910540951
41.5153991959
35.5690189979
70.8579409692
51.6081450006
49.7013499499
43.7078887492
55.9490962465
54.1350404435
74.3128292624
9.0097558933
7.2959487150
6.0859524795
5.3215640832
4.8971317903
4.7397894394
4.7833157248
5.0947381255
5.6903306991
6.6529593599
52.5389827837
58.5893054466
28.7854888638
31.3008938177
50.7659440955
52.2764153129
27.8496597928
62.6325183335
80.2583237251
8.3868473466
6.7363851141
5.6266563183
4.9963693986
5.0123836751
5.1053453440
5.6930020635
13.6618520071
45.7379485854
41.5177130303
57.2169431641
65.2273695988
48.7969196828
38.1272536481
6.4623545491
5.4322570291
5.6460034931
6.0525460803
33.8270471477
77.2511507676
60.9892050696
6.4810843142
6.8203068553
4.7303820421
512.3923084074