0.4191243088
0.4101984672
0.4113941713
0.4208894903
0.4386407347
0.4659343921
0.7543859100
0.5628598100
0.5480470673
0.5901183849
0.6852306713
0.5153292688
0.5027504664
0.4934908021
0.4939572062
0.5082521754
0.5408105433
0.5985363559
0.6927284569
1.2114337978
2.9363021565
3.6184819406
2.5958250958
2.7325534095
8.1404267923
3.3688247190
0.6884350502
0.5614149511
0.4856604166
0.4420336891
0.2619268294
0.2623982820
0.2684661114
0.2802380073
0.2991686981
0.3281464616
1.0363339171
1.2040681335
0.6921234715
0.9489605181
1.1538710018
1.8368140394
0.4039569268
0.3940502793
0.3917209819
0.4007096129
0.4240035950
0.4656963422
0.8628285037
4.4349674812
3.1966379210
2.2680933252
3.0138692708
3.3259322116
3.3169105694
0.4397788924
0.3603261723
0.3114985913
0.2831878804
0.2680844611
0.2384147863
0.2423448482
0.2580479358
0.2858283001
0.3228465304
0.5850580756
2.5333326333
1.1819196478
1.4923353254
1.6212429632
2.4378254251
425.5290222543
1.5495654895
2.3720174723
3.6109966440
2.7178425484
2.1733290145
3.0754791704
2.1282415346
2.5826708562
0.3933004093
0.3157510386
0.2701426871
0.2466380685
0.2285702093
0.2309812233
0.2427782144
0.2633456582
0.2923352973
0.3316078521
2.5502378604
2.4691445891
0.9890667992
2.2235306565
1.9508918437
1.6713050717
3.3195916129
2.4174328750
2.3245567443
2.0461510722
2.6215867834
2.5244748366
3.4835608879
0.4342167921
0.3525513796
0.2942582388
0.2571755413
0.2365577502
0.2288322297
0.2311162310
0.2462234310
0.2744776181
0.3192879871
2.4301486623
2.7190121411
1.3379909569
1.4565362710
2.3517040311
2.4191592661
1.2976314704
2.8921161184
3.7136228985
0.4017751111
0.3241479475
0.2713100618
0.2410868346
0.2411560939
0.2455650080
0.2730286930
0.6394660746
2.1039401367
1.9152262645
2.6301087006
2.9948639522
2.2460585983
1.7577567195
0.3095640957
0.2610532766
0.2701181747
0.2887540734
1.5570272727
3.5322787477
2.7920124173
0.3090927665
0.3239607972
0.2285702093
425.5290222543