0.6569992001
0.6436215451
0.6455545952
0.6600543653
0.6870438892
0.7284249844
1.1592317353
0.8778763924
0.8529738451
0.9198987304
1.0587923944
0.8065010344
0.7886083391
0.7755930521
0.7769748257
0.7989670050
0.8482191323
0.9348989787
1.0754769896
1.8359852756
4.4097975910
5.4837053410
3.9323118509
4.0648109365
12.5584991391
5.0674580092
1.0626980903
0.8714120031
0.7572535721
0.6914997459
0.4129471744
0.4136329102
0.4228986081
0.4409142068
0.4698822975
0.5141406719
1.5636856793
1.8040312053
1.0513819961
1.4357201000
1.7321793600
2.7466679333
0.6359362720
0.6222902668
0.6197341818
0.6340415061
0.6697685330
0.7329149096
1.3336844814
6.6921630816
4.8092236408
3.4312626156
4.5246000104
5.0703738392
4.9179980413
0.6837853462
0.5630619588
0.4887103559
0.4455052766
0.4224015958
0.3746362319
0.3805791570
0.4046127463
0.4472871046
0.5044758744
0.9118195093
3.9141171011
1.8038950511
2.3054718840
2.4956886687
3.7519872644
134.7011177318
2.4405459365
3.7335882299
5.6255543923
4.2433376765
3.3855693505
4.7977409462
3.3633958340
3.9857224704
0.6127545572
0.4934873753
0.4234577474
0.3873356830
0.3591190556
0.3627810637
0.3810278220
0.4130625327
0.4586526602
0.5211384927
4.1017753102
3.9263059558
1.5600905073
3.5534203292
3.1091636738
2.6657361218
5.3106330078
3.8752076027
3.7415351788
3.2940407723
4.2073414214
4.0981170411
5.5773059063
0.6810952933
0.5522363395
0.4611722693
0.4035426997
0.3715502293
0.3603661500
0.3639691294
0.3879082046
0.4331724151
0.5059066224
4.0093120924
4.4458492653
2.1905084137
2.3755305843
3.8634147793
3.9854550427
2.1179112484
4.7908894840
6.1129386837
0.6360394275
0.5110729300
0.4272008318
0.3796082233
0.3814598309
0.3887720833
0.4336133851
1.0426610068
3.5194372780
3.1823723599
4.4006056460
5.0242894691
3.7537276610
2.9327570829
0.4913504742
0.4131623031
0.4301016493
0.4613571274
2.6063081461
5.9816086008
4.7208738510
0.4936936695
0.5202267463
0.3591190556
134.7011177318