2.7040732193
2.6536128912
2.6650464148
2.7276490833
2.8415292554
3.0147619671
4.7273209857
3.6069008900
3.5337690044
3.7756959375
4.3507363563
3.3435298811
3.2673997684
3.2106709391
3.2137388282
3.3024982871
3.5042345165
3.8605793226
4.4388874483
7.6367000644
17.8783914953
21.7855719102
15.6533051755
16.7552183488
48.0474465269
20.0572608839
4.3171059935
3.5545096248
3.1001860139
2.8394921368
1.7128699038
1.7162144521
1.7551875283
1.8305713221
1.9516710372
2.1369645114
6.6115809408
7.6195820772
4.3817438996
6.0511930694
7.2851616296
11.6480426393
2.6476894584
2.5884506362
2.5759488879
2.6346509835
2.7836979470
3.0483562926
5.5986559230
28.4129480760
20.3906512384
14.5172751573
19.1935947541
21.4644789406
20.8750979970
2.8355628791
2.3333864476
2.0253813855
1.8468135241
1.7515672413
1.5470201105
1.5702787948
1.6669890961
1.8398451742
2.0753417577
3.7941712900
16.5015205609
7.6083788995
9.7075941069
10.5264818305
15.8494252926
324.8466180631
10.2161901415
15.6435412653
23.6742857078
17.8199674533
14.2131898573
20.1512987407
14.0357934988
16.8026155096
2.5357435339
2.0396837004
1.7494934553
1.5999921983
1.4792716680
1.4931454324
1.5666536418
1.6971215026
1.8851330793
2.1456543474
17.0199522638
16.3746652242
6.5080094383
14.7903026419
12.9542992871
11.0998896897
22.1119359809
16.1100664136
15.5205603918
13.6518691629
17.4688154922
16.9213716870
23.1951490896
2.8158381907
2.2806665081
1.9027508039
1.6639353224
1.5313178711
1.4825783572
1.4963331139
1.5938830709
1.7802042941
2.0811343388
16.4445790990
18.3207885360
9.0057240603
9.7880072498
15.8824756015
16.3597744020
8.7119330679
19.6119272213
25.1121467574
2.6224938976
2.1065277181
1.7596913812
1.5627105405
1.5681274096
1.5973372203
1.7812892628
4.2763942620
14.3372456264
13.0052537189
17.9338953718
20.4505189629
15.2955057365
11.9509446425
2.0215500807
1.6993660356
1.7666942014
1.8941043897
10.6060881021
24.2430079992
19.1385862873
2.0280376530
2.1346700599
1.4792716680
324.8466180631