265.3051872118
262.5103747625
264.8744226057
271.6475275937
282.9780552749
299.6312590443
426.1369289907
344.6777328852
348.7819606332
359.5083730981
407.4466253455
335.1107342717
328.5550232824
323.3406098739
323.3547486896
331.0443953118
348.7659386864
379.8906963327
429.6615499275
716.1404282489
1468.4099814824
1623.6066945531
1206.6771281394
1442.3998596230
2913.3806471478
1504.1572896984
388.3997674778
329.5307661557
294.6606275771
274.9966914878
174.7521132453
175.2226002190
179.1063370357
186.5130131699
198.3672087265
216.5209683312
651.3460501254
734.7642219331
416.2571672525
593.1852859522
694.9823215350
1134.6796778692
272.8306046777
267.7620061713
266.8908395027
272.7814204560
287.3252981488
312.7937553713
569.3953326820
2843.0509129699
2014.9730921380
1442.6315701058
1890.2255216885
2178.0381403829
1996.8140647788
279.6761583572
232.3703258680
203.6593970805
187.0716639042
178.2609779614
154.0471795977
155.6984600518
163.8197384103
178.8926535141
201.1205385060
381.1405613224
1702.7895274843
763.0815930028
996.5103695611
1078.3949083671
1632.1611981612
1438.2408075038
1074.4981455738
1648.6406460904
2474.8664000974
1858.4868552381
1472.8967217191
2098.8229821261
1471.7562404349
1729.2533356692
249.2796232408
201.1234054247
173.4733484412
159.2754509437
145.8733506972
146.6984086564
153.0829133775
165.1371791060
183.7623497904
211.2707233094
1819.0029043459
1736.6979404476
678.1194961032
1575.1572807593
1376.2040850301
1178.8874769696
2363.7549014537
1720.3357034606
1659.7371502024
1455.8952426164
1862.2655682688
1814.2481177461
2474.1386691833
280.3515203283
225.3958627362
187.6022801732
164.1537259113
151.1774191811
146.3174424565
147.3046278265
156.7365271920
175.8874050389
208.2724781059
1783.5188830939
1981.0368546317
968.5034951542
1052.2064199086
1720.5717094242
1773.8578657050
932.5515987801
2131.0983947950
2725.3962968529
264.2074506104
209.9180801916
174.3761283843
154.5112344857
155.9342426036
158.8606660835
178.3593381285
452.0165841044
1563.7891371757
1414.0592383178
1959.7209968431
2237.6846487971
1666.6146938478
1297.7783785332
203.2769877683
169.5369441716
177.9068177226
191.9023077328
1154.1732055872
2665.2201266680
2099.4773594344
205.7581902706
218.3841405132
145.8733506972
2913.3806471478