86.1786831120
84.7287901087
85.1951879666
87.2573888116
90.9308308395
96.4750675244
148.4609181203
113.9512852354
113.0355815340
119.3435850592
137.4014089849
107.1935352440
104.7736595174
102.9386962585
102.9886593504
105.7474785029
112.0679669117
123.2411544538
141.3464926877
243.0654162415
553.2364579378
649.5203030889
475.3920868940
526.2646760925
1329.0729114378
610.1880531841
135.2333237303
111.9850204078
98.1530791955
90.2446603653
55.0533703022
55.1759212765
56.4333461473
58.8535975918
62.7373117847
68.6839761576
213.1814004874
245.0243494252
139.9506721834
194.7997761282
233.6213728518
375.5702760923
85.3630359541
83.4667485756
83.0578645820
84.9307597155
89.6998819681
98.1679261933
180.6870358110
919.1152518054
658.2468310974
468.4888453679
619.3985314378
694.5774722165
671.6984591720
90.6392225936
74.6773000558
64.9203097229
59.2728644746
56.2664754150
49.4265609102
50.1232113195
53.1079069301
58.4797462058
65.9200276108
121.6836934856
534.2195412731
245.3251163957
313.8496328987
340.5530203742
513.4941216054
1063.6138417718
330.8557947475
506.9823808524
767.5623405152
577.1388733482
459.8086957428
652.4928317267
453.8388137407
543.8523729823
80.9217014238
65.0862867574
55.8646407840
51.1204891003
47.1326711997
47.5333479721
49.8106553529
53.9027708038
59.8852858938
68.2890765775
550.7684371329
530.1741585906
210.0843727575
478.8899487184
419.4502387423
359.3194552170
716.5950790308
521.6878081369
502.3736686815
441.5570293542
565.3310037914
547.1021589376
751.1281708958
89.9969272918
72.7720264178
60.6636583239
53.0395546149
48.8088961904
47.2154417704
47.6204019896
50.7011608267
56.6638719425
66.3881145140
531.4472242120
592.6867634557
290.8335576637
316.3270469409
513.6141869072
528.8912653372
281.2315815630
633.7158947804
812.1858663479
83.8851521895
67.2480907678
56.1070082745
49.7946960987
49.9826789435
50.9008689001
56.8146401720
137.5731172775
462.8284669508
420.0199350662
579.2209562522
660.4166629981
493.7518149827
385.5623843600
64.5821939279
54.2089139941
56.4110857209
60.5232522512
342.1302613898
782.4875814073
617.5507659814
64.8444396469
68.3167021403
47.1326711997
1329.0729114378