96.5350768570
94.9113478234
95.4378295679
97.7552380579
101.8815002184
108.1087273791
166.4532915360
127.6559050180
126.7073718510
133.7017602249
154.0310247437
120.1193107928
117.3884748022
115.3149483359
115.3614341373
118.4532636223
125.5483820091
138.0987134636
158.4444900399
272.9755309227
621.1129292710
727.8486436777
532.9526816468
591.5892957135
1483.4765254803
684.4874142189
151.5610941367
125.4797828598
109.9639192425
101.0939969894
61.6643899370
61.8029509762
63.2149173516
65.9317199536
70.2911726349
76.9673941788
239.5942421871
275.5066758547
157.1538602842
218.8823733242
262.6188530036
422.3893364200
95.6362089907
93.4905464213
93.0197659723
95.1153808261
100.4673376477
109.9793918187
202.7230853111
1033.1076176937
740.0090978658
526.4622837993
696.4354499742
780.1359123601
755.8817638326
101.6078762291
83.6865227871
72.7349501338
66.3975083688
63.0246454667
55.3626186292
56.1434078341
59.4890388273
65.5104184815
73.8521215546
136.4056594030
599.4655561054
275.4913079169
352.1604564235
382.2323753699
576.3698148406
1170.7441838719
370.7452982110
568.1315601203
860.7814353088
647.1150768138
515.6320298299
731.6482911398
508.3678548702
610.2879032966
90.6950431514
72.9294445923
62.5841914980
57.2625956298
52.7881228829
53.2364065927
55.7873256634
60.3708859312
67.0709298439
76.4798736645
616.1715633138
593.6522107331
235.3549737495
536.0163289086
469.5899880992
402.2487190588
802.0537232261
583.8166229048
561.9971693620
493.9374641091
632.5548905567
611.6139919412
840.6136411608
100.8205995626
81.5274011326
67.9573426692
59.4106833224
54.6676450345
52.8705489032
53.3224633058
56.7695095477
63.4394264598
74.3109636780
593.3995887523
662.2435017368
324.9098483379
353.5012869461
573.6925296660
590.6087923295
314.2484167012
707.3838305979
907.0408643971
93.9114100706
75.3030191865
62.8307304182
55.7605999111
55.9523396429
56.9758866247
63.5828102658
153.7113833552
516.2156627942
468.7090617381
646.0427300370
736.4595284167
550.7803497872
430.1289301630
72.2833980231
60.6827224814
63.1214683641
67.7072903269
381.5740784309
871.9842906590
688.2531341496
72.5450367895
76.4016674576
52.7881228829
1483.4765254803