17.3229581578
17.0018338905
17.0774980440
17.4814532718
18.2147335529
19.3294689447
30.2968775120
23.0684994648
22.6680327044
24.1544142105
27.8651178011
21.4402136238
20.9471353443
20.5783106678
20.5945683051
21.1624509270
22.4572066294
24.7465198881
28.4637459072
49.1094049926
114.6222473165
138.3854570262
99.9283061895
107.8089160288
299.4560367366
128.5803601086
27.6466261248
22.7644276188
19.8564129352
18.1884618784
10.9766527152
10.9988106917
11.2497249878
11.7345169626
12.5131839471
13.7050367189
42.6166804736
49.1362120523
28.1801146999
38.9820578046
46.9486313367
75.1620327148
16.9791763424
16.5935261325
16.5096222307
16.8848988262
17.8424712103
19.5453751493
35.9876252428
183.2320238376
131.5010007345
93.5519091987
123.8023765285
138.2567701153
134.7965150673
18.1846105809
14.9582131421
12.9808736293
11.8351229210
11.2243797640
9.9074362435
10.0558200097
10.6740159259
11.7793551912
13.2874043928
24.3369314036
106.1253337304
48.9655804205
62.4146946219
67.7203493347
101.9935011963
657.0552537169
65.5594375345
100.4095201438
152.1486218967
114.4753187539
91.3126015961
129.4576739214
90.0111732117
108.0756046963
16.2523356856
13.0678374125
11.2060091902
10.2472414928
9.4691079953
9.5571188187
10.0265551190
10.8603874469
12.0629758847
13.7304336396
108.9351593407
104.9547560394
41.7297293094
94.7448117355
83.0126386281
71.1192581005
141.6545841788
103.1683757365
99.3362415983
87.3624822432
111.8411126113
108.1713333625
148.5594541373
18.0372371710
14.6073658665
12.1843820396
10.6532742838
9.8030659237
9.4866667827
9.5736621809
10.1964906227
11.3869015737
13.3096787210
104.9136890057
117.0286941896
57.4988866495
62.5297786977
101.3916141086
104.3969736085
55.6401974816
125.0605132175
160.2802271078
16.7825109562
13.4824918873
11.2620427628
10.0003746521
10.0300475000
10.2153923248
11.3890928695
27.2972513523
91.3014985344
82.8911848632
114.2132706776
130.1980959522
97.4163485894
76.1211097697
12.9298662325
10.8701487167
11.2945004414
12.1054959318
67.5283843201
154.1581481302
121.7167333215
12.9635249121
13.6385340257
9.4691079953
657.0552537169