1.1048564061
1.0822835223
1.0859716502
1.1112534873
1.1580727958
1.2298043026
1.9715343859
1.4796200043
1.4452862322
1.5510130786
1.7970864374
1.3614160606
1.3287396282
1.3045581065
1.3057011187
1.3429310999
1.4277860076
1.5781285131
1.8231002275
3.1761560553
7.6124615585
9.3091627067
6.6993640699
7.1059112566
20.6219624476
8.6709407623
1.7988578455
1.4712641050
1.2759660262
1.1636333125
0.6934559736
0.6947581119
0.7107676896
0.7417829380
0.7916397969
0.8679582406
2.7299568643
3.1644443335
1.8169388210
2.4987171282
3.0295065025
4.8318384213
1.0705918932
1.0448911146
1.0389602501
1.0627232293
1.1240536346
1.2336320662
2.2821392599
11.7010118190
8.4225985380
5.9804760826
7.9374777074
8.7904983652
8.7077081588
1.1596347346
0.9512314500
0.8232772754
0.7491082257
0.7095534896
0.6295177802
0.6396077595
0.6804064137
0.7528058596
0.8499590373
1.5456808604
6.7101312003
3.1200607268
3.9506652066
4.2905500889
6.4551340143
274.1162733599
4.1158747150
6.3018013247
9.5810499411
7.2098756416
5.7610220631
8.1572472923
5.6517222230
6.8387550144
1.0368012630
0.8327147336
0.7129137748
0.6511933670
0.6029106040
0.6090381974
0.6397784512
0.6936692361
0.7701542709
0.8745110934
6.7913124404
6.5668461607
2.6244343331
5.9175308716
5.1899625547
4.4460941268
8.8386484054
6.4365695273
6.1912086013
5.4479641108
6.9790650245
6.7278812290
9.2727780828
1.1464164618
0.9300507382
0.7760951638
0.6783596610
0.6240423988
0.6036949876
0.6095651852
0.6493426613
0.7242324995
0.8436804264
6.4897509044
7.2557722851
3.5683104480
3.8835926629
6.2783762008
6.4596794945
3.4584771947
7.7265593440
9.9170038049
1.0624259520
0.8560464993
0.7160555498
0.6361413840
0.6367989702
0.6484666114
0.7215709021
1.7017378049
5.6258668890
5.1176236546
7.0344166823
8.0124710830
6.0051143312
4.6972772310
0.8185007366
0.6895900549
0.7143884233
0.7642594896
4.1625452123
9.4599938746
7.4748626801
0.8182181153
0.8585137473
0.6029106040
274.1162733599