476.7656997839
472.1011911410
476.7406730105
489.3668272590
510.2956367968
540.9660692552
767.8256310313
621.0285203362
631.2918712444
647.1981463130
737.0935570659
605.2327514156
592.5535234962
582.3501317979
581.8898817415
595.6473679619
627.9294662437
684.9831750209
776.6172825411
1317.6435313903
2674.3566365172
2913.4757306081
2155.1598282095
2671.7092742370
5039.7580858092
2668.2894523031
696.2819113809
591.0195059471
528.7938160540
493.8314986703
314.9645948495
315.8803822968
323.0264276311
336.6042435270
358.3199264559
391.6225439408
1208.0380535558
1370.1716918951
766.6002640303
1098.4468605729
1293.0603954117
2118.5305446095
492.7003531224
482.6692398436
480.5759951435
491.0945891652
517.6905032668
564.6424351817
1039.0466574160
5269.2400790124
3742.7287198221
2668.5752268106
3515.4075187312
4007.2492266548
3749.1560204408
506.9882636327
420.1671729937
367.6405908459
337.3607591007
321.3167909957
277.4024670453
280.2956794988
294.8259764970
321.8779341826
362.0985826966
689.9198292897
3106.7304750865
1403.2110496260
1818.6394166585
1972.8741068499
2986.4045088647
1511.8070625267
1939.3455489551
2976.9105275566
4494.7920283359
3371.0492227758
2674.3401695641
3807.7922736058
2650.1698164643
3156.7149298558
451.0696943656
363.2297639117
312.8251492970
286.9574527371
262.3864823295
263.7641684600
275.1415210113
296.7276530938
330.2075556071
379.7203290969
3246.7627856475
3118.2940113805
1222.1256415267
2821.3361141522
2468.5431478730
2113.4941343503
4232.3435180592
3076.8822279207
2962.1767472467
2597.8632915671
3328.2183501336
3224.1088652344
4427.0028471681
505.5728586777
406.5427702563
338.1494430481
295.6306970365
272.0674799000
262.8085277373
264.4492250087
281.2296922005
315.3883105830
373.0585800042
3146.5706361673
3509.4910543683
1714.1469907874
1865.7605487772
3041.7610618390
3131.9868441304
1652.9125749419
3753.7194540703
4814.1358624323
474.2043489014
377.3092314565
313.4818270845
277.6629154467
279.5320064752
284.5748267091
319.0849323258
800.6222100565
2742.8185400386
2487.1513277132
3437.3104962033
3920.8711845401
2924.2955190565
2278.4985484250
364.1613288798
303.9732963554
318.0700989186
342.5626739603
2023.4842079051
4652.5165373163
3667.0288312562
367.5222047830
389.1464195598
262.3864823295
5269.2400790124