0.5651374161
0.5529809485
0.5545273048
0.5673025598
0.5912407830
0.6280797140
1.0195318251
0.7593182023
0.7389578517
0.7962272972
0.9250821387
0.6945040045
0.6774702124
0.6649462861
0.6655814694
0.6849146161
0.7289458346
0.8070299559
0.9344898355
1.6360498385
3.9767016166
4.9051170984
3.5188093482
3.6985259656
11.0443152295
4.5706127847
0.9303255373
0.7581179985
0.6554042720
0.5962347698
0.3527889515
0.3534189492
0.3616013836
0.3774798799
0.4030165325
0.4421066049
1.3980178215
1.6253481604
0.9344903797
1.2802697429
1.5580237075
2.4788711161
0.5439640641
0.5305427614
0.5273691980
0.5394791985
0.5709016285
0.6271720855
1.1625927703
5.9804706474
4.3122671914
3.0589563364
4.0658283250
4.4826031414
4.4788093439
0.5929540715
0.4856779805
0.4197388977
0.3815055247
0.3611077071
0.3213253200
0.3266602591
0.3479104389
0.3854727661
0.4354330845
0.7884164021
3.4120987189
1.5933480240
2.0102394259
2.1841193103
3.2838551265
492.2707974326
2.0854146741
3.1921831116
4.8613427272
3.6590012358
2.9265581902
4.1406623787
2.8642875098
3.4787030700
0.5303045398
0.4256891257
0.3641356228
0.3324123616
0.3081268816
0.3114068460
0.3273573375
0.3551260694
0.3941945823
0.4470221003
3.4294298438
3.3218164844
1.3313373507
2.9907272369
2.6243159558
2.2481918818
4.4644888630
3.2512324559
3.1259765881
2.7517526055
3.5258286601
3.3940348816
4.6852062342
0.5852332361
0.4752585713
0.3966943437
0.3466908245
0.3188867449
0.3084611465
0.3115583304
0.3319286999
0.3699613522
0.4301931315
3.2652947199
3.6543012371
1.7984242503
1.9579699281
3.1602827496
3.2507066905
1.7445795433
3.8856075889
4.9900717545
0.5412740894
0.4368369483
0.3656858461
0.3249664028
0.3249910394
0.3309258216
0.3678545325
0.8600164234
2.8259132287
2.5729045390
3.5323995132
4.0220290950
3.0169459505
2.3613874904
0.4170470201
0.3517752324
0.3638716449
0.3888938990
2.0914973666
4.7424549025
3.7488109502
0.4162778260
0.4361718481
0.3081268816
492.2707974326