0.0000000262
0.0000000255
0.0000000255
0.0000000260
0.0000000271
0.0000000289
0.0000000500
0.0000000357
0.0000000342
0.0000000375
0.0000000442
0.0000000317
0.0000000308
0.0000000302
0.0000000303
0.0000000312
0.0000000334
0.0000000373
0.0000000438
0.0000000788
0.0000002049
0.0000002597
0.0000001850
0.0000001877
0.0000006156
0.0000002452
0.0000000456
0.0000000365
0.0000000310
0.0000000279
0.0000000159
0.0000000159
0.0000000163
0.0000000170
0.0000000182
0.0000000200
0.0000000654
0.0000000773
0.0000000447
0.0000000601
0.0000000746
0.0000001171
0.0000000243
0.0000000236
0.0000000234
0.0000000240
0.0000000254
0.0000000281
0.0000000527
0.0000002768
0.0000002015
0.0000001421
0.0000001905
0.0000002048
0.0000002146
0.0000000274
0.0000000223
0.0000000191
0.0000000173
0.0000000163
0.0000000147
0.0000000150
0.0000000161
0.0000000179
0.0000000203
0.0000000360
0.0000001532
0.0000000733
0.0000000906
0.0000000987
0.0000001478
0.0001176195
0.0000000916
0.0000001401
0.0000002154
0.0000001623
0.0000001306
0.0000001839
0.0000001259
0.0000001566
0.0000000246
0.0000000196
0.0000000167
0.0000000152
0.0000000142
0.0000000144
0.0000000152
0.0000000165
0.0000000183
0.0000000206
0.0000001473
0.0000001443
0.0000000589
0.0000001293
0.0000001138
0.0000000975
0.0000001923
0.0000001400
0.0000001343
0.0000001185
0.0000001521
0.0000001450
0.0000002020
0.0000000268
0.0000000219
0.0000000183
0.0000000160
0.0000000147
0.0000000142
0.0000000144
0.0000000153
0.0000000170
0.0000000196
0.0000001375
0.0000001546
0.0000000765
0.0000000834
0.0000001333
0.0000001370
0.0000000746
0.0000001633
0.0000002102
0.0000000245
0.0000000200
0.0000000168
0.0000000149
0.0000000149
0.0000000151
0.0000000167
0.0000000372
0.0000001183
0.0000001080
0.0000001477
0.0000001679
0.0000001265
0.0000000993
0.0000000189
0.0000000160
0.0000000165
0.0000000175
0.0000000879
0.0000001976
0.0000001566
0.0000000187
0.0000000195
0.0000000142
0.0001176195