62.4655926773
61.3307855382
61.6242127296
63.1015068415
65.7691047677
69.8174858085
109.2152282033
82.9780572242
81.9353191362
86.9396499344
100.4590215351
77.4663059482
75.6578169419
74.2967690838
74.3348297332
76.3754677774
81.0520127444
89.3334452638
102.7901374909
178.1312394528
413.3115783120
491.3520245953
357.6835241311
391.2001464214
1028.7643318954
461.4032705196
99.4698571623
81.9575976846
71.5315544175
65.5574224934
39.6374753157
39.7220256696
40.6344443561
42.3938640556
45.2188212671
49.5449468337
155.1991932948
179.0828379037
102.3180380395
141.8573213781
170.9711786357
274.1683528336
61.3819285307
59.9577006531
59.6347967667
60.9847378098
64.4541695789
70.6373747255
130.5202255728
667.6454755106
479.2097469545
340.5353262051
451.2608353232
502.8685573017
492.1599408508
65.7127130127
54.0266770002
46.8746045002
42.7340713493
40.5292417695
35.7316738720
36.2613125347
38.4795521626
42.4498435040
47.8840118771
87.9679283611
385.1415579191
177.8779285894
226.4152472345
245.8768043258
370.4812322722
1094.0420145120
237.2046449225
363.4015839449
551.6341814527
414.8131007703
330.8844015710
469.1119705686
325.3628809015
392.2678614204
58.6797778007
47.1553336504
40.4245805188
36.9606873226
34.1229384435
34.4335129743
36.1159752981
39.1104947657
43.4386435114
49.4506234279
392.7286854931
379.1073062352
150.7965566007
341.9685594047
299.7617335583
256.7688162562
511.3526988055
372.2275623827
358.1211264598
314.8995558737
403.3800486414
389.3564127866
536.1021322346
65.0781710501
52.6897109899
43.9348217455
38.4034986281
35.3319977605
34.1675026250
34.4733736238
36.7077372909
40.9865911110
47.9030453072
376.6303745905
420.8233369855
206.6177015945
224.8758220983
364.2965996153
374.9141585979
200.0199698317
448.6888988969
575.7568921854
60.4734479531
48.5859729556
40.5778259950
36.0247178258
36.1068686669
36.7651038877
40.9773370548
98.0460700591
326.9853164936
297.2103640169
409.0878796478
466.1455942581
348.9534736560
272.7002935701
46.5530466926
39.1375976339
40.6360046685
43.5374106459
241.7776289719
551.1080675298
435.1947515987
46.6377109293
49.0359044947
34.1229384435
1094.0420145120