0.0511481975
0.0499722062
0.0500539314
0.0511601744
0.0532778188
0.0565597879
0.0929785423
0.0688580580
0.0664815674
0.0722479307
0.0838821010
0.0624479321
0.0609520025
0.0598756149
0.0599793378
0.0617584140
0.0657566796
0.0728231452
0.0843495392
0.1465818040
0.3640564931
0.4577329693
0.3271808810
0.3340281694
1.0686066334
0.4264229528
0.0851147314
0.0691320267
0.0595856767
0.0540698157
0.0317136480
0.0317614777
0.0324872114
0.0339023950
0.0361803234
0.0396625013
0.1233732579
0.1435945736
0.0836256414
0.1133380390
0.1382154904
0.2181571769
0.0487277880
0.0475698905
0.0473191871
0.0484192558
0.0512279364
0.0562355854
0.1033216086
0.5257510546
0.3796128970
0.2698362986
0.3577449059
0.3952256625
0.3938866086
0.0533035453
0.0436902938
0.0377592910
0.0343130663
0.0324701659
0.0290043607
0.0295066759
0.0314659658
0.0349113578
0.0394317684
0.0706587372
0.3020556342
0.1409772341
0.1781716734
0.1932465542
0.2901294540
94.7539751998
0.1858942695
0.2843017165
0.4311172117
0.3251268727
0.2601216614
0.3678883974
0.2561001730
0.3079649356
0.0477674514
0.0383893797
0.0328529917
0.0299962325
0.0278771037
0.0281938137
0.0296641849
0.0322015422
0.0357341808
0.0404653864
0.3083869585
0.2972194479
0.1190824173
0.2681150212
0.2350221495
0.2014540658
0.4000938254
0.2918015253
0.2811604711
0.2477104443
0.3168250661
0.3066453881
0.4203258813
0.0527700561
0.0428944950
0.0358356437
0.0313371900
0.0288364120
0.0279409176
0.0282395518
0.0301012706
0.0335473550
0.0389808281
0.2969670743
0.3308394803
0.1631818542
0.1772629312
0.2867710856
0.2953994131
0.1581853927
0.3540409980
0.4531256221
0.0489359291
0.0395031489
0.0330877339
0.0294195156
0.0294626298
0.0300160165
0.0333737681
0.0781929890
0.2587080925
0.2348249250
0.3232669652
0.3685136178
0.2761225149
0.2160979628
0.0377817274
0.0318754171
0.0330160098
0.0353063495
0.1916603624
0.4363399685
0.3448225719
0.0377707903
0.0396209719
0.0278771037
94.7539751998