0.0031690912
0.0030853946
0.0030852044
0.0031524586
0.0032858055
0.0034952128
0.0059935237
0.0043084094
0.0041318646
0.0045285701
0.0053239885
0.0038444371
0.0037417319
0.0036685641
0.0036740425
0.0037898711
0.0040520402
0.0045183059
0.0052847994
0.0094355629
0.0243598821
0.0308808793
0.0220255290
0.0223024472
0.0731404315
0.0290780959
0.0054718762
0.0043904923
0.0037441308
0.0033694756
0.0019294536
0.0019320610
0.0019776244
0.0020667185
0.0022102860
0.0024299735
0.0078388161
0.0092346315
0.0053580649
0.0071968951
0.0089219429
0.0139836141
0.0029559135
0.0028748494
0.0028542727
0.0029211450
0.0030979667
0.0034173798
0.0063723642
0.0331677401
0.0241284017
0.0170562990
0.0227793856
0.0246157839
0.0255959506
0.0033138198
0.0026978602
0.0023172554
0.0020962243
0.0019780827
0.0017838954
0.0018181968
0.0019467699
0.0021702658
0.0024560987
0.0043551196
0.0185162013
0.0088154822
0.0109605671
0.0119175174
0.0178449420
18.9180794982
0.0111711575
0.0170559663
0.0261557576
0.0196993921
0.0158344912
0.0223419882
0.0153674464
0.0189024090
0.0029682411
0.0023779324
0.0020269835
0.0018458238
0.0017203870
0.0017424731
0.0018375184
0.0019980871
0.0022153191
0.0024969794
0.0181292672
0.0176734354
0.0071727524
0.0158668141
0.0139534537
0.0119584207
0.0235946124
0.0172080373
0.0165232853
0.0145648834
0.0186879701
0.0178971349
0.0247995179
0.0032495396
0.0026507662
0.0022155351
0.0019354002
0.0017793166
0.0017211425
0.0017409349
0.0018557907
0.0020622831
0.0023788409
0.0170687613
0.0191378038
0.0094603686
0.0103028196
0.0165392551
0.0169848573
0.0092109411
0.0202723250
0.0260691340
0.0029823138
0.0024234926
0.0020356492
0.0018113158
0.0018047863
0.0018374125
0.0020335924
0.0045774180
0.0146912767
0.0134129656
0.0183372120
0.0208637185
0.0156980787
0.0123182043
0.0023001093
0.0019497133
0.0020045323
0.0021337232
0.0108958333
0.0244879638
0.0193833705
0.0022822684
0.0023778943
0.0017203870
18.9180794982