0.3098125456
0.3032870449
0.3042065565
0.3112349396
0.3243433808
0.3444793843
0.5559733233
0.4160333089
0.4050227951
0.4360185910
0.5058023916
0.3810992518
0.3718665906
0.3650630121
0.3654120570
0.3759403872
0.3999117299
0.4423960877
0.5116803674
0.8931091741
2.1584203333
2.6633056059
1.9077220879
2.0085456348
6.0181124615
2.4709877578
0.5075776189
0.4142844853
0.3586492724
0.3266183817
0.1938602415
0.1942097915
0.1986906191
0.2073829804
0.2213606849
0.2427555355
0.7649099342
0.8878482310
0.5103007196
0.7003257805
0.8505747880
1.3547454804
0.2990342251
0.2917714286
0.2900816547
0.2967346706
0.3139376891
0.3447029248
0.6380779742
3.2752526540
2.3596073885
1.6749149238
2.2242440572
2.4583960654
2.4444938163
0.3250632566
0.2664484879
0.2304302838
0.2095454273
0.1984028274
0.1763472457
0.1792312590
0.1907947472
0.2112722157
0.2386163370
0.4327796160
1.8744702525
0.8735249691
1.1041078871
1.1991558179
1.8033275920
359.6178043136
1.1479518803
1.7571894512
2.6734763663
2.0121651604
1.6086655319
2.2769344468
1.5766707604
1.9106270312
0.2907247649
0.2334489777
0.1997784427
0.1824255753
0.1690344406
0.1708011307
0.1794992813
0.1946889842
0.2161440175
0.2452724808
1.8915565013
1.8304067103
0.7326601841
1.6487148935
1.4463215981
1.2390237619
2.4616830651
1.7928040270
1.7241998020
1.5175316339
1.9441026384
1.8731174565
2.5831050523
0.3211523721
0.2606967857
0.2175875485
0.1901804752
0.1749437961
0.1692502707
0.1709318942
0.1821078440
0.2030493342
0.2363165898
1.8047780965
2.0186478556
0.9932158323
1.0810249942
1.7461918727
1.7964383387
0.9629945843
2.1481109736
2.7577055952
0.2973474332
0.2398026009
0.2006811461
0.1783190398
0.1784277656
0.1817002979
0.2020833582
0.4743779665
1.5634375907
1.4227268470
1.9545732051
2.2258611242
1.6689337354
1.3058815439
0.2291217802
0.1931644634
0.1999640831
0.2138230428
1.1569885145
2.6265452927
2.0758299338
0.2288774853
0.2399865162
0.1690344406
359.6178043136