320.2902349599
320.2072530435
324.6418051815
333.1797894351
346.1602032138
364.3474352213
441.5249328914
406.7997429679
416.6212598895
421.2415416475
453.3702563953
412.0320770824
407.3008064244
403.0805604059
403.4341080668
411.0162824048
427.9813184437
456.8146387214
500.7685267886
752.5624975211
1223.7327819709
1260.6371691225
940.5140244559
1224.5567987138
1863.0517356524
981.2815526129
408.3944873603
365.1325976588
339.7877545691
326.0881439610
221.8484090084
222.5021518609
226.9852578309
235.4703731986
249.0057112410
269.6660376443
725.8121421173
777.6818576182
443.4071749203
658.5340116703
725.0520747212
1216.5769769002
348.7784258959
345.6078832649
346.1403841134
353.6539188844
370.3516808894
398.2826393903
696.1542953101
3249.4071932183
2246.1929085158
1642.4091850796
2088.7118501663
2594.3742417860
2040.3191297286
334.4778316465
283.5247441635
252.8134010007
235.0353081663
225.5741672164
190.2260561097
191.2697166437
198.9522807747
214.2179599323
239.4622935537
469.6518843079
2123.5883070160
898.1608774060
1234.6019576712
1322.9588451307
2013.7311706208
132.9258798534
1410.1926763563
2166.1854617846
3172.4825736905
2383.4097666721
1869.5426459643
2686.0514648506
1936.0946308279
2144.9404736923
298.6781665554
243.3222537499
212.3111342696
196.4054902208
178.4958026109
178.7689746707
185.3394606201
198.9760970031
222.1138251790
259.0279450348
2500.6756796023
2333.2179458592
884.9677930500
2138.6720517701
1856.6204467125
1591.7520281125
3223.9732616180
2350.2680727979
2282.7701779952
1997.5318354238
2544.1507630979
2528.6066020772
3371.8139240340
344.9680539505
274.5877570928
228.2865305956
200.3863969696
185.0524924314
180.0162098886
180.8533214663
192.4667396538
217.8436670197
263.2109843814
2561.4956522435
2808.2481779908
1368.3811617457
1479.1616264586
2455.4687316652
2541.3606079049
1306.3174271419
3077.4529400826
3904.3914087310
334.4069609567
261.0652876467
215.2161565441
190.3354381930
194.8416093716
198.9271787064
226.1469666168
626.0773420644
2289.9641662671
2050.6031266747
2874.3493363665
3294.4370093894
2435.1743958830
1887.4028090519
258.0512434861
212.6248062523
227.5152260779
248.3060444488
1687.8048705069
3976.3292688790
3121.8509327581
266.1841376884
287.1577266843
132.9258798534
3976.3292688790