0.9210941146
0.9024406017
0.9056041503
0.9267173576
0.9657426760
1.0254886923
1.6403360370
1.2326578920
1.2049108867
1.2918630350
1.4963754372
1.1354545137
1.1083170563
1.0882131539
1.0891583369
1.1201146447
1.1906720762
1.3156579093
1.5192433532
2.6441589911
6.3203696816
7.7178905109
5.5569043867
5.9049203487
17.0540921484
7.1915131443
1.4968354299
1.2250213467
1.0629881540
0.9698117818
0.5786329125
0.5797283714
0.5930747411
0.6189232553
0.6604712523
0.7240703043
2.2748924138
2.6355323975
1.5130484384
2.0820416507
2.5225938697
4.0249923772
0.8935082831
0.8721727001
0.8672747100
0.8870984628
0.9382060166
1.0294782114
1.9036786852
9.7539511096
7.0189305896
4.9848492107
6.6140917445
7.3309060222
7.2503088254
0.9667135699
0.7932001036
0.6866875225
0.6249498915
0.5920267860
0.5249689635
0.5333298964
0.5672288515
0.6274281477
0.7083403084
1.2891417767
5.5991590871
2.6014269313
3.2960934511
3.5793653484
5.3859475430
254.2996292824
3.4367366441
5.2620347717
7.9979686651
6.0183801705
4.8081386661
6.8087375600
4.7189714291
5.7058828113
0.8642649234
0.6942156166
0.5944371921
0.5430358363
0.5026711234
0.5077378146
0.5332980216
0.5781644406
0.6419428096
0.7291038342
5.6744076294
5.4850066519
2.1909480737
4.9435496109
4.3351913790
3.7139099432
7.3846477332
5.3776738100
5.1731757111
4.5517779319
5.8307582743
5.6227181654
7.7470509454
0.9559887113
0.7754217527
0.6470339903
0.5655689096
0.5202990101
0.5033488295
0.5082167320
0.5413716885
0.6038865864
0.7037237263
5.4264690120
6.0656622041
2.9828134916
3.2460235409
5.2491693420
5.4011624496
2.8904805539
6.4613455796
8.2923362707
0.8862927027
0.7139137063
0.5970821717
0.5304209951
0.5310693221
0.5408089924
0.6018936508
1.4217790731
4.7057643891
4.2799060013
5.8841173241
6.7027820077
5.0227105679
3.9284635670
0.6828009268
0.5751397173
0.5959960865
0.6377209466
3.4815838062
7.9156502554
6.2541963227
0.6827614250
0.7165754868
0.5026711234
254.2996292824