1.0485907650
1.0281600416
1.0315522105
1.0545352594
1.0970085604
1.1619176643
1.8258149722
1.3944144784
1.3573659026
1.4608188235
1.6745766010
1.2875942033
1.2605647910
1.2410018608
1.2436652743
1.2782647626
1.3551097965
1.4897947019
1.7074276972
2.8776759830
6.8353686384
8.4794328581
6.0994194936
6.2963609904
19.3216813067
7.8383174344
1.6762150841
1.3802090182
1.2035321134
1.1018278459
0.6622375202
0.6633276708
0.6779454190
0.7063688036
0.7520545216
0.8217880829
2.4484685984
2.8144369954
1.6529002853
2.2522613056
2.7055377993
4.2800107853
1.0195213230
0.9993357227
0.9961896585
1.0192272361
1.0756126368
1.1745595873
2.1163676118
10.4773403337
7.5177239451
5.3795381734
7.0630700354
7.9837455918
7.6254938661
1.0872086746
0.8979106762
0.7812638205
0.7134193923
0.6771067310
0.5990351843
0.6082109607
0.6458067422
0.7127901135
0.8031371661
1.4515090122
6.2090114442
2.8407101112
3.6566737217
3.9510484873
5.9400766232
148.6724489480
3.9142347682
5.9862466609
8.9685742506
6.7725678001
5.3958998695
7.6537238888
5.4040846321
6.3185909345
0.9750617203
0.7866155966
0.6761566799
0.6191640290
0.5738917898
0.5795202128
0.6082528585
0.6590174005
0.7318512736
0.8325751345
6.6547403434
6.3304503990
2.5029827454
5.7454232899
5.0194602295
4.3055085519
8.5925275722
6.2765317574
6.0732199698
5.3473941469
6.8181471050
6.6820372071
9.0271914956
1.0881481831
0.8813519355
0.7361133654
0.6445162309
0.5937112024
0.5765740194
0.5822472424
0.6205927772
0.6937196634
0.8122690184
6.5924687879
7.2772825483
3.5870942287
3.8828100242
6.3394019583
6.5490809475
3.4624554730
7.8946004242
10.0405702067
1.0214545938
0.8186563484
0.6836477914
0.6073934644
0.6119055343
0.6238774231
0.6971185102
1.7025633751
5.8270338602
5.2516309827
7.2873440420
8.3310777232
6.2120366421
4.8489000834
0.7900306157
0.6630809766
0.6926370491
0.7444212842
4.3160976516
9.9634896993
7.8574371300
0.7966036536
0.8419518591
0.5738917898
148.6724489480