11.2035434420
10.9921928489
11.0396559383
11.3010645844
11.7769653365
12.5013766755
19.6956077915
14.9372557467
14.6722302744
15.6444500579
18.0824764822
13.8612140438
13.5372979052
13.2952204997
13.3048006017
13.6742813529
14.5180192206
16.0113968997
18.4390189820
31.9368642919
74.8826526369
90.4761238677
65.2984385461
70.4749914036
195.8947722128
84.1559388781
17.9541173305
14.7623167952
12.8611052788
11.7702540754
7.0865957223
7.1008827180
7.2636216436
7.5780846894
8.0832259232
8.8565656799
27.6830944235
31.9691110911
18.3214311221
25.3208284834
30.5551942037
48.8922513942
10.9603081796
10.7060911636
10.6491677794
10.8912984792
11.5123365085
12.6188375883
23.2878055831
118.9522029522
85.4359062176
60.7309102978
80.4622409508
89.6076741606
87.8189315362
11.7709663461
9.6740528744
8.3889030206
7.6443631836
7.2475550467
6.4033923529
6.5005278473
6.9030951625
7.6218850746
8.5999134227
15.7392645121
68.6399105158
31.7437897159
40.3775074517
43.8298779084
66.0025351499
613.8446599446
42.2868869548
64.7649899338
98.2757694207
73.9304095945
58.9984713495
83.6176000780
58.0409104471
69.9172105667
10.5188525236
8.4538684737
7.2456932059
6.6235360708
6.1219544098
6.1797305238
6.4847907580
7.0253337388
7.8025587313
8.8767583823
70.0591086417
67.6042482252
26.9194804054
60.9862686818
53.4540421482
45.7916502386
91.1592516754
66.3795919107
63.8807206737
56.1845066109
71.9535777863
69.4898371768
95.5994041601
11.6605084845
9.4467966234
7.8798541269
6.8885420530
6.3379160759
6.1315102821
6.1881353702
6.5905685335
7.3574260148
8.5924860092
67.2458785688
75.0963927172
36.8984190891
40.1439457504
65.0228423357
66.9276718656
35.7234822405
80.1189185198
102.7603705040
10.8339021526
8.7105449230
7.2783023752
6.4633304116
6.4779243857
6.5968815093
7.3506005883
17.5348238499
58.4176797874
53.0835382834
73.0722028862
83.2674526215
62.3398815357
48.7261067318
8.3447464586
7.0194141355
7.2862299291
7.8048062670
43.2066832461
98.4706987187
77.7673847670
8.3580748281
8.7855276491
6.1219544098
613.8446599446