1.1485659476
1.1250971947
1.1289299422
1.1552118281
1.2038842467
1.2784555372
2.0495862360
1.5381706500
1.5024702415
1.6123754056
1.8682115966
1.4152727132
1.3813009146
1.3561606025
1.3573483460
1.3960530751
1.4842699005
1.6405695054
1.8952490594
3.3019752645
7.9138059992
9.6772731536
6.9646276854
7.3873177541
21.4400375836
9.0146107423
1.8700757371
1.5294978074
1.3264588687
1.2096733272
0.7208797909
0.7222333807
0.7388765713
0.7711194014
0.8229496558
0.9022887924
2.8380559223
3.2897209573
1.8888809922
2.5976221521
3.1494168387
5.0232741562
1.1129315538
1.0862104378
1.0800425657
1.1047449333
1.1685023124
1.2824179529
2.3723934402
12.1642846828
8.7560143364
6.2173844553
8.2518868263
9.1383416048
9.0525983831
1.2055130452
0.9888598639
0.8558403869
0.7787352087
0.7376146056
0.6544140656
0.6649024104
0.7073144895
0.7825781505
0.8835754775
1.6068380509
6.9755875019
3.2435515191
4.1069964291
4.4603136636
6.7106495595
277.3297895060
4.2785759014
6.5509357575
9.9600226528
7.4949626722
5.9889652986
8.4796440520
5.8751935526
7.1092207606
1.0778159365
0.8656536309
0.7411114643
0.6769480870
0.6267546028
0.6331237064
0.6650790111
0.7211006938
0.8006105218
0.9090943364
7.0597015523
6.8264924798
2.7282110450
6.1514402819
5.3950082429
4.6218389744
9.1878522673
6.6909686963
6.4358779460
5.6631077135
7.2547813578
6.9937027415
9.6393362282
1.1917588808
0.9668372877
0.8067920068
0.7051897831
0.6487231156
0.6275690035
0.6336704566
0.6750199940
0.7528700969
0.8770389320
6.7460577376
7.5425325780
3.7092862733
4.0370461249
6.5263723019
6.7150054733
3.5951837972
8.0319230706
10.3087758345
1.1044380028
0.8899007996
0.7443743669
0.6612993493
0.6619798931
0.6741077372
0.7501003501
1.7689956915
5.8480568902
5.3197935948
7.3123302894
8.3288044404
6.2421663231
4.8828782109
0.8508652496
0.7168587595
0.7426333730
0.7944733496
4.3269066487
9.8332523514
7.7699761422
0.8505664373
0.8924501407
0.6267546028
277.3297895060