0.0018442971
0.0017969927
0.0017971966
0.0018357736
0.0019119240
0.0020312596
0.0034480654
0.0024936231
0.0023945357
0.0026201734
0.0030723874
0.0022340317
0.0021767392
0.0021363071
0.0021404334
0.0022069682
0.0023561832
0.0026206297
0.0030545633
0.0054017066
0.0138485624
0.0175493605
0.0125298762
0.0126884241
0.0414754002
0.0165285525
0.0031511505
0.0025375002
0.0021706049
0.0019579472
0.0011281770
0.0011296408
0.0011557404
0.0012067888
0.0012889809
0.0014145589
0.0044630870
0.0052618001
0.0030786142
0.0041140332
0.0050873317
0.0079491938
0.0017228925
0.0016785888
0.0016684937
0.0017077505
0.0018090036
0.0019905632
0.0036577591
0.0187530109
0.0136604693
0.0096685800
0.0129015226
0.0139333109
0.0144830516
0.0019185960
0.0015674104
0.0013501034
0.0012237189
0.0011560691
0.0010408220
0.0010602375
0.0011336841
0.0012615768
0.0014255444
0.0025029918
0.0105155961
0.0050176122
0.0062374017
0.0067806162
0.0101364269
3.8834224400
0.0064155985
0.0097879831
0.0148954277
0.0112687761
0.0090508300
0.0127441152
0.0088619658
0.0107435554
0.0017207982
0.0013821128
0.0011806972
0.0010765830
0.0010041147
0.0010165749
0.0010711683
0.0011638065
0.0012897898
0.0014541019
0.0106114816
0.0102169453
0.0041393842
0.0092216884
0.0080922670
0.0069407201
0.0137316866
0.0100422551
0.0096935942
0.0085699662
0.0109247895
0.0106347260
0.0144493309
0.0018923397
0.0015432716
0.0012908510
0.0011287260
0.0010383828
0.0010069433
0.0010182922
0.0010854042
0.0012071050
0.0013955983
0.0103728194
0.0114584836
0.0056970784
0.0061635045
0.0099811330
0.0103133914
0.0055346917
0.0124419512
0.0157745793
0.0017519156
0.0014193745
0.0011911211
0.0010597624
0.0010604831
0.0010800938
0.0011981453
0.0027617103
0.0091831180
0.0082803177
0.0114663377
0.0131201793
0.0098140283
0.0076859760
0.0013562688
0.0011465132
0.0011857995
0.0012659321
0.0068385978
0.0156883013
0.0124204989
0.0013548465
0.0014195816
0.0010041147
3.8834224400