0.6209940608
0.6084074670
0.6105339664
0.6247647099
0.6510736521
0.6913544573
1.1060833094
0.8313228592
0.8123210252
0.8712545476
1.0090598535
0.7654750325
0.7471769310
0.7336234243
0.7342631710
0.7551386682
0.8027169560
0.8869975016
1.0242819015
1.7827539113
4.2635703470
5.2105495892
3.7492214647
3.9813780796
11.5435886033
4.8496854018
1.0093273018
0.8259926762
0.7167037309
0.6538564381
0.3900897902
0.3908259018
0.3998224469
0.4172482448
0.4452583991
0.4881342491
1.5335663259
1.7767284881
1.0200639178
1.4035907939
1.7005855248
2.7133909327
0.6023338333
0.5879486584
0.5846468592
0.5980126585
0.6324702916
0.6940080053
1.2832946674
6.5752646418
4.7316551833
3.3604408395
4.4587506761
4.9418736302
4.8878081368
0.6517921770
0.5347890081
0.4629617851
0.4213274561
0.3991239931
0.3539529327
0.3595943839
0.3824619294
0.4230687690
0.4776380045
0.8691605333
3.7744394489
1.7537880499
2.2219879279
2.4129628012
3.6307104397
214.4291749670
2.3167041195
3.5470261014
5.3913366209
4.0569244463
3.2412002165
4.5899255802
3.1812740038
3.8464196500
0.5827422364
0.4680828221
0.4007991296
0.3661359841
0.3389369225
0.3423572391
0.3595994282
0.3898609916
0.4328708699
0.4916379740
3.8250519387
3.6974524884
1.4769786298
3.3323306714
2.9222690376
2.5034565408
4.9776946124
3.6249662848
3.4871826442
3.0683301834
3.9303275838
3.7901107049
5.2220787838
0.6445690513
0.5228390060
0.4362774405
0.3813477101
0.3508222644
0.3393973705
0.3426831663
0.3650427819
0.4071945813
0.4744995090
3.6577747595
4.0886106872
2.0105776384
2.1880562811
3.5382233739
3.6406017102
1.9484257575
4.3553037045
5.5892522735
0.5975611760
0.4813588241
0.4025938164
0.3576493727
0.3580827516
0.3646513171
0.4058330029
0.9584558071
3.1719325425
2.8848056706
3.9662377195
4.5179951476
3.3856257417
2.6481094424
0.4603711407
0.3877929800
0.4018458573
0.4299720557
2.3467931120
5.3355214977
4.2155276805
0.4603336732
0.4831208215
0.3389369225
214.4291749670