213.0511693050
210.6824342945
212.4989724180
217.8822816696
226.9420710138
240.2907113604
343.9031440298
277.2420436266
279.7201495829
289.3337843993
327.7972457132
268.5961237543
263.3383125178
259.1811880591
259.2351905390
265.4663738332
279.7794814761
304.9073385388
345.1071150646
575.0564633346
1193.6306435548
1330.3025487860
987.7831267840
1162.9577261212
2444.5919939214
1230.5728873013
313.7025819383
265.6240905262
237.1264277609
221.0276755654
139.9631218264
140.3299581395
143.4371380167
149.3708993446
158.8706387546
173.4137150790
520.8911702535
587.9434493480
333.8185766300
474.5882833886
556.5713810470
907.2521437333
218.3306323852
214.2751894344
213.5880269530
218.3174531955
229.9786967853
250.3956748723
455.4457973098
2271.7617754540
1610.8245697946
1153.5234415921
1511.1746534057
1740.5738035735
1597.2028598814
224.3108323733
186.3158395829
163.2301863563
149.8855958710
142.7934116173
123.5919765826
124.9627459985
131.5745808920
143.8005071736
161.6929371680
305.4587431387
1360.9106054637
610.2727881690
796.6216981788
861.9311603629
1304.1242086291
1454.3708665223
858.9489766931
1317.6989321571
1977.5852943656
1485.4822078384
1177.5933584170
1677.6913980029
1177.0736063564
1382.1710900428
200.0303845789
161.3961914599
139.1847824766
127.7774238303
117.1254285279
117.8277607113
123.0130515152
132.7472614044
147.7001614749
169.6822995412
1454.7276177378
1388.5320701329
542.4735612564
1259.4331403656
1100.3158122270
942.6242668839
1889.6107692179
1375.5313742925
1327.3163195415
1164.5093201930
1489.3229372385
1451.3841050311
1978.2814547874
224.8813761567
180.8796414588
150.5858025669
131.7736658800
121.3639504985
117.4955793884
118.3192018319
125.9166446349
141.2695373010
167.1587429488
1427.0734414064
1584.6156357527
775.0136107654
841.8434073601
1376.4433886225
1419.2181953012
746.3284230445
1705.2955695596
2180.3154272890
211.8986497316
168.4433523201
139.9706234122
124.0500677262
125.1857625893
127.5477843951
143.1645850034
362.0491163350
1251.6512534902
1131.6526808071
1568.3728803286
1790.9323530714
1333.9601909532
1038.8713678989
163.0876970001
136.0726906274
142.7563190789
153.9572684513
923.9424488650
2133.3954727096
1680.6570936072
165.0449172392
175.1324568940
117.1254285279
2444.5919939214