89.3748103078
87.7931714789
88.2396903241
90.3703901924
94.1975688141
99.9942024698
155.6643429380
118.4987937016
117.3327860806
124.1598947663
143.4219337597
111.0007779487
108.4168237158
106.4643056522
106.5073578136
109.4087510564
116.0699874428
127.8676021276
147.0300166676
254.7061674877
586.8443751812
692.0378725838
505.6437633166
557.4909789911
1425.9405720400
652.1235017091
141.6881789414
116.9156228056
102.1721280046
93.7317378714
56.8379931527
56.9627857848
58.2717892431
60.7930926838
64.8402619266
71.0390227510
222.6065024664
256.6855750480
146.4413483429
203.4088779238
244.9010870974
393.2242530575
88.0817016698
86.0442148149
85.5811386220
87.5137755665
92.4821829562
101.3355611093
187.2997547359
958.4123516117
687.5450700472
488.5751941386
647.4048010837
721.9950457752
705.4770490516
94.0923481196
77.3854293390
67.1686254097
61.2559883737
58.1088799762
51.1628738026
51.9087422619
55.0569936275
60.7021187808
68.4617469239
126.0599577730
553.0963927756
255.1912647078
325.0785874404
353.0428463791
532.1194724302
1247.1747412443
340.7516728667
522.1157672669
792.5403844125
595.8272116953
475.1501336355
673.7892307623
467.2226290451
563.3094757200
83.9923013056
67.4974392619
57.8742109544
52.9231717781
48.8278358699
49.2613369095
51.6518905549
55.9203105730
62.1128223391
70.7449749849
564.1884822233
544.6182592268
216.4682191515
491.2904032851
430.6423553358
368.8629364762
734.7859070374
534.8219026625
514.5143887076
452.3001856500
579.4827534853
559.2811040060
770.2298432574
93.1910574720
75.4204971444
62.8767989480
54.9587736827
50.5626026815
48.8876188219
49.3168065640
52.5076002091
58.6389198821
68.5745493035
541.0531244944
604.5975987310
296.7403195475
323.0027006045
523.3807210290
538.6219146865
287.2321896385
644.5693766815
827.1797184840
86.6219480944
69.5591152177
58.0764444092
51.5519268498
51.6757402845
52.6150831097
58.6584551754
140.6792669561
469.6888887340
426.9065326244
587.7023393656
669.6689850887
501.2316023731
391.6441336429
66.6648472391
56.0243583677
58.1863942355
62.3541491899
347.2242013395
791.6871124244
625.1271664790
66.8040548788
70.2587306600
48.8278358699
1425.9405720400