5.8855468694
5.7684250860
5.7876708114
5.9190414130
6.1620757728
6.5339299036
10.3614880211
7.8391952662
7.6530782753
8.2172890640
9.4705905452
7.2365466124
7.0750071379
6.9569549288
6.9681237853
7.1641182477
7.6042883755
8.3794810411
9.6369886533
16.4888680189
39.3204464374
48.2389108384
34.8298227394
36.4745676443
107.6006238521
45.0104451536
9.4834110114
7.7859780391
6.7733208708
6.1905615976
3.7067495964
3.7132691110
3.7967120683
3.9586492031
4.2189130893
4.6166509726
14.0845599570
16.2609325781
9.4589184226
12.9304317735
15.6073984647
24.7645908964
5.7119423128
5.5884158034
5.5648020244
5.6928843795
6.0135027161
6.5805883463
11.9859482064
60.2526168620
43.3135355565
30.8806556918
40.7538541279
45.5968965400
44.3593182026
6.1320750661
5.0499963206
4.3842854515
3.9976749293
3.7910881211
3.3577299256
3.4101741480
3.6237117964
4.0033829086
4.5140469605
8.1714783295
35.1497483717
16.2129653430
20.7049135971
22.4268229555
33.7212559200
217.5238794739
21.9019172205
33.5062389701
50.5131421074
38.0993329532
30.3954128422
43.0668635734
30.1727558090
35.7988086860
5.4918671404
4.4224154414
3.7951129517
3.4716665981
3.2163652047
3.2483571682
3.4105025255
3.6959489728
4.1034177574
4.6634576772
36.7880051494
35.2166023343
13.9915357760
31.8758502975
27.8932119359
23.9139823798
47.6469032249
34.7681941725
33.5672905501
29.5567050448
37.7445397965
36.7736197027
50.0310102059
6.1049372156
4.9484093671
4.1315617511
3.6149251742
3.3281225000
3.2270813179
3.2585902827
3.4721702136
3.8772828197
4.5296947704
35.9976677056
39.8991554298
19.6609628683
21.3196275941
34.6859511047
35.7893168210
19.0103417097
43.0404271192
54.8811545456
5.7018361683
4.5797290540
3.8270325611
3.4000197437
3.4166870957
3.4816523396
3.8835864833
9.3546695888
31.6411470758
28.5935462698
39.5657884451
45.1856774166
33.7497385082
26.3669349770
4.4038146568
3.7015911183
3.8541976867
4.1346746852
23.4367826547
53.8509141858
42.4981714684
4.4259492357
4.6649505823
3.2163652047
217.5238794739