0.6120131018
0.5990037418
0.6007630874
0.6146341381
0.6405544406
0.6804018195
1.1010429576
0.8219173580
0.8002712095
0.8616359377
1.0004088169
0.7525658288
0.7342124404
0.7206983298
0.7213768631
0.7422372013
0.7897510239
0.8739902832
1.0114354951
1.7683573295
4.2839428394
5.2806372677
3.7868514165
3.9871697272
11.8923619815
4.9131008045
1.0048577687
0.8195658375
0.7090604276
0.6454244463
0.3825539500
0.3832429809
0.3921029434
0.4092912755
0.4369319913
0.4792424520
1.5131578927
1.7578596710
1.0103652605
1.3855069738
1.6844283666
2.6817195069
0.5900166201
0.5755634872
0.5721686282
0.5852961420
0.6193085796
0.6801803512
1.2601138223
6.4761434611
4.6676633167
3.3119836458
4.4005410164
4.8572570275
4.8421528248
0.6422025037
0.5262064721
0.4549233276
0.4135926818
0.3915432355
0.3481783721
0.3539095982
0.3768249802
0.4173724190
0.4714253068
0.8544693872
3.7002073120
1.7260528221
2.1796880978
2.3678673597
3.5605251197
508.1282241514
2.2635907117
3.4650072824
5.2745210798
3.9698605998
3.1744662116
4.4923115628
3.1091044723
3.7721036634
0.5743301916
0.4610963245
0.3945058379
0.3601876639
0.3337903879
0.3373052019
0.3545238750
0.3845528578
0.4268946201
0.4842768342
3.7257707843
3.6074089905
1.4447691672
3.2484677185
2.8500449507
2.4415469890
4.8496174951
3.5317495167
3.3960825224
2.9892389768
3.8299944215
3.6881976790
5.0890005997
0.6341247332
0.5148453123
0.4297148265
0.3755642329
0.3454568731
0.3341775486
0.3375097317
0.3595717501
0.4008464993
0.4663233072
3.5507142906
3.9727590653
1.9549028523
2.1279403667
3.4361072132
3.5346456038
1.8958587084
4.2257915564
5.4260246112
0.5867894195
0.4733909210
0.3962163753
0.3520762027
0.3521901491
0.3586311810
0.3987569061
0.9341954790
3.0741631896
2.7983598547
3.8429932440
4.3760023149
3.2818462272
2.5682984163
0.4521165954
0.3812531689
0.3945134028
0.4217473926
2.2750401371
5.1615996758
4.0796823030
0.4514517186
0.4731908057
0.3337903879
508.1282241514