12.6539997680
12.4153692057
12.4691295579
12.7646060509
13.3024369075
14.1210771811
22.2472080979
16.8689520669
16.5742186561
17.6677083749
20.4235343157
15.6572514997
15.2908815181
15.0169602638
15.0274799600
15.4447580191
16.3980079007
18.0854328196
20.8286973114
36.0876995185
84.5952591526
102.1232638232
73.7332507661
79.6455429128
220.7147014303
95.0879803547
20.2794449313
16.6738863330
14.5262656305
13.2940791015
8.0040770578
8.0202656727
8.2041752661
8.5595084266
9.1302943962
10.0041709426
31.2900641593
36.1367270167
20.7028747117
28.6184210283
34.5357544664
55.2707027526
12.3802254207
12.0925163251
12.0278697574
12.3012718961
13.0029567139
14.2533926463
26.3125078757
134.4600287013
96.5756480115
68.6436041010
90.9528161282
101.2724367175
99.2856646665
13.2966348309
10.9272974886
9.4753004165
8.6341487956
8.1858807999
7.2320211530
7.3416927662
7.7963056807
8.6080499176
9.7127067863
17.7793719352
77.5601579490
35.8740265285
45.6234230251
49.5277199824
74.5833584809
638.0983455205
47.7689157851
73.1615979650
111.0346354454
83.5259201569
66.6568548524
94.4711487249
65.5596496530
79.0048301442
11.8813855510
9.5484389090
8.1835479409
7.4807174335
6.9138316503
6.9790255505
7.3234800779
7.9338652020
8.8115641690
10.0246653070
79.1141203286
76.3554127346
30.4064773737
68.8746915141
60.3710315388
51.7172562573
102.9524800841
74.9622951564
72.1368716757
63.4444033266
81.2572895447
78.4586958610
107.9641657642
13.1698067545
10.6694894511
8.8995419483
7.7797792164
7.1578009680
6.9242962000
6.9881637178
7.4425185744
8.3083471948
9.7027506804
75.9062448718
84.7777874189
41.6530597776
45.3219510192
73.4017992682
75.5490727308
40.3293394449
90.4288118778
115.9995446158
12.2345972171
9.8369999154
8.2195368531
7.2990982719
7.3150847756
7.4492810325
8.3000984764
19.7947288865
65.9248422034
59.9126335855
82.4623431032
93.9652841735
70.3512115624
54.9902237107
9.4230191248
7.9265879717
8.2272391054
8.8124216550
48.7573505803
111.1050073910
87.7442317292
9.4372754705
9.9192469951
6.9138316503
638.0983455205