0.0068043793
0.0066288421
0.0066309554
0.0067768222
0.0070638396
0.0075133991
0.0127980034
0.0092450631
0.0088771340
0.0097135212
0.0114005252
0.0082700698
0.0080510618
0.0078941153
0.0079048664
0.0081514388
0.0087106025
0.0097050288
0.0113384041
0.0201978094
0.0517782752
0.0655467980
0.0466943225
0.0474533266
0.1547835142
0.0615170244
0.0116832239
0.0093909310
0.0080211773
0.0072278229
0.0041559356
0.0041617994
0.0042598383
0.0044513666
0.0047599589
0.0052322505
0.0168567766
0.0198232541
0.0114746059
0.0154745340
0.0191044091
0.0300866701
0.0063741911
0.0062009088
0.0061568779
0.0063006506
0.0066807185
0.0073668726
0.0137533889
0.0715390613
0.0519342290
0.0367152102
0.0490560818
0.0531693193
0.0549026011
0.0071222578
0.0058016475
0.0049862557
0.0045128677
0.0042599233
0.0038354668
0.0039080803
0.0041820208
0.0046591641
0.0052723671
0.0093781072
0.0400532960
0.0190143193
0.0236643726
0.0257366623
0.0385997338
46.2246085092
0.0241623922
0.0369373128
0.0565918081
0.0426506769
0.0342213266
0.0482928683
0.0332198921
0.0409221068
0.0063779945
0.0051098878
0.0043570690
0.0039685927
0.0036960815
0.0037426175
0.0039454322
0.0042892635
0.0047566536
0.0053658720
0.0392414806
0.0382439757
0.0154981149
0.0343185726
0.0301784058
0.0258516115
0.0510981577
0.0372203076
0.0357532984
0.0315174255
0.0404123747
0.0386965067
0.0537164560
0.0069875884
0.0056966983
0.0047602246
0.0041582956
0.0038230218
0.0036973636
0.0037392764
0.0039857684
0.0044308401
0.0051155736
0.0368551588
0.0413977565
0.0204340700
0.0222631655
0.0357246996
0.0367069105
0.0198886362
0.0437695446
0.0563197636
0.0064149775
0.0052095267
0.0043742153
0.0038915660
0.0038781895
0.0039483128
0.0043716603
0.0098769554
0.0316986579
0.0289546481
0.0395677769
0.0449919659
0.0338624166
0.0265722745
0.0049456160
0.0041904045
0.0043097757
0.0045890047
0.0234871400
0.0527828297
0.0417896882
0.0049086625
0.0051160249
0.0036960815
46.2246085092