0.0096556798
0.0093955792
0.0093930922
0.0095985010
0.0100075531
0.0106510675
0.0183925490
0.0131596487
0.0126068713
0.0138335391
0.0163016359
0.0117092902
0.0113890361
0.0111602345
0.0111747102
0.0115300974
0.0123375110
0.0137759568
0.0161440029
0.0289955913
0.0752313719
0.0954849351
0.0679931050
0.0689253245
0.2266280187
0.0899468717
0.0167769035
0.0134332617
0.0114347533
0.0102760331
0.0058616995
0.0058696252
0.0060092383
0.0062822662
0.0067223411
0.0073960346
0.0240862842
0.0284428783
0.0164517573
0.0221188657
0.0274320956
0.0431398471
0.0089812156
0.0087264296
0.0086591563
0.0088619196
0.0094037239
0.0103856659
0.0194747397
0.1020160671
0.0742132877
0.0523685802
0.0701536746
0.0755281216
0.0789288288
0.0101148655
0.0082219961
0.0070525607
0.0063736872
0.0060109698
0.0054294513
0.0055357509
0.0059317697
0.0066190092
0.0074947647
0.0132795314
0.0565962870
0.0270359399
0.0334654835
0.0364551459
0.0546149124
39.9400327831
0.0339206098
0.0518594622
0.0797081098
0.0600384455
0.0482765963
0.0680345249
0.0466392633
0.0578285598
0.0090572545
0.0072495000
0.0061738531
0.0056187059
0.0052382312
0.0053068153
0.0055986513
0.0060899989
0.0067515816
0.0076044646
0.0547193829
0.0535193932
0.0217826470
0.0479501026
0.0421968586
0.0361464176
0.0713577919
0.0519690877
0.0498390910
0.0439608950
0.0564133552
0.0538395355
0.0749811967
0.0098948935
0.0080762675
0.0067498036
0.0058944850
0.0054177493
0.0052371835
0.0052980433
0.0056474678
0.0062722242
0.0072242067
0.0510090404
0.0574218448
0.0283654795
0.0309355121
0.0494975392
0.0508205912
0.0276500716
0.0605137802
0.0779953094
0.0090547414
0.0073690331
0.0061931814
0.0055112561
0.0054836834
0.0055816853
0.0061710265
0.0137664155
0.0437006472
0.0400027660
0.0545425903
0.0619575752
0.0467125192
0.0366853358
0.0069789056
0.0059222454
0.0060766573
0.0064607412
0.0323968639
0.0724933586
0.0574507132
0.0069103421
0.0071865725
0.0052371835
39.9400327831