5.0532153495
4.9579730448
4.9792601524
5.0968636583
5.3110049998
5.6369633115
8.8738897110
6.7413260107
6.6137594316
7.0591098188
8.1531110075
6.2502581275
6.1050792864
5.9967074687
6.0014385344
6.1679828876
6.5477931427
7.2196977628
8.3115398599
14.3718183899
33.7080496696
40.8851040158
29.4433374199
31.6800991734
89.2600636838
37.8542508715
8.0930157119
6.6558288529
5.7997106884
5.3084623286
3.1970399122
3.2034060175
3.2766413380
3.4182113792
3.6456322777
3.9937423403
12.4498759950
14.3713421647
8.2455600894
11.3901858720
13.7388773671
21.9753951383
4.9434313733
4.8297686153
4.8046946969
4.9140381221
5.1937506649
5.6916894374
10.4902967484
53.4930442939
38.4139856469
27.3184141514
36.1751596906
40.3218117313
39.4517220341
5.3066868636
4.3625792168
3.7837971484
3.4484075809
3.2696110784
2.8890338897
2.9328122582
3.1143213451
3.4384583173
3.8795040285
7.0961498554
30.9145559496
14.2890695791
18.1877145310
19.7371987444
29.7182204577
436.6082763654
19.0694901306
29.2042082255
44.2841335704
33.3212734037
26.5882081660
37.6858778399
26.1825826556
31.4877273749
4.7434026703
3.8130497257
3.2686618167
2.9882731943
2.7624271623
2.7885046590
2.9261490159
3.1700911631
3.5209387218
4.0060051385
31.6403306633
30.5070986582
12.1430415095
27.5298292299
24.1243614067
20.6686495372
41.1484481980
29.9695080852
28.8507884804
25.3760368520
32.4900414936
31.4037836356
43.1578109686
5.2603283856
4.2616194248
3.5550170296
3.1080617922
2.8597997799
2.7672748611
2.7929003663
2.9746781151
3.3211675172
3.8794605656
30.4236361364
33.9538384855
16.6854525699
18.1479464935
29.4086213548
30.2761059460
16.1513192802
36.2570785299
46.4818672482
4.8903109369
3.9311572975
3.2846739800
2.9169539119
2.9244091540
2.9783200176
3.3192085466
7.9286661043
26.4552518378
24.0274144411
33.0929833040
37.7150315286
28.2282228667
22.0628984593
3.7676482888
3.1688723696
3.2905259730
3.5254350082
19.5690948642
44.6311002616
35.2435084737
3.7751198090
3.9694651047
2.7624271623
436.6082763654