334.3859608107
330.8039849756
333.7998894164
342.4154234438
356.8419690713
378.0648369553
540.9758411491
435.0607904444
440.7362822898
453.8297990392
516.4468730653
422.6804096190
414.1082945084
407.2886488429
407.2011711441
416.9582434700
439.5740489046
479.4022551093
543.2565022067
913.2489471793
1880.7341740343
2073.6660323567
1539.2852580975
1856.6021285253
3688.5562836501
1925.0365822757
491.6222235160
416.4129540531
371.8784549998
346.7669571287
219.9944474001
220.5981164349
225.5350450885
234.9430507748
249.9995911847
273.0701781993
830.7867089257
940.1794991199
530.9482387532
756.3334505310
889.3401602165
1451.8540393375
343.5595756719
336.8680812468
335.6002677841
342.9940776003
361.4501326063
393.8981290150
720.4371211274
3622.4284311909
2571.1432542890
1837.3296323046
2413.6154355163
2765.1808313817
2563.0656895531
353.4927228410
293.2626969065
256.7318461912
235.6408632699
224.4467703920
194.1047179361
196.2098372751
206.5173860642
225.6227900546
253.7546122562
480.9957461881
2152.8098034243
969.0345646634
1260.2787266706
1365.3241739128
2066.0769380649
1545.6111228609
1351.4274681359
2073.7226866264
3121.3848909643
2343.0500465829
1858.2609481870
2646.4672872372
1849.6709496678
2187.1071109281
314.8982795395
253.8322048323
218.7449774901
200.7307068874
183.8173483257
184.8665783934
192.9406958389
208.1548486488
231.6037816388
266.1387450122
2275.9384220990
2178.8746412463
852.7092514665
1973.8412448615
1725.7709643740
1478.0351894474
2961.1541980771
2154.3119344389
2076.5742579372
1821.6534543456
2331.5723450124
2265.8538600762
3099.0295088534
353.4444392756
284.2880981093
236.5865803289
206.9409631384
190.5248620309
184.2629781089
185.4961397601
197.3412807393
221.3349152339
261.7900529631
2219.4973610777
2469.7401447249
1207.3547228871
1312.6443454514
2143.2097554151
2208.2788419244
1163.4243854592
2650.1454920784
3393.6139834195
332.2630031397
264.2883193877
219.6210343019
194.5974165685
196.1405331956
199.7640678769
224.0831532084
564.1138361973
1940.8926569437
1757.2861996341
2432.2591911312
2775.8741725900
2068.9900237521
1611.8486563457
255.4710079450
213.2274757226
223.3917742356
240.7400400915
1432.3541072909
3300.3085931718
2600.6274027127
258.1672299933
273.6312381502
183.8173483257
3688.5562836501