748.3273989937
744.2353913061
753.3165370971
773.9637215881
806.8692938929
854.2209585195
1142.4847823523
970.1687522637
991.7833450015
1007.4757442692
1127.4626759098
960.1456523875
942.0992204504
926.9278926813
925.8781961983
945.8667516765
993.1608024465
1076.3809162637
1208.5751949158
2000.5273595357
3749.5005509316
3976.9094930786
2922.3091433795
3796.1329328729
6418.8875846218
3419.2079654926
1038.9567125297
898.2449951947
815.4718809235
769.6477046874
504.7445110725
506.3311941866
517.5581503572
538.7877178900
572.7001183417
624.7199725781
1891.9448458515
2109.4960450243
1165.2293320220
1711.2545224065
1972.9242682529
3288.9454088196
793.4377351136
779.1468196007
776.5353721411
793.2702803782
834.8339289962
907.5703003487
1662.5249721788
8345.9510363633
5876.8317743643
4209.7038218080
5511.6561399080
6410.1957847321
5751.6879752642
798.1122238130
665.0184907435
584.8864635811
538.7477656534
514.3327100425
439.5643316725
443.2237804855
464.1717227604
504.1575737253
566.3918661421
1100.3948870417
5021.5471769588
2231.4051431416
2930.8848454381
3173.9112375554
4818.0906705989
1060.7172006767
3164.6984560700
4862.8872314006
7312.1659305254
5475.2937994204
4329.2075177300
6181.8249278365
4316.6313504296
5093.1059090080
709.4291603279
572.4061193093
494.5281069874
454.6101180673
413.9164483490
415.3626304911
432.1656404512
465.2307463742
518.4604414335
599.6457026142
5340.6172297801
5111.6650598865
1986.3718532914
4633.0862832333
4048.5025073425
3465.6131356887
6961.6379579123
5057.4662172678
4871.4689283114
4265.6710735103
5464.8541959566
5306.5825756509
7273.1961721437
800.8093861023
641.5576708315
533.0997917275
466.3211363528
429.3834059426
414.8703618540
417.0204185049
443.3849014629
498.6744294424
593.9849507260
5206.7814732106
5801.2422705056
2825.7333357542
3075.1313821296
5030.3593183644
5180.9341233462
2717.2959680282
6213.7260510918
7967.2773217426
755.9834111951
598.2126205373
495.6888467414
438.6462297713
443.0516786019
451.2164791591
507.8622176941
1308.8405773786
4547.2880688629
4118.4891500728
5703.5482865996
6508.7082261639
4845.3657876579
3768.9765274473
580.1959507625
482.4659740929
507.3958231026
548.3071571596
3350.6816592726
7737.9002536013
6092.4101416158
588.3315843864
625.6849424516
413.9164483490
8345.9510363633