1.0889059374
1.0666811325
1.0703280694
1.0952500070
1.1413928308
1.2120820391
1.9426700915
1.4581763492
1.4244200245
1.5284716995
1.7709180776
1.3418229387
1.3096327095
1.2858085677
1.2869351524
1.3236184077
1.4072260791
1.5553546713
1.7967092559
3.1298176770
7.4994088416
9.1686092291
6.5985673849
7.0006351268
20.3062211465
8.5408310701
1.7725096478
1.4498180255
1.2574440145
1.1467963093
0.6835129390
0.6847975473
0.7005759662
0.7311424736
0.7802775707
0.8554910215
2.6904490992
3.1184323131
1.7904760247
2.4624766176
2.9852996463
4.7616602395
1.0552629125
1.0299454738
1.0241065634
1.0475286524
1.1079712475
1.2159574132
2.2492872679
11.5320357328
8.3007294866
5.8940778461
7.8225371693
8.6639325046
8.5805741068
1.1428879462
0.9375236893
0.8114376172
0.7383516380
0.6993747063
0.6204500439
0.6303877712
0.6705828666
0.7419169895
0.8376571660
1.5234417295
6.6141253426
3.0750574145
3.8938955660
4.2288883383
6.3625678499
273.8436878268
4.0571922020
6.2118330268
9.4440007671
7.1068521879
5.6786550748
8.0406078960
5.5711088890
6.7404240239
1.0218220945
0.8206940277
0.7026349920
0.6418123657
0.5942114480
0.6002450578
0.6305327967
0.6836377051
0.7590204457
0.8618916354
6.6949206761
6.4733570702
2.5868039018
5.8334581680
5.1161356771
4.3828905423
8.7131120368
6.3450036385
6.1034738801
5.3706111740
6.8798673531
6.6326819749
9.1410285119
1.1299015900
0.9166334163
0.7648946162
0.6685715089
0.6150397824
0.5949876613
0.6007695425
0.6399718385
0.7137910475
0.8315479167
6.3980777365
7.1531816847
3.5178662573
3.8286712655
6.1896340349
6.3687202571
3.4095772562
7.6178139610
9.7775695869
1.0471685980
0.8437228593
0.7057352030
0.6269689505
0.6276301394
0.6391307464
0.7111979673
1.6776185936
5.5468394199
5.0454953091
6.9354951647
7.8997703196
5.9205423736
4.6311014188
0.8067438633
0.6796676224
0.7041319516
0.7533025943
4.1039294726
9.3273468582
7.3699292408
0.8064907352
0.8462335662
0.5942114480
273.8436878268