0.0108198776
0.0105334023
0.0105331799
0.0107642239
0.0112220344
0.0119409616
0.0205080484
0.0147296829
0.0141239858
0.0154801347
0.0182138737
0.0131337744
0.0127788223
0.0125248539
0.0125412276
0.0129369906
0.0138357373
0.0154359452
0.0180680899
0.0323581201
0.0835406615
0.1058905530
0.0754267332
0.0765532121
0.2507987738
0.0995927504
0.0187117326
0.0150052116
0.0127900756
0.0115063102
0.0065845563
0.0065936352
0.0067499259
0.0070554289
0.0075477719
0.0083014224
0.0269334773
0.0317524191
0.0183643658
0.0247278892
0.0306133453
0.0481544413
0.0100933495
0.0098114558
0.0097379528
0.0099656675
0.0105718727
0.0116690189
0.0218513157
0.1141569120
0.0829643783
0.0586007017
0.0784330816
0.0846434416
0.0880305602
0.0113325559
0.0092190699
0.0079137265
0.0071559582
0.0067510920
0.0060900244
0.0062076517
0.0066481583
0.0074137594
0.0083927562
0.0148966323
0.0635569315
0.0302855717
0.0375678464
0.0409018455
0.0613073157
57.7760917189
0.0381742878
0.0583685892
0.0895952402
0.0675082760
0.0542548074
0.0764890980
0.0524935547
0.0649366211
0.0101475041
0.0081249039
0.0069225353
0.0063020234
0.0058726636
0.0059483282
0.0062735070
0.0068225296
0.0075646133
0.0085255117
0.0617269623
0.0603029772
0.0245076579
0.0540706028
0.0475592718
0.0407428705
0.0804756393
0.0586104804
0.0562320418
0.0495940778
0.0636226381
0.0607912803
0.0845653905
0.0110976307
0.0090537917
0.0075661386
0.0066080591
0.0060741709
0.0058725710
0.0059400841
0.0063317034
0.0070346698
0.0081098747
0.0576970509
0.0649071858
0.0320547176
0.0349518472
0.0559714084
0.0574843701
0.0312309529
0.0684782975
0.0882104343
0.0101672851
0.0082676747
0.0069459086
0.0061804133
0.0061529879
0.0062633672
0.0069285535
0.0155324279
0.0495038676
0.0452793559
0.0617836025
0.0702126199
0.0529036357
0.0415387211
0.0078368599
0.0066463960
0.0068256052
0.0072610747
0.0366928874
0.0822283627
0.0651383275
0.0077666364
0.0080836414
0.0058725710
57.7760917189