0.0103906290
0.0101112187
0.0101088584
0.0103301079
0.0107704245
0.0114629759
0.0197861447
0.0141612553
0.0135676457
0.0148867752
0.0175413880
0.0126022964
0.0122577415
0.0120115359
0.0120270612
0.0124094097
0.0132781450
0.0148258377
0.0173736312
0.0312009946
0.0809242986
0.1027165786
0.0731311013
0.0741305995
0.2436067147
0.0967121553
0.0180468238
0.0144518251
0.0123031431
0.0110574373
0.0063092120
0.0063177765
0.0064680501
0.0067618962
0.0072355159
0.0079605834
0.0259257466
0.0306098267
0.0177018506
0.0238051384
0.0295260642
0.0464213218
0.0096674897
0.0093933382
0.0093209310
0.0095391539
0.0101222983
0.0111791616
0.0209651942
0.1098146659
0.0798915545
0.0563686146
0.0755229777
0.0813020604
0.0849482063
0.0108857506
0.0088488608
0.0075905269
0.0068600669
0.0064698008
0.0058432501
0.0059575408
0.0063834829
0.0071227290
0.0080650828
0.0142922972
0.0609358593
0.0291054503
0.0360266337
0.0392426197
0.0587992303
45.4875387046
0.0365172673
0.0558289250
0.0858133991
0.0646538252
0.0519781124
0.0732480609
0.0502123076
0.0622655746
0.0097472531
0.0078017780
0.0066442935
0.0060469263
0.0056371491
0.0057108699
0.0060247946
0.0065534425
0.0072654695
0.0081836978
0.0589044725
0.0576208961
0.0234521780
0.0516244960
0.0454249504
0.0389139916
0.0768165325
0.0559462681
0.0536574741
0.0473268333
0.0607268252
0.0579583398
0.0807212102
0.0106490091
0.0086914970
0.0072638795
0.0063434088
0.0058303696
0.0056359575
0.0057013958
0.0060774016
0.0067498612
0.0077747498
0.0549130978
0.0618189111
0.0305362628
0.0333024150
0.0532895932
0.0547116574
0.0297663702
0.0651435373
0.0839591775
0.0097449289
0.0079304332
0.0066648590
0.0059309431
0.0059013006
0.0060067689
0.0066411547
0.0148192210
0.0470407177
0.0430563837
0.0587069266
0.0666983374
0.0502810026
0.0394859441
0.0075106566
0.0063733297
0.0065396128
0.0069530934
0.0348732448
0.0780285105
0.0618287321
0.0074369503
0.0077343580
0.0056359575
45.4875387046