37.6662941498
36.9566216029
37.1183851560
38.0007222076
39.6058015897
42.0485736474
66.2672443462
50.1421276130
49.3688299400
52.5427442724
60.7746475780
46.6231428376
45.5251759422
44.7030338326
44.7306624235
45.9728607235
48.8149676505
53.8487449077
62.0352708371
107.6851488165
252.3295487804
302.2255611659
219.3906538617
237.8644655203
643.0708799776
283.5066488104
60.3818944696
49.6403025889
43.2425310319
39.5722711331
23.8229372452
23.8720827265
24.4210894579
25.4811027460
27.1836315448
29.7905507312
93.4459307608
107.9805833675
61.7861638249
85.4500211132
103.1758075302
165.1816909762
36.8590796567
35.9946577976
35.7975107155
36.6103542693
38.7022424161
42.4332958456
78.4365393947
401.5502099115
288.4652455895
204.9343219037
271.7066079960
302.1856761486
296.8799268020
39.5960665781
32.5321166600
28.2048706012
25.6988397684
24.3638311704
21.5193491269
21.8461580507
23.1996501030
25.6156612920
28.9024074885
52.9358399037
231.1953696860
106.9974050001
135.9803781599
147.6687972386
222.4074569053
949.7266348896
142.2118592595
217.8405794940
330.8520810377
248.8298819974
198.6055630642
281.4402829990
195.1402591191
235.5290778307
35.3703714028
28.4187643140
24.3527391442
22.2596381962
20.5676395631
20.7613912652
21.7857913060
23.6005727591
26.2090757210
29.8130357164
235.2084962607
227.1789104010
90.4837287233
204.8582768337
179.5975689416
153.8431366464
306.2270973407
222.9349744259
214.4771913771
188.6238243313
241.6374571754
233.1457691500
321.1018641322
39.1918846130
31.7499008853
26.4800220309
23.1458515378
21.2940112377
20.5941809939
20.7832458851
22.1329009455
24.7043720897
28.8446285457
225.3251023713
251.8144018667
123.6985414378
134.6338542392
217.9588708842
224.2936251320
119.7926201220
268.4003877198
344.4411196076
36.3891068300
29.2607881511
24.4489400802
21.7098921588
21.7511331977
22.1481321040
24.6733353078
58.7816983018
195.5535211371
177.7776967569
244.6229885033
278.6977662569
208.7072196080
163.1536599124
28.0186629029
23.5702921934
24.4561759777
26.1905896246
144.6117786178
329.3467388151
260.1297819104
28.0513635531
29.4754463441
20.5676395631
949.7266348896