247.8254419228
247.2357566268
250.5543955377
257.3696238224
267.9399075625
282.9316756199
358.7215986199
318.5583491583
326.1206687894
330.1664143749
362.0011035297
319.1678010523
314.2598725738
309.9936739768
309.8580863797
316.0489895413
330.4447838733
355.4370741436
394.4379779442
625.2435837687
1089.7166706829
1137.0209753876
837.4131228350
1100.3676193726
1753.8318372971
922.6370270285
328.7408390823
289.2523870434
266.0936341421
253.4381164157
169.7568130694
170.2861679731
173.9079608711
180.7518018527
191.6765765083
208.4058805434
601.1144528271
657.0569456115
365.4302260611
543.2788433249
611.9876209246
1028.6443234180
267.2505891803
263.5259535184
263.2081543656
268.8727518096
282.3003377429
305.3605636194
549.2006879265
2677.2636543568
1867.2077673982
1349.3443959220
1745.1251585462
2092.1925324592
1766.1433151854
262.3868151748
220.3676784073
195.0920548362
180.5151795696
172.7881679606
146.5350241329
147.5218434730
153.9302046869
166.4297763988
186.5679032871
365.9141255381
1670.9083118794
725.2354226675
972.7678646398
1048.6898690494
1595.1435783433
190.6582654447
1076.5623082631
1654.6983886559
2460.8776858157
1843.9115153626
1452.1983629215
2080.3958318761
1471.0342215690
1691.2112261390
233.5794715743
189.2457865819
164.2505373722
151.4416089025
137.6342845148
137.9549120072
143.2531129131
153.9914777194
171.7960228348
199.6397300741
1854.9205952552
1756.9708122692
674.8333943162
1599.8854801373
1393.9675111852
1193.9270727681
2407.9867159544
1751.1297884659
1692.0964370740
1480.4713866154
1892.7680417650
1854.9360033097
2515.8051801796
266.4650204709
212.7317510171
176.7537353363
154.8403503467
142.7566830018
138.2929543715
138.9497185743
147.7865764730
166.7534499542
200.0869338839
1844.6836379686
2042.5829810570
994.0366165394
1079.1047525610
1776.7372058353
1833.2468469120
952.4993984252
2206.8472933757
2818.7266482758
254.4960339867
200.0582221552
165.3331573985
146.2421773864
148.5893980154
151.4939745609
171.3413928786
457.0925981350
1625.6582403905
1465.7023708159
2040.0978219364
2332.1076773988
1730.4326531161
1343.5201970763
195.6740591606
161.9906269933
171.7109116902
186.4301460085
1197.4122782766
2789.2858871676
2193.0656046341
199.9546632347
214.0592203380
137.6342845148
2818.7266482758