0.2081717699
0.2037505969
0.2043415536
0.2090422829
0.2178301501
0.2313400237
0.3739140241
0.2797529502
0.2719710090
0.2931849626
0.3400130054
0.2558910302
0.2497053047
0.2451562935
0.2454096987
0.2524979408
0.2686154977
0.2971713674
0.3437375124
0.5995109958
1.4527328586
1.7990292081
1.2866820454
1.3491320746
4.0935118626
1.6660512324
0.3415238978
0.2786320537
0.2411209776
0.2195172433
0.1301587293
0.1303888587
0.1333931616
0.1392248323
0.1486036247
0.1629573340
0.5127238072
0.5951070862
0.3424116643
0.4695141448
0.5702921919
0.9078415416
0.2007009243
0.1958420252
0.1947198971
0.1991919000
0.2107390126
0.2313813609
0.4280357738
2.1948274734
1.5813162045
1.1227798802
1.4906678246
1.6480290885
1.6379614457
0.2182900602
0.1789318901
0.1547363083
0.1407033632
0.1332143626
0.1184653753
0.1204134007
0.1282040346
0.1419920381
0.1603746198
0.2905701675
1.2570833205
0.5857926628
0.7405169460
0.8041396043
1.2091046475
287.0918861695
0.7701916884
1.1790459740
1.7930252604
1.3497744226
1.0791233509
1.5272801388
1.0582164563
1.2812289472
0.1952757351
0.1568198053
0.1342033992
0.1225457197
0.1135849265
0.1147822875
0.1206421289
0.1308642320
0.1452844139
0.1648389615
1.2699604711
1.2284846994
0.4917790469
1.1066341321
0.9706965738
0.8316212669
1.6522305558
1.2034051411
1.1575771616
1.0189083682
1.3052025864
1.2579085798
1.7341269233
0.2157227234
0.1751357724
0.1461894166
0.1277826564
0.1175495688
0.1137424275
0.1148817526
0.1224011352
0.1364747889
0.1588158465
1.2125048415
1.3557392899
0.6671527387
0.7260462094
1.1729632878
1.2068950302
0.6468579185
1.4434202670
1.8527468352
0.1997658967
0.1611199149
0.1348468400
0.1198289549
0.1199131618
0.1221193038
0.1358176707
0.3187676095
1.0507843841
0.9560420747
1.3136776269
1.4960885371
1.1216718491
0.8777261410
0.1539591162
0.1298075985
0.1343848984
0.1437012308
0.7776834024
1.7657247967
1.3955272930
0.1538060645
0.1612777886
0.1135849265
287.0918861695