769.6272186426
763.8104458052
772.3395265370
793.3239209744
827.3908316388
876.8560390175
1209.8319498318
1001.0552180194
1021.4500075210
1041.1821468052
1177.4218113095
983.3032147526
963.3535433513
946.9144839745
945.7814645207
967.1726180239
1017.8379732231
1107.3685330889
1250.6137264525
2106.7520480359
4111.9365549207
4410.4968923740
3248.9283181081
4148.1672376263
7333.4236439256
3921.3154330824
1097.2689826801
939.3850953407
846.3032912121
794.3894183072
513.8295485406
515.4114132467
527.0261274356
549.0246607850
584.1843500554
638.1354088986
1966.3174128225
2213.5433456947
1225.7313170294
1781.4774838617
2077.8220052519
3439.8440679298
806.2061020897
790.2887378465
786.9774554606
804.0227196971
847.0735298932
922.9455947662
1700.7020510828
8624.6327988152
6102.7814737746
4356.2891398817
5731.0871663734
6576.7483780693
6062.2329450199
821.4502365393
682.0336383503
597.9509497849
549.5374104828
523.9183565056
449.9947526081
454.2074590565
476.7357895103
519.1960262356
583.8291143233
1124.8621898753
5111.4619728026
2295.8254555145
2987.9567413011
3241.0834792358
4913.2779053048
1503.9613111872
3194.4183403473
4906.5431817787
7407.2083863642
5548.6996784047
4395.8622646010
6266.2236812646
4357.4937602641
5189.6776069400
730.1059820507
588.1507579827
507.0793143999
465.5071509307
424.5829731700
426.4169558486
444.2307570681
478.6496290800
533.0365182058
614.6965271748
5349.3515213814
5138.7873648303
2008.0928386649
4649.8188074807
4067.6718197470
3481.7974782088
6980.2558504956
5070.8551037726
4879.8176739888
4275.8811207385
5480.6785408029
5305.8966273480
7295.1156301842
820.2606813135
658.4520762016
547.3181870678
478.5103220124
440.4006097442
425.2167596141
427.6047455205
454.6290946391
510.4613983275
605.6255603094
5179.6963901293
5781.7560472382
2819.4592610902
3070.3740627479
5009.1259990769
5156.1614516329
2716.1649106415
6177.1131808197
7928.4120646659
770.6331967910
611.8241204112
507.7125414246
449.4633350230
452.8682073596
461.0357941467
517.6889535395
1311.7735588670
4510.8900393393
4091.5173352598
5655.5185411917
6450.2739302589
4808.7685603754
3744.3101287369
591.2943754862
492.8070517847
516.4687049486
556.8863017928
3325.4880088744
7651.7309862798
6028.8204705057
597.5796770384
633.6243419044
424.5829731700
8624.6327988152