44.5550325533
43.7297584759
43.9294189383
44.9775382765
46.8776118518
49.7654987488
78.1480257328
59.2602490851
58.4146980737
62.0938442099
71.7748870792
55.1979707164
53.9043188268
52.9333807127
52.9637999252
54.4265435450
57.7753982822
63.7058971216
73.3464113783
127.1975289952
296.7022451146
354.3495942224
257.4774811057
280.1227483884
749.0100364694
332.3139058329
71.1967205187
58.5939935515
51.0891450892
46.7861115850
28.2240282337
28.2830978675
28.9330016810
30.1871333834
32.2011535664
35.2851576143
110.5769834978
127.6859833838
73.0121613438
101.1017232212
121.9494236713
195.3950345450
43.6862551594
42.6677203430
42.4363376298
43.3985866134
45.8728115690
50.2837855945
92.9180595885
475.4560992372
341.4172509947
242.5687710004
321.5329911859
357.9827950321
350.9489995424
46.8513682581
38.5066465524
33.3968576565
30.4380389620
28.8620779171
25.4706196126
25.8530545443
27.4452385131
30.2909315068
34.1732154588
62.6780403639
274.0292608204
126.6953557639
161.1571464483
174.9942873498
263.6132958398
982.6853986050
168.6934980175
258.4061517737
392.3547261344
295.0540472438
235.4396041096
333.7110569007
231.4326967594
279.1542609356
41.8457537320
33.6250179133
28.8199598553
26.3466924291
24.3349151879
24.5605532280
25.7669084462
27.9087251113
30.9953828601
35.2708993054
279.1711136341
269.5543894862
107.2932854384
243.1040116341
213.1219856043
182.5515403966
363.4377332603
264.6010829078
254.5726581891
223.8631906336
286.7630914488
276.7445774661
381.0951628508
46.3881607789
37.5692359167
31.3305643807
27.3861281328
25.1955688644
24.3668962123
24.5881004689
26.1835945932
29.2308127143
34.1464213542
267.6219617669
299.0382507820
146.8520760691
159.8270909552
258.8439605376
266.3678443183
142.1812410724
318.7830828926
409.0297413679
43.0892092166
34.6341611986
28.9325440597
25.6889354393
25.7430345557
26.2129043124
29.2090375619
69.7387726616
232.2959200889
211.1502954896
290.5843921154
331.1044264797
247.9084513987
193.7575456274
33.1749918192
27.8996100854
28.9583811108
31.0193399292
171.7736109655
391.3741168651
309.0829688442
33.2249958555
34.9230370682
24.3349151879
982.6853986050