0.2561345590
0.2507180334
0.2514589518
0.2572502866
0.2680657343
0.2846862695
0.4596573348
0.3441641443
0.3346601417
0.3606630257
0.4181758384
0.3149299721
0.3073272810
0.3017321428
0.3020397571
0.3107503012
0.3305609298
0.3656592903
0.4228877788
0.7373381769
1.7846444142
2.2090119755
1.5798988558
1.6578989920
5.0235588093
2.0446980657
0.4198406558
0.3426258478
0.2965744013
0.2700557231
0.1602202654
0.1605048331
0.1642021913
0.1713781226
0.1829184207
0.2005804735
0.6309850070
0.7321822206
0.4211702342
0.5777273787
0.7015289483
1.1170784250
0.2470862909
0.2411133743
0.2397347912
0.2452379214
0.2594454546
0.2848414873
0.5269037290
2.7016520421
1.9460926513
1.3817987584
1.8344560120
2.0287581440
2.0151632230
0.2686162003
0.2202040229
0.1904458209
0.1731873549
0.1639773852
0.1457882401
0.1481786416
0.1577508347
0.1746977089
0.1973096249
0.3576470240
1.5477455102
0.7210217627
0.9116772975
0.9899974559
1.4887063357
320.1582391592
0.9484785077
1.4519270221
2.2079099618
1.6620322769
1.3287177024
1.8806806747
1.3030066247
1.5775473131
0.2402865196
0.1929712208
0.1651497912
0.1508096040
0.1397676055
0.1412354108
0.1484374251
0.1610082293
0.1787547092
0.2028375822
1.5641231611
1.5129531888
0.6055001978
1.3629742068
1.1954862266
1.0242016603
2.0349920891
1.4820880855
1.4256065602
1.2548118355
1.6074559982
1.5492603942
2.1356354658
0.2654767201
0.2155128380
0.1798884600
0.1572393403
0.1446480942
0.1399618487
0.1413601647
0.1506112235
0.1679374199
0.1954561290
1.4935685824
1.6699094037
0.8217256228
0.8942318710
1.4448018781
1.4865007405
0.7966712224
1.7778958866
2.2819013098
0.2458636912
0.1982792397
0.1659379116
0.1474542255
0.1475653720
0.1502807064
0.1671500103
0.3925308746
1.2943031708
1.1775996838
1.6179857972
1.8428453364
1.3816034315
1.0810182114
0.1894821213
0.1597463378
0.1653942614
0.1768717931
0.9578780956
2.1751659863
1.7189942224
0.1893099360
0.1985234297
0.1397676055
320.1582391592