213.5500871561
211.2068747019
213.0447303669
218.4481241191
227.5288502950
240.8999932747
344.1216427399
277.7801419099
280.3845495816
289.8613675510
328.2773058099
269.3170594883
264.0643471963
259.9064574084
259.9584824232
266.1891227358
280.5023657984
305.6259095289
345.8048658818
575.7829443257
1191.8175856557
1326.6153034426
985.2810939662
1162.2907797756
2429.3982600805
1226.3618539139
313.9121608194
265.9602749947
237.5409149494
221.4923715143
140.3891955319
140.7585531161
143.8730004373
149.8193783901
159.3387097606
173.9119115844
521.9719377167
588.9126512564
334.3190364656
475.5475687023
557.3892194288
908.8751860255
219.0265303921
214.9771905231
214.2965202493
219.0395169251
230.7248441917
251.1767532460
456.7286949299
2277.0764646696
1614.2263128500
1156.1088934427
1514.2253342309
1745.2119034543
1599.4645814483
224.8425400377
186.7954381680
163.6820256973
150.3219002642
143.2217883174
123.9156951247
125.2796771899
131.8854421502
144.1102849366
162.0303895443
306.2762691294
1365.0756991238
611.7884988835
798.9889732513
864.4334483775
1308.0089422630
1422.9401943703
861.9628083114
1322.3513102225
1984.1762767089
1490.3768881159
1181.3410276073
1683.1942231486
1181.1758033688
1386.3233323454
200.4974536150
161.7858963017
139.5373979304
128.1113491972
117.4135188021
118.1093004595
123.2941254928
133.0400197754
148.0314990854
170.0965025838
1460.4499184584
1393.6983959000
544.3149983683
1264.2589522266
1104.4678945730
946.1876436207
1896.9900632850
1380.8847327894
1332.5538769306
1169.0627930271
1495.0839940037
1457.2614648287
1985.9176528051
225.4672091217
181.3268893438
150.9531471919
132.0978732847
121.6648415169
117.7889685394
118.6093234866
126.2233101229
141.6273864320
167.6246195963
1433.3010186738
1591.3428534304
778.2510219253
845.3185319469
1382.3772203267
1425.3725710036
749.3650701924
1712.8305141515
2189.7994045294
212.5087818281
168.8927399163
140.3297362451
124.3637339042
125.5191686215
127.8886469412
143.5672679421
363.4516683551
1257.3549720897
1136.7095608874
1575.5531527777
1799.1997281416
1340.0079594882
1043.5165169887
163.5564413690
136.4430844358
143.1741767793
154.4277413031
928.1239165837
2143.5485084040
1688.5856007178
165.5520859951
175.7019845230
117.4135188021
2429.3982600805