3.9462870827
3.8722812677
3.8881856441
3.9783473177
4.1428079586
4.3931464384
6.8803093802
5.2584421335
5.1436938512
5.5051827650
6.3302279161
4.8718473690
4.7636136361
4.6834482423
4.6893627709
4.8187886706
5.1111819616
5.6265376473
6.4617250785
11.0478812786
25.9182687210
31.7185449303
22.7962728493
24.1719228437
70.5566029887
29.2111191139
6.2937374335
5.1845098742
4.5233854139
4.1437733806
2.4994056509
2.5041003124
2.5604691994
2.6696352610
2.8450223475
3.1132073866
9.5312008779
10.9704625488
6.3391243352
8.7327502494
10.4992945498
16.7529301716
3.8598147204
3.7764421708
3.7600404341
3.8460120302
4.0620310329
4.4443163871
8.1195254814
40.9265473584
29.3610013139
20.9344082358
27.6237431003
30.9953067714
29.9672320534
4.1257696911
3.3990473144
2.9528195408
2.6939005253
2.5556723390
2.2574553218
2.2914267006
2.4323677683
2.6841840653
3.0266841579
5.5190638903
23.9072313830
10.9960270053
14.0671831922
15.2393260984
22.9387724146
305.0576926339
14.8774138317
22.7719284801
34.3675738017
25.8904294216
20.6414528779
29.2710417195
20.4631279137
24.3385006096
3.6922162319
2.9725031667
2.5513702721
2.3343316755
2.1593966886
2.1797911894
2.2871342982
2.4775737006
2.7519558869
3.1323310103
24.9287707446
23.9063700108
9.4861716493
21.6242350594
18.9252690761
16.2203309647
32.3318855155
23.5728532700
22.7385052787
20.0056999009
25.5723334492
24.8558093454
33.9288569960
4.1064938596
3.3256677686
2.7753508420
2.4278862868
2.2350107521
2.1657271554
2.1860865990
2.3289855130
2.6020567355
3.0438816128
24.2660528291
26.9599431510
13.2620060178
14.3967100101
23.4069277470
24.1305239901
12.8212136656
28.9792193798
37.0289964066
3.8337557968
3.0770106041
2.5699367416
2.2824756244
2.2931609268
2.3365006620
2.6073449392
6.2954511773
21.2464632127
19.2332989208
26.5752827421
30.3283150841
22.6618149306
17.6998388090
2.9580025799
2.4851599690
2.5875253652
2.7763662660
15.7231503090
36.0549804220
28.4536997228
2.9722545390
3.1326787363
2.1593966886
305.0576926339