0.0010009122
0.0009738975
0.0009735982
0.0009948525
0.0010372133
0.0011038720
0.0019072423
0.0013639912
0.0013065072
0.0014339690
0.0016900782
0.0012133591
0.0011801715
0.0011564952
0.0011580405
0.0011949124
0.0012786251
0.0014277432
0.0016732477
0.0030055924
0.0078039399
0.0099098756
0.0070553384
0.0071477743
0.0235162157
0.0093363835
0.0017397376
0.0013928571
0.0011855170
0.0010652923
0.0006074815
0.0006082965
0.0006227564
0.0006510376
0.0006966209
0.0007663972
0.0024944332
0.0029466554
0.0017054104
0.0022911269
0.0028431011
0.0044652689
0.0009304215
0.0009040537
0.0008971203
0.0009181480
0.0009742728
0.0010759677
0.0020163069
0.0105546308
0.0076810056
0.0054206614
0.0072623040
0.0078120041
0.0081773752
0.0010482140
0.0008520928
0.0007309076
0.0006605511
0.0006229565
0.0005627866
0.0005738110
0.0006148711
0.0006861122
0.0007768462
0.0013748532
0.0058532321
0.0027982401
0.0034622548
0.0037710142
0.0056493142
5.0250572190
0.0035096066
0.0053644406
0.0082435440
0.0062114188
0.0049953148
0.0070376111
0.0048268990
0.0059823272
0.0009386922
0.0007514055
0.0006399377
0.0005824008
0.0005430371
0.0005501520
0.0005804098
0.0006313396
0.0006998838
0.0007881993
0.0056650860
0.0055381556
0.0022550654
0.0049635774
0.0043675276
0.0037411564
0.0073860780
0.0053797583
0.0051613363
0.0045535854
0.0058408609
0.0055800408
0.0077625875
0.0010255563
0.0008371412
0.0006996953
0.0006110539
0.0005616422
0.0005429940
0.0005493067
0.0005855329
0.0006502897
0.0007489556
0.0052937722
0.0059529709
0.0029424765
0.0032071612
0.0051345618
0.0052734490
0.0028680408
0.0062828511
0.0080901635
0.0009387837
0.0007639969
0.0006420991
0.0005714058
0.0005686380
0.0005788057
0.0006399403
0.0014284192
0.0045427537
0.0041545199
0.0056693946
0.0064428435
0.0048562463
0.0038132689
0.0007237397
0.0006141232
0.0006302696
0.0006701611
0.0033687052
0.0075467691
0.0059800678
0.0007168198
0.0007456319
0.0005429940
5.0250572190