89.7396422643
90.0972721695
91.2961773854
93.2943198268
96.1667912071
100.0300488579
107.2225783803
108.7252688324
111.3156572158
112.5104199468
115.1093749183
113.5322510956
113.6848470393
113.7957655673
114.5201716626
116.3806777237
119.7227917947
124.7325571823
131.3957742001
160.2818845949
196.6276850548
193.9675871802
160.6837958340
186.0962671954
227.5375831879
134.5413033567
102.4846759963
96.1016551307
92.3377514977
90.3857554173
63.6975064390
63.8308005420
64.8664620345
66.8492597972
69.9985823685
74.7204833189
147.3898405543
146.9525597554
99.4544948867
138.9438872369
141.0860878821
223.0052862599
98.6974010603
99.4283405940
100.5598830097
102.8583440933
106.8008437932
112.6046571149
173.2228130932
649.9939305146
437.7231963509
338.7093230663
396.3699530087
569.3658464865
328.1591708223
88.2987240113
77.3939159025
70.6956156548
66.7307293211
64.5726214074
53.8459781368
53.9712974922
55.6514557220
59.1835455584
65.4117863197
123.4278617477
516.6935039071
200.1429673176
301.6533752084
315.1540907653
477.3264199634
25.4840490194
390.2044541537
595.8714224066
817.5094127334
625.6899896109
484.5600324038
700.5117285918
549.3319955348
518.4009059726
80.0129475596
66.6252295273
59.2299066989
55.4031441129
50.6208421138
50.6093285754
52.2464822030
55.8609026039
62.3417279101
73.1815000775
775.6073054272
680.7725423083
248.3800536212
641.5617585963
549.2571619115
473.3146336903
970.8355630126
716.7576800177
711.7368460005
625.4974115610
782.3888399694
824.4057986825
1021.7901129030
96.5494766946
76.3295348784
63.7302675262
56.3762519748
52.3716044669
51.8492397117
52.1030619652
55.5556459165
63.4149074018
78.0939786318
893.7750607897
941.2115858841
463.9623280315
492.4040360159
841.2022940410
881.8878902374
438.5268742970
1093.2535564332
1347.9507994155
98.9822291833
75.6370468079
61.9182568926
54.7669882836
57.6164946641
59.0937337019
68.2397450012
211.0455257028
845.0254340374
737.6052901320
1060.0918085089
1226.9749727873
896.4425312380
692.2062491293
77.6969599337
63.0630483058
69.7042792556
77.3208749725
625.9308800602
1529.3874648556
1196.4460377941
82.8132567541
91.6160881265
25.4840490194
1529.3874648556