416.5338241041
412.2145569676
416.1174842818
427.0590815293
445.2991875724
472.0956101218
675.0042017964
542.8065077405
551.1874226539
565.9902721714
645.8202773772
527.8929136523
516.7604646167
507.8529434842
507.5091776247
519.6430631760
548.0470678372
598.2439614498
678.9264225882
1152.8736596593
2363.0907002408
2586.2210278314
1915.2169961343
2355.2459329793
4519.2053979250
2385.2568293265
612.0591514901
518.4132808822
463.0175469371
431.8369266154
274.4011220607
275.1851495586
281.4147325313
293.2629571638
312.2175170423
341.2825845208
1052.9504314650
1195.4386924967
671.2999552691
957.9796148827
1130.0266201428
1847.0282172761
428.9578532903
420.1636803020
418.3239458605
427.5003184850
450.7142679423
491.7128448842
904.7430337353
4588.5572754482
3261.2037789395
2325.0604204240
3063.6436016523
3488.0992826141
3271.2262135738
442.4495496304
366.5175742185
320.5404459403
294.0273317396
279.9737939577
242.0362216538
244.6283510517
257.4535427538
281.2597098245
316.4450064932
601.4094720359
2702.8116181243
1222.1176769889
1582.5369991719
1716.8654977646
2598.0909333772
1454.9070742439
1686.4149006056
2588.4407778764
3908.6168166443
2931.9708765547
2326.7738982106
3312.1512661690
2305.3193909826
2746.6975761842
393.7730652169
317.0613379544
272.9913354266
250.3700967565
229.0818577766
230.3413532540
240.3601868828
259.2819369324
288.4903120111
331.5177691237
2822.2771598875
2710.8648595210
1063.3273508542
2452.6262945526
2145.9166954337
1837.4862157928
3678.4985925560
2674.4966304598
2575.0257081614
2258.5644979111
2893.3844113279
2802.9292318554
3848.4030600303
441.0984874186
354.8492290553
295.2019853481
258.0837478291
237.5111400009
229.4542418724
230.9260755332
245.5974183317
275.3470616399
325.4466269333
2734.4079563062
3049.6492247559
1490.0843324159
1621.8468220902
2643.2371401464
2721.7460340045
1437.1685919217
3262.0312593157
4182.7766709470
413.5329925064
329.2255156421
273.6197550140
242.3912630021
243.9657071605
248.3694585934
278.3853876198
696.6113698104
2383.2361585768
2161.4622450173
2986.6597133438
3406.6540265382
2541.4015882108
1980.4640218074
317.6308591980
265.2453919645
277.4245758043
298.6944374409
1758.4982308006
4041.7145833377
3185.7077262979
320.4328761608
339.1514159695
229.0818577766
4588.5572754482