162.1275434226
162.7369867883
165.1156597491
169.1668744368
175.0656326564
183.1044227180
202.2245126733
201.0746689847
206.0983989774
207.8137310337
215.5289266086
207.9927012892
207.1506153630
206.2687810736
206.9667660047
210.4018534472
217.3951372816
228.6214975158
244.6222459159
327.4081420797
441.4393170264
437.5057101480
339.3103187460
430.5268885563
555.0212815947
294.0061762199
190.8228978284
176.4314849830
168.0301314221
163.6592322807
114.6662882616
114.9664245816
117.0402225581
120.9790192223
127.2514818746
136.7569107591
317.5563056474
324.5947379434
196.6802144295
290.9676032374
303.5295322618
506.5234430018
179.6473552549
179.6382542341
180.8322154456
184.8227394673
192.6216709802
204.9095346311
338.1906937116
1434.2486730517
972.1841265593
730.4082287460
893.4208540757
1200.1636679408
798.8088056655
164.7366041022
142.2329485341
128.6016972286
120.6407866506
116.3650724849
97.1280579997
97.4293928756
100.7305490710
107.5822122227
119.5729907540
233.8335633383
1033.7613925761
415.0825008487
599.9371890223
635.0120317417
967.3699585058
51.3499118953
728.8236349285
1117.8329549287
1588.6540483930
1200.7075905968
934.6209040462
1349.9036021271
1010.0054566109
1039.8444974995
148.0279629229
121.9399146940
107.5145113828
100.0982482133
91.0013649000
91.0003893869
94.0526187638
100.7099124546
112.5212972759
132.0592212650
1362.5265455192
1236.8782483590
458.7011830420
1147.7782716038
989.7032128465
850.3281085379
1734.7866209034
1270.5418470551
1245.5977250619
1090.4972686211
1379.1443032151
1405.4511027722
1818.0725779516
175.1289021684
138.6588997567
115.4448130148
101.7427137642
94.2589148839
92.4619974328
92.8709126384
98.9312392473
112.6031610117
137.7629333907
1467.9290560096
1583.1358610526
773.3715410616
830.0288211781
1396.4438778102
1452.6837684359
734.1089067835
1775.6936012753
2228.4218392411
174.6971078196
134.6786298227
110.5312932288
97.7333434162
101.5127192248
103.9005051241
119.2156517089
351.2552247269
1345.5210346490
1189.6367463543
1690.4315289216
1950.3876917304
1429.1257774784
1104.8966906321
135.8661007831
110.9837713484
120.9090298739
133.1922846282
997.1868281270
2417.6392000326
1894.3317112089
142.7038192300
156.1779269121
51.3499118953
2417.6392000326