817.4817222597
813.4816563122
823.6188989418
846.2092895767
882.0309444653
933.4472124591
1237.0236433499
1058.5833438801
1082.5684176848
1098.8489695118
1225.6323355386
1049.8845829150
1030.6886716295
1014.4572891194
1013.3758514922
1034.9583019876
1085.9483429240
1175.5192419263
1317.4440589578
2167.3272780560
4012.9077060328
4243.7060743689
3117.4855539911
4064.0397955216
6794.8741274639
3612.0185314237
1126.1238929244
976.4841398468
888.5120864207
839.9171045818
552.9559256763
554.6984175101
566.9257993039
590.0400832132
626.9581117632
683.5778448198
2056.5824607648
2286.0143427854
1262.8049172047
1859.5317298836
2135.9744065643
3567.2460511498
869.5900376142
854.4505018387
851.8469069903
870.1880267227
915.4521577415
994.4599243647
1817.3582224309
9087.9252630196
6389.3767836151
4582.6312613695
5989.5804740899
6997.1875811189
6221.8132934168
871.2523348308
726.8267946548
639.9019946551
589.8458441204
563.3542411599
480.7859219339
484.6501370007
507.2317611465
550.4964052719
618.2548946598
1203.6798859086
5496.8992687202
2433.8914028682
3206.7861305300
3470.6101784341
5270.5072174119
1058.5492894471
3474.9145569656
5339.9308327575
8017.4717855707
6003.4434567966
4743.6784943716
6777.3580105724
4740.3285198668
5573.3146318139
774.5434188848
625.3070061573
540.6062097504
497.1949389708
452.4984260126
453.9796022677
472.1775380492
508.1751635150
566.4320185375
655.6811772329
5881.0989921029
5620.8890230610
2180.2798551877
5098.0266062914
4452.9970010863
3811.9610886749
7662.3170332383
5566.9523404597
5364.2496900915
4696.4859542970
6015.3053277747
5848.0524323434
8004.7475257606
875.6984761119
701.1379497759
582.5737838226
509.6997154222
469.4088680708
453.6877901715
455.9934917084
484.8384940882
545.5839262700
650.6475690490
5748.8903708414
6400.2534640932
3116.7149128348
3390.8388090039
5551.9584167467
5719.4623037292
2995.4738236080
6862.8527984818
8795.3226139401
828.0746463128
654.5717339690
542.1491881817
479.7140208799
484.9483739935
493.9599122841
556.3956478286
1441.7438829823
5026.6669169945
4549.9364230769
6305.4638940505
7197.2186460752
5355.2994906370
4164.3627645173
635.6399030969
528.1951318740
556.1440569185
601.4216226885
3703.4895450793
8563.3099060171
6740.7276692135
645.2914635431
686.9483934953
452.4984260126
9087.9252630196