689.8143760923
684.3113640858
691.7940042542
710.5266841592
741.0539398243
785.4574973112
1089.9516461617
897.6230201210
915.4263385999
933.9266412298
1057.9004833961
880.4142780400
862.3713275294
847.5634142157
846.5771398085
865.8918591074
911.6011920423
992.4061884331
1121.8237116424
1894.1167260518
3725.2380063130
4005.5278201304
2952.8441493785
3752.5053614310
6703.7567697975
3583.4832273766
988.2935895656
844.5956744783
759.8366779420
712.4975908946
459.6116227038
461.0161373439
471.4249218327
491.1485643150
522.6761816290
571.0529265200
1762.7354225351
1987.5169386550
1101.8652354847
1597.8231496385
1867.2332607519
3086.1412154872
720.7992229771
706.4038107027
703.3753637955
718.6313973841
757.2306313046
825.3141219163
1521.4452727114
7723.2822427744
5469.5989763632
3902.5896660175
5136.9688810459
5883.8641852246
5445.1244017441
736.0235811926
610.7926793983
535.2296910724
491.7164667400
468.6875438648
402.9506723032
406.8057187586
427.1636259650
465.4410128686
523.4499323498
1006.6482980186
4568.2789699421
2055.2017469853
2671.2227128666
2898.0610621808
4392.0767915491
1458.5989157735
2852.2671696317
4380.5950921812
6616.0214852826
4956.4875371169
3928.0356065636
5598.0815016759
3891.4774761348
4639.1312007455
654.2364331282
526.9359153243
454.1673104442
416.8485177797
380.3600548069
382.0684771594
398.1292834269
429.0515326213
477.7371356231
550.6181978536
4772.7488509289
4586.3943342536
1793.7427350471
4149.2957715530
3630.3872502324
3107.4269707051
6227.6946252982
4524.6410790286
4353.8031403358
3815.6890679930
4890.5999758026
4733.8325536089
6509.7110336319
734.5236585841
589.8404544845
490.3354871547
428.6708477464
394.5116200680
380.9035150072
383.0827786314
407.3029699163
457.1967247646
542.0664175398
4618.8788399694
5156.2793688563
2515.1105222652
2739.0169655604
4466.9584834360
4598.0368327228
2423.4314593423
5508.2373805574
7069.6199527222
689.6610953702
547.8291744523
454.7257552312
402.5929023888
405.5177511803
412.8176692532
463.3773296836
1171.1642137529
4021.9148902133
3648.4525719346
5041.9937516107
5750.1797910533
4287.6945836634
3339.0359261387
529.2028101169
441.2196952466
462.1839252778
498.1943566810
2965.3650498111
6820.2715848964
5374.2603972615
534.5893453421
566.5995253317
380.3600548069
7723.2822427744