1.0577928095
1.0370208879
1.0408980935
1.0650858459
1.1095612936
1.1774932132
1.8662388829
1.4142065989
1.3812799535
1.4811971804
1.7092641149
1.3046829178
1.2745097846
1.2521547989
1.2534724713
1.2886528356
1.3685247960
1.5096983218
1.7391241417
3.0019590135
7.1230423972
8.7348215361
6.2708498235
6.6402648586
19.5170265912
8.0706402792
1.7055693232
1.3996478411
1.2172909978
1.1124861233
0.6668090492
0.6680559496
0.6832778438
0.7127679392
0.7601647564
0.8326836054
2.5862984355
2.9863205436
1.7187529952
2.3676344365
2.8576153780
4.5616769590
1.0297456593
1.0062144679
1.0011332538
1.0240227070
1.0823752692
1.1861719349
2.1823257386
11.1022433478
7.9763626452
5.6753747546
7.5111685669
8.3751078418
8.1910541105
1.1083732963
0.9110206965
0.7898450434
0.7195711376
0.6820737457
0.6038925798
0.6132943693
0.6517682457
0.7202714271
0.8128083910
1.4809314436
6.4258775206
2.9712845236
3.7816056928
4.1017309414
6.1732486190
238.8461552465
3.9674379220
6.0742751476
9.2041067357
6.9285416728
5.5303402854
7.8367896357
5.4513035269
6.5449982209
0.9914147008
0.7971284777
0.6832569171
0.6245821132
0.5780302582
0.5837149209
0.6128546658
0.6642320229
0.7376868732
0.8386930187
6.5914737719
6.3509198859
2.5293814022
5.7319825696
5.0225089449
4.3034399271
8.5659417375
6.2404920450
6.0095286802
5.2872853304
6.7674342381
6.5461921486
8.9870320867
1.0992158608
0.8910063695
0.7435275401
0.6501465355
0.5982798211
0.5792010217
0.5847560258
0.6229673314
0.6954164285
0.8117502910
6.3467470920
7.0782953113
3.4806734361
3.7842177845
6.1325729089
6.3146984850
3.3691194155
7.5646266262
9.6931661291
1.0220436126
0.8220301492
0.6871262550
0.6103671872
0.6120024561
0.6233956370
0.6946139150
1.6559241384
5.5232399890
5.0148625872
6.9076019558
7.8739013325
5.8935576588
4.6067184724
0.7878739726
0.6629537114
0.6883556248
0.7374226586
4.0863994957
9.3214941198
7.3612502390
0.7894127085
0.8299684824
0.5780302582
238.8461552465