205.9495842615
203.5795052778
205.2959650615
210.4892029175
219.2612326775
232.2075397017
334.1619825157
268.3028922831
270.4757658145
280.0906264031
317.7884490175
259.4520647547
254.2983372038
250.2343247507
250.2808259487
256.3456238057
270.2864931317
294.7823577286
334.0201174908
558.4052156759
1167.3342722006
1304.3846994487
967.8450020115
1135.7561311656
2412.5373894954
1209.1358730502
304.7021537456
257.5577617543
229.6069976181
213.8029549578
135.0364951968
135.3883380491
138.3959647290
144.1416893487
153.3416484505
167.4271301042
504.8333092787
570.7084897868
323.9450437488
459.9949682057
540.4683199074
880.3184187763
210.5822773062
206.5957966941
205.8959432053
210.4587475614
221.7509743332
241.5516212678
440.0154082780
2199.9425971174
1561.2064784076
1117.2021375007
1465.0261376910
1683.2504167093
1552.1070770275
216.9063269837
180.0335407954
157.6233618476
144.6695800467
137.7852258643
119.3784385459
120.7284506077
127.1753057624
139.0705274731
156.4087939271
295.0731249193
1313.9361006611
590.4319757913
769.3069370371
832.6436171175
1259.5555287741
1441.9532265115
827.6602022079
1269.6488384466
1907.2740475421
1432.6331253768
1136.1894683302
1618.1766541381
1134.0820339586
1334.7143974555
193.4230120933
156.0114828246
134.4836990831
123.4269006690
113.1756942692
113.8740747846
118.9173471445
128.3533812023
142.7955532238
163.9576035846
1399.1073312435
1336.6971074174
522.8464268823
1211.8972725120
1059.0684541098
907.2537646349
1817.9280669659
1323.2639111734
1276.5152191864
1120.0452687260
1432.7159339809
1395.0131964897
1903.3086891492
217.2406317737
174.8017269824
145.5337990693
127.3388537616
117.2683411138
113.5113909283
114.3181231629
121.6599594972
136.4501082457
161.3286907315
1369.8804373946
1521.9966022940
744.4915463543
808.8636235924
1321.6317253751
1362.4713591330
717.1945826812
1636.5367608266
2093.1637535693
204.4805687481
162.6586443955
135.2046929371
119.8363070542
120.8692321158
123.1412423936
138.1521206679
348.0962204182
1200.4131965249
1085.8259557424
1504.0691545282
1717.1858166164
1279.4873061194
996.6632621728
157.3631137036
131.3601013139
137.7082455683
148.4448193896
886.1738395088
2044.2848485401
1610.7015648158
159.1334402992
168.7494371517
113.1756942692
2412.5373894954