222.3560142873
219.9019356918
221.8096944407
227.4361621514
236.8971860687
250.8321124730
358.6525607390
289.2459788488
291.9892550187
301.8311799263
341.9970334819
280.4012664031
274.9128638162
270.5696267615
270.6195908433
277.1145241324
292.0405118408
318.2459521689
360.1670337345
600.1827605517
1243.4127809069
1383.7750850118
1027.9060903017
1213.0536030246
2532.8033598444
1281.0008537397
327.1384007456
277.0788372281
247.4093801879
230.6525944631
146.1279899599
146.5126745068
149.7572995689
155.9521457083
165.8693683359
181.0525662699
543.9757404751
613.9429831400
348.4616769079
495.5862319778
581.1167004980
947.4702959017
227.9769909101
223.7420732825
223.0228498341
227.9586786829
240.1315311745
261.4449152303
475.5939833822
2372.6896674387
1682.2885894486
1204.6377741990
1578.1924943527
1817.8674148171
1667.9642475077
234.1395633452
194.4884712319
170.4008717089
156.4782750379
149.0796046066
128.9996788345
130.4225619502
137.3069661655
150.0444021216
168.7088488515
318.8682323969
1421.3014490541
637.2964394904
831.9450635590
900.1696397011
1362.0409460610
1440.3372254003
897.0271441550
1376.1711115236
2065.3929452404
1551.3648478111
1229.7861804305
1752.1172738799
1229.1589907687
1443.4824535626
208.7764724189
168.4517493189
145.2733063390
133.3697295560
122.2348324993
122.9610545238
128.3623300247
138.5113077112
154.1161931471
177.0743211631
1519.1044426635
1450.0471058426
566.4538642029
1315.2393425439
1149.0716050286
984.3948392371
1973.3715400786
1436.4714059119
1386.0576934385
1216.0287670460
1555.2559092501
1515.5691909570
2065.9262506388
234.7271040986
188.7855438862
157.1618194183
137.5267116113
126.6615359503
122.6188808962
123.4732101572
131.3977498999
147.4239668167
174.4610641847
1490.1507123431
1654.7503903515
809.2620244299
879.0568432656
1437.3284348851
1481.9764624632
779.2874871130
1780.6767399173
2276.7633921907
221.1818878129
175.8084626916
146.0830349621
129.4632610752
130.6498767826
133.1128582530
149.4173003382
377.9851712159
1306.9303331111
1181.6560856293
1637.6712870896
1870.0468021219
1392.8778958230
1084.7402298161
170.2235483137
142.0174681760
148.9991421544
160.6948722325
964.7262550263
2227.6232419104
1754.8608049913
172.2724855105
182.8088691104
122.2348324993
2532.8033598444