0.3832559848
0.3750157748
0.3758564350
0.3841179700
0.3997210943
0.4237691007
0.6830354544
0.5123150338
0.4964610120
0.5372803799
0.6203103050
0.4685295217
0.4580517434
0.4505429037
0.4515019106
0.4645319716
0.4935443077
0.5445690895
0.6274259139
1.0728668437
2.6177289979
3.2730646329
2.3494218249
2.4045072460
7.5601964845
3.0492813761
0.6262620096
0.5118445253
0.4435051882
0.4040636136
0.2395563903
0.2399225957
0.2452865931
0.2557391111
0.2725511861
0.2982205942
0.9036374336
1.0468448554
0.6146700968
0.8318638661
1.0085308073
1.5885162947
0.3679743424
0.3600565792
0.3586243055
0.3669661303
0.3877077353
0.4243477743
0.7692828824
3.8480197797
2.7730630479
1.9780339132
2.6091622629
2.9117007523
2.8497766081
0.3976418210
0.3272900501
0.2838744233
0.2586221442
0.2451051297
0.2180361736
0.2216129289
0.2358478014
0.2610110873
0.2943788747
0.5276552145
2.2458662708
1.0392206298
1.3249553660
1.4339234998
2.1525546095
77.9442667193
1.4026749319
2.1440730382
3.2264352087
2.4373003494
1.9462784157
2.7553886486
1.9367815845
2.2879962193
0.3566556469
0.2873143247
0.2464856366
0.2254097082
0.2093365974
0.2115707262
0.2223494902
0.2411366500
0.2676323946
0.3036271983
2.3651337314
2.2585370960
0.8989588751
2.0461872827
1.7898500739
1.5351616507
3.0564741761
2.2328743337
2.1584223148
1.9021774302
2.4262429775
2.3709059820
3.2124861706
0.3962142227
0.3215736657
0.2686921876
0.2351569192
0.2165330195
0.2101720347
0.2123450071
0.2263456608
0.2526249387
0.2946471485
2.3276583190
2.5732561740
1.2705873811
1.3758333023
2.2400295866
2.3130956798
1.2287445302
2.7860302625
3.5452848671
0.3702208106
0.2977211138
0.2490039445
0.2213324252
0.2224756948
0.2267626304
0.2528089501
0.6064804901
2.0534131646
1.8525515222
2.5664493400
2.9327924223
2.1901731944
1.7113945745
0.2863451918
0.2408927879
0.2507964443
0.2689724734
1.5222562744
3.5023113737
2.7642003992
0.2878015443
0.3032986185
0.2093365974
77.9442667193