81.0624466987
79.7086648699
80.1518492257
82.0920461576
85.5441902409
90.7518129717
139.4145335194
107.1340159475
106.3050110687
112.2018577858
129.1090752266
100.8468307926
98.5815243321
96.8632123533
96.9121026544
99.5018175247
105.4320596122
115.9119570609
132.8876640925
228.2534192765
518.5954616161
608.4155034164
445.4425723603
493.3901734534
1243.1463492041
571.4204340039
127.0128106562
105.2333830886
92.2758180173
84.8686011743
51.8182781094
51.9337958012
53.1156779852
55.3903222036
59.0401903266
64.6284424075
200.2669334591
230.0731424812
131.4504251397
183.0037924030
219.3607393407
352.6618767949
80.3497975608
78.5768504774
78.1983227133
79.9613872362
84.4433958505
92.3968298255
169.9331356248
863.5070146237
618.3018977467
440.1719747697
581.7506733304
652.8896722841
630.4300306770
85.2381679347
70.2477183586
61.0848753971
55.7810840843
52.9575176486
46.5043064545
47.1565482902
49.9569621181
54.9997795671
61.9915419240
114.4602025493
502.4730520577
230.5885321861
295.1813934224
320.2488839832
482.8954380779
980.5766752280
311.4703244973
477.2717294999
722.2080045407
543.0866784512
432.6223064148
613.9650879198
427.2757935056
511.4669431046
76.1023568703
61.2194316186
52.5546247964
48.0969226480
44.3413058506
44.7158850430
46.8541533206
50.6999054874
56.3283361923
64.2433336344
518.9824735973
499.3115235930
197.7709867728
451.1179374722
395.0781312135
338.4521935649
675.0810336706
491.5462782163
473.3926524948
416.0988381608
532.6397849498
515.7404514996
707.6035457991
84.6693888392
68.4557519819
57.0654818422
49.8962228413
45.9182924402
44.4236636841
44.8034655975
47.7020408385
53.3180238769
62.4856127277
501.4051801969
558.9282416554
274.2775123519
298.2745992232
484.4795129294
498.9521836938
265.1722391705
598.0117462170
766.1714451525
78.9578369776
63.2811225391
52.7915578421
46.8511112482
47.0393339987
47.9050486328
53.4809478947
129.7054261588
436.9842408618
396.4099177444
546.8641881836
623.6104501904
466.1323615127
363.9735140284
60.7945272544
51.0196369705
53.1102953088
56.9930878361
323.0238808866
739.2629928965
583.4094271609
61.0626925813
64.3519917308
44.3413058506
1243.1463492041