787.2692247715
783.7955341244
793.7268428349
815.4993812810
849.8791593410
899.1186372389
1182.1722202149
1018.3684480293
1041.7225401494
1056.7607896252
1175.2434531296
1011.8314791866
993.7947264363
978.4673587112
977.4934895189
998.0722305136
1046.6110182038
1131.7377119871
1266.3104818001
2071.3878514133
3795.5371716510
4003.6230787260
2940.8188708718
3843.7066815088
6366.7926224601
3377.9570323673
1077.2503828423
936.4901869329
853.7798369883
808.1789543719
533.7889006055
535.4728938293
547.2135120747
569.4028706168
604.8396399250
659.1774446167
1971.1773867377
2184.9767151970
1207.3552200843
1781.8017094288
2039.9919321013
3412.0231835428
839.7141582981
825.5481387725
823.2614240268
840.9771860028
884.4418050231
960.1272842416
1750.7260939738
8722.8523245712
6124.5290476967
4397.4852534197
5738.9564692043
6731.7381940257
5937.1109489266
838.4258624695
700.1858956908
617.0045512780
569.0971299422
543.7387826041
463.4986814361
467.1117547174
488.6106511854
529.9325784716
594.9905274803
1160.3260690239
5301.5751516344
2339.9677996102
3091.7108064257
3344.0465195046
5079.9459480923
940.3265129398
3360.8272236335
5165.1080703349
7744.0477455637
5798.8196780239
4579.5610067725
6545.8818794388
4585.2714525962
5373.6495568154
745.4700031933
602.1538672596
520.9109324506
479.2747143092
436.0435621837
437.3910775942
454.7882964788
489.3552583499
545.5468529830
631.9567791971
5702.8601179967
5443.6302013021
2108.0911150818
4940.0091178847
4313.4177277860
3692.6056409456
7426.6225170334
5396.2898395201
5201.8670135092
4553.4148389059
5831.0125065954
5675.1535658819
7758.4389513108
844.0243171268
675.4318359289
561.1920093540
491.0830303664
452.3370683952
437.3212621575
439.5093740392
467.3288735080
526.1216095318
628.0960751643
5588.3762598666
6217.0535510159
3026.8470817303
3292.1167925185
5395.0125644020
5558.9300190902
2907.7174783823
6673.0909324808
8548.7132809331
799.3361587642
631.2732706549
522.6522484170
462.4266846156
467.8344032608
476.5943664464
537.1952146584
1398.6583907103
4891.6476651063
4425.2386332979
6136.5047247069
7005.9285848903
5210.6264728730
4050.8915697208
613.6929018199
509.6409433011
537.1728745527
581.2781001683
3603.6867068393
8341.7814234700
6565.1325504920
623.6479496775
664.4968990330
436.0435621837
8722.8523245712