4.3764809472
4.2941304386
4.3127515678
4.4148486457
4.6006396419
4.8833939499
7.6874186787
5.8397400493
5.7305630931
6.1148464962
7.0641471736
5.4148858939
5.2886668049
5.1943418831
5.1981619926
5.3423827079
5.6716246422
6.2542745639
7.2012611327
12.4635570391
29.2161579468
35.4148102606
25.5008911413
27.4789388482
77.2315515713
32.7764719693
7.0092853302
5.7643907524
5.0228814599
4.5974557077
2.7691880380
2.7747366761
2.8382585213
2.9610272637
3.1582429305
3.4601515560
10.8047097124
12.4736968029
7.1501496462
9.8828132817
11.9214259000
19.0775401178
4.2826747869
4.1836956453
4.1616485248
4.2562963475
4.4988271251
4.9308070846
9.0960944676
46.4326778959
33.3438236353
23.7095203426
31.4048068721
34.9909638535
34.2581305286
4.5985074663
3.7797054724
3.2778425916
2.9870667680
2.8320767274
2.5022894878
2.5401830945
2.6973922848
2.9781732716
3.3603864283
6.1498371538
26.8140512471
12.3964882341
15.7734506242
17.1197347285
25.7803493533
436.6945279252
16.5260805420
25.3098298906
38.3977890215
28.8869212334
23.0516152571
32.6704962514
22.6849136082
27.3122283811
4.1098778742
3.3032997370
2.8313753721
2.5883249454
2.3924385588
2.4149831424
2.5341671327
2.7454305721
3.0493281137
3.4695061456
27.3923667084
26.4268745454
10.5215371391
23.8415923116
20.8952251029
17.9009701620
35.6377124120
25.9502728866
24.9764607017
21.9660423113
28.1302861026
27.1729369152
37.3737890894
4.5566589546
3.6915491806
3.0793019747
2.6919893447
2.4768434001
2.3963503915
2.4184841454
2.5758249552
2.8757408406
3.3588785609
26.3036131782
29.3670875205
14.4307282173
15.6990622298
25.4326417469
26.1787197189
13.9701647091
31.3390107762
40.1937393649
4.2344273085
3.4043184151
2.8445295267
2.5260317288
2.5319768260
2.5785413276
2.8733776069
6.8575323774
22.8541087206
20.7660027433
28.5861763870
32.5762501500
24.3857264646
19.0613992360
3.2617698704
2.7436298348
2.8482464738
3.0511892703
16.9031381540
38.5304830633
30.4278805422
3.2673551424
3.4348035788
2.3924385588
436.6945279252