284.3717506193
284.8421155505
288.9521286740
296.4242259612
307.5727473509
323.0186264459
376.3864953385
358.3014504484
367.2379610960
370.6257001840
392.9098007153
366.1355721878
362.9447576539
359.9708439443
360.5638318673
366.9785116182
380.9522256921
404.2892626208
439.0961486470
633.2022232363
959.3642638713
972.6781525163
732.3373667045
954.5656054741
1359.6661725738
713.2489404484
350.6305037258
317.8193482892
298.6420927624
288.4265654688
198.8681638537
199.4387370278
203.3091169280
210.6384349394
222.3238778977
240.1235814915
615.4604684186
647.7695719696
375.2826207969
559.4582305092
603.4339330035
1014.6372896390
312.6667707171
310.8504657847
311.8823188040
318.6719580818
333.1281787581
356.8448577165
612.6955142026
2774.2213941169
1902.0134389746
1403.5835811163
1761.7525976445
2252.5470564180
1667.3088257382
294.5177912381
251.3036016184
225.2415917427
210.1186196246
202.0500318183
169.5649699995
170.3181933670
176.7121203609
189.6498273372
211.5952582631
416.5523147398
1876.9312217724
777.8138021064
1089.3694985676
1162.3602018553
1771.4687623999
108.4841234158
1271.0675901114
1952.2459184296
2831.6480647590
2129.8098603546
1665.7016802527
2399.0105251221
1749.1183143242
1892.7849994155
263.4800998020
215.4408948620
188.6882350058
174.9630233265
158.9053746507
159.0340921529
164.6618025003
176.5980047059
197.2589172947
230.7555201912
2292.5272682705
2120.9110081275
797.5542985360
1951.4331401860
1690.2185447340
1449.9553424599
2945.0752416404
2149.2972837806
2093.3056503345
1831.1954134283
2327.8616602276
2330.9680280664
3081.2109289941
306.9845356099
243.7594690145
202.6958308292
178.1563117257
164.7036692218
160.6263601801
161.3435516214
171.7650591334
194.8667150313
236.6703942852
2384.8409959194
2601.9788372560
1267.7572983435
1367.5674532529
2280.7350631096
2364.0291971648
1207.4411536148
2870.8176614541
3630.9991444429
300.4778945041
233.4318406317
192.0746379031
169.8332095607
174.7058508761
178.5314171995
203.6875240468
577.7178135282
2146.6812295076
1915.9878359700
2695.1674718529
3093.0301338549
2281.3766498101
1766.3231017906
232.3155465494
190.7945327587
205.4148811311
224.9631704191
1582.2638384270
3749.5278497136
2941.3060162448
241.0769080592
261.3495823408
108.4841234158
3749.5278497136