5.1269810706
5.0299382848
5.0513721315
5.1707120026
5.3881696459
5.7192805066
9.0144382818
6.8405801699
6.7117354537
7.1640235512
8.2777468398
6.3409907834
6.1931421447
6.0827942724
6.0874854745
6.2567001141
6.6427563700
7.3258835016
8.4362625924
14.6012770757
34.2844748240
41.5611551438
29.9453624708
32.2250479970
90.5887205646
38.5208273183
8.2193731048
6.7573990886
5.8865032165
5.3867314039
3.2422590451
3.2487204547
3.3230823585
3.4668296019
3.6977538675
4.0512455639
12.6454464373
14.6025113790
8.3767359850
11.5686268835
13.9602839369
22.3277918265
5.0133522218
4.8974929236
4.8717464386
4.9826104530
5.2665882457
5.7723637774
10.6453028486
54.3282944294
39.0217475957
27.7426735256
36.7492972449
40.9396519976
40.0987336910
5.3851118407
4.4261121162
3.8382096603
3.4975544148
3.3159618747
2.9305637949
2.9751100758
3.1595612481
3.4888354834
3.9365599591
7.1998977140
31.3721198304
14.5068567642
18.4561783152
20.0309307309
30.1604733878
458.6725264632
19.3383607204
29.6148460116
44.9227808737
33.7996871836
26.9722829438
38.2283734971
26.5486962678
31.9544438369
4.8132592548
3.8687317968
3.3159739699
3.0312828558
2.8022689528
2.8288158796
2.9686105285
3.2162165551
3.5720679803
4.0636770130
32.0608552868
30.9269683118
12.3135873472
27.9022921700
24.4541086476
20.9494708440
41.7065882160
30.3703581697
29.2325980851
25.7118478456
32.9251896612
31.8089814368
43.7398538022
5.3362845521
4.3234872260
3.6065907372
3.1530095130
2.9010544066
2.8069421784
2.8329702706
3.0173273311
3.3684851165
3.9339220401
30.7973465068
34.3811837502
16.8958320498
18.3789500049
29.7729741789
30.6500977267
16.3569588063
36.6967039598
47.0558525357
4.9590830654
3.9871816169
3.3317112408
2.9587537005
2.9657636034
3.0203401100
3.3655538638
8.0304338945
26.7670910749
24.3151631395
33.4791423140
38.1543559386
28.5635996290
22.3251751031
3.8202969525
3.2135782437
3.3360939590
3.5737187982
19.7967222169
45.1309685982
35.6408157787
3.8268649729
4.0229457749
2.8022689528
458.6725264632