306.9313648741
306.4054124303
310.5751054158
318.9648260179
331.8988099203
350.1786589985
438.1554944394
393.3713283255
402.7707285968
407.5696290572
444.4652170943
395.3431167885
389.6734780021
384.7053923546
384.6549016583
392.1998914058
409.5969055811
439.6484279862
486.2712194398
760.2334190262
1299.8018096838
1350.9967561506
997.5576424710
1309.5774515774
2060.2618340441
1081.9740902924
402.5318318449
355.7893559174
328.3899272297
313.4650717271
210.9634418078
211.6140541825
216.0538352372
224.4454445059
237.8386586390
258.3330450158
732.5748389517
796.3252079223
445.0374142832
662.4579060884
741.4083898252
1247.1179814635
332.0989623981
327.8908759998
327.7247733300
334.7877546756
351.2646344620
379.3800989259
677.6721423237
3269.3497169665
2274.3774363570
1648.5846868980
2122.9866993642
2569.1114178516
2128.5987866386
323.9246954902
272.7077858086
241.8912272039
224.1043673979
214.6676606155
181.7342513118
182.8913059169
190.6645974166
205.9079568317
230.6612600954
452.8719080577
2064.7554760543
889.9544287848
1201.3843705498
1293.1915628801
1967.7815276230
199.0959751749
1340.2706537887
2059.7412070512
3051.8705197353
2287.8528557824
1799.7576467013
2580.6131047223
1833.2260259225
2088.6103916715
288.5613452193
234.1134451476
203.4752952091
187.7730473250
170.6229113618
170.9783844888
177.4627085282
190.6974352118
212.7928321943
247.5523550494
2325.5131198280
2194.8003901467
840.1558146802
2001.6688828694
1742.5732573267
1492.7144013954
3014.1761768267
2193.0522565550
2121.6902018794
1856.1955412310
2371.1492288956
2331.4539798916
3149.7344334488
330.2514064499
263.4243280979
218.8939510717
191.8523770997
176.9547101535
171.5918955826
172.3981121768
183.3891210653
207.1060752538
248.9911081127
2329.0154709027
2572.9900960648
1252.2693863793
1358.1524612359
2240.7464162011
2313.6259833802
1198.6993719084
2788.9701073173
3556.9641671352
316.6018275779
248.4141445174
205.1527046780
181.4518699127
184.7144091098
188.3933008839
213.3706243395
574.9201553505
2059.3271254681
1853.7814550276
2584.5264870455
2956.2749430470
2191.5066182322
1700.6155741336
243.6211262691
201.4295014983
214.0358392333
232.7046423913
1516.9433929758
3543.6431483005
2785.0113055085
249.5498060310
267.6874819016
170.6229113618
3556.9641671352