0.0071279762
0.0069373374
0.0069362032
0.0070880680
0.0073898634
0.0078642887
0.0135513982
0.0097096375
0.0093058045
0.0102063428
0.0120210488
0.0086473950
0.0084120262
0.0082437964
0.0082545803
0.0085163305
0.0091108187
0.0101696294
0.0119120924
0.0213681955
0.0553218405
0.0702154723
0.0500026832
0.0506830951
0.1664261744
0.0660846551
0.0123608088
0.0099035358
0.0084348883
0.0075835327
0.0043315734
0.0043374854
0.0044405052
0.0046419220
0.0049665431
0.0054634792
0.0177644784
0.0209571748
0.0121248439
0.0163104213
0.0202204850
0.0318074889
0.0066378917
0.0064508149
0.0064017433
0.0065516351
0.0069514063
0.0076754630
0.0143869222
0.0752659229
0.0547263000
0.0386331265
0.0517331296
0.0557456591
0.0581506682
0.0074661515
0.0060710105
0.0052091702
0.0047088598
0.0044415522
0.0040097658
0.0040878294
0.0043792550
0.0048852885
0.0055310766
0.0098050465
0.0418181152
0.0199531681
0.0247171825
0.0269198899
0.0403357736
35.9408278785
0.0250840896
0.0383529300
0.0589138393
0.0443881900
0.0356811969
0.0502891063
0.0344877252
0.0427315151
0.0066855633
0.0053519950
0.0045588006
0.0041494410
0.0038678016
0.0039181108
0.0041330354
0.0044953054
0.0049838719
0.0056148798
0.0404997993
0.0395965071
0.0161070657
0.0354868849
0.0312214839
0.0267469407
0.0528124496
0.0384665951
0.0368990957
0.0325443981
0.0417528641
0.0398675922
0.0554948995
0.0073071083
0.0059630086
0.0049834994
0.0043522253
0.0040004046
0.0038673490
0.0039120969
0.0041700634
0.0046320482
0.0053371144
0.0378020429
0.0425435494
0.0210167928
0.0229169585
0.0366839629
0.0376670979
0.0204832277
0.0448558326
0.0577911912
0.0066900640
0.0054427508
0.0045736120
0.0040698566
0.0040504921
0.0041230011
0.0045593789
0.0101943921
0.0324088290
0.0296545714
0.0404547449
0.0459616753
0.0346464687
0.0272020336
0.0051565722
0.0043747741
0.0044905038
0.0047754472
0.0240241359
0.0537944955
0.0426218983
0.0051078364
0.0053138518
0.0038673490
35.9408278785