0.9484649921
0.9292584856
0.9325167936
0.9542578719
0.9944432705
1.0559651814
1.6890832139
1.2692736174
1.2407211901
1.3302660063
1.5408281753
1.1692019181
1.1412583619
1.1205569857
1.1215298936
1.1534051811
1.2260576257
1.3547546190
1.5643848598
2.7227489858
6.5078246482
7.9466692690
5.7219556809
6.0801464029
17.5578244931
7.4048180678
1.5412915148
1.2614110261
1.0945693786
0.9986280682
0.5958307545
0.5969590176
0.6107021248
0.6373188286
0.6801015656
0.7455909607
2.3425818634
2.7138865963
1.5580093223
2.1439029686
2.5975500968
4.1446951129
0.9200695040
0.8981000509
0.8930563695
0.9134684762
0.9660939077
1.0600768792
1.9602152680
10.0439456601
7.2275288473
5.1329148976
6.8105783388
7.5485677445
7.4659341150
0.9954374836
0.8167699609
0.7070939666
0.6435229091
0.6096221985
0.5405665885
0.5491749818
0.5840789076
0.6460634987
0.7293777034
1.3274571490
5.7655852638
2.6787695480
3.3941240026
3.6858524400
5.5459185562
257.3054406870
3.5388456934
5.4185636867
8.2356121926
6.1972575696
4.9510543090
7.0113530833
4.8590978608
5.8754478632
0.8899415584
0.7148403889
0.6120983191
0.5591703183
0.5176040261
0.5228204096
0.5491385945
0.5953364373
0.6610090993
0.7507611537
5.8431372508
5.6480904728
2.2560229361
5.0904066168
4.4641382530
3.8243481327
7.6041728716
5.5376779987
5.3269757593
4.6871586857
6.0040146229
5.7898417129
7.9774151475
0.9843924316
0.7984587814
0.6662560701
0.5823707321
0.5357559273
0.5183016523
0.5233135226
0.5574528373
0.6218252657
0.7246307329
5.5877327128
6.2461102037
3.0714514328
3.3425257350
5.4051895491
5.5618145688
2.9764636629
6.6533885132
8.5387716861
0.9126271968
0.7351243007
0.6148206052
0.5461785225
0.5468467254
0.5568755504
0.6197759593
1.4640709781
4.8457289832
4.4071756493
6.0591119800
6.9020883332
5.1719476936
4.0452431640
0.7030885606
0.5922271215
0.6137047565
0.6566705684
3.5850918347
8.1512337972
6.4401977231
0.7030496655
0.7378708440
0.5176040261
257.3054406870