300.3849403235
299.6791607369
303.7045748932
311.9635984947
324.7697437760
342.9298472009
434.5435512354
386.0745849482
395.2430402109
400.1356881659
438.6156157900
386.8636778424
380.9311738857
375.7727166034
375.6128304527
383.1113688217
400.5422450384
430.7977324317
478.0010135093
757.2793766747
1318.7870312774
1375.7435984382
1013.3533143096
1331.5339174337
2121.0190700980
1115.7185680278
398.2658025990
350.4939152661
322.4778317940
307.1700851289
205.7906215894
206.4321682383
210.8203978435
219.1125177494
232.3490531568
252.6178227287
728.1381084039
795.7369523264
442.6241897363
658.1512167119
741.1130298664
1245.6840368565
323.9801589987
319.4819356977
319.1058742932
325.9736430310
342.2427937027
370.1758973082
665.5165707153
3243.0273686458
2261.6947008800
1634.7240771647
2113.6825165053
2534.9560351026
2138.3736738123
317.9944928496
267.0970478306
236.4806312281
218.8230788667
209.4627542431
177.6237854088
178.8171904306
186.5778833917
201.7186473824
226.1204847741
443.5088125566
2025.1926785844
878.7842920297
1178.9763655802
1270.9601872161
1933.1406660517
229.4567363771
1305.2077905727
2006.0202787816
2983.0528340146
2235.1933485031
1760.1499463812
2521.7428086183
1783.5134901316
2049.7653629755
283.0898765445
229.3719270894
199.0883972685
183.5694448896
166.8312380792
167.2180973095
173.6367172297
186.6498731317
208.2325850016
241.9935121703
2249.5163092392
2130.3622533828
818.1395085963
1940.0409357331
1690.3369709959
1447.7068114428
2920.0269052439
2123.5587569377
2052.0592760189
1795.4221959530
2295.4168130384
2249.7368751224
3050.7882626598
322.9893229051
257.8479676133
214.2403365263
187.6832948105
173.0395681350
167.6355297502
168.4312114669
179.1440714443
202.1428334804
242.5705742911
2237.6700380824
2477.4811406542
1205.7158605104
1308.8930479081
2155.1691888605
2223.7017713550
1155.2174756967
2677.1044150784
3419.2334540077
308.5285735697
242.5139082217
200.4136294552
177.2713362272
180.1304865100
183.6542736354
207.7269424883
554.4097017354
1972.2729457760
1778.1119991417
2475.0326116587
2829.3690751499
2099.3981322643
1629.9341201561
237.2252437016
196.3787680898
208.1832309740
226.0416498145
1452.6782168938
3384.5074210360
2660.9414248116
242.4386883379
259.5613528332
166.8312380792
3419.2334540077