0.0032457575
0.0031676849
0.0031719435
0.0032431584
0.0033804496
0.0035939511
0.0060043942
0.0043939553
0.0042393107
0.0046116736
0.0053897128
0.0039632853
0.0038613206
0.0037874656
0.0037919030
0.0039069023
0.0041682560
0.0046326094
0.0053935263
0.0095485308
0.0239600914
0.0300906601
0.0214387336
0.0220840784
0.0701119557
0.0280698159
0.0054806445
0.0044290774
0.0038011901
0.0034382960
0.0020001214
0.0020032704
0.0020501721
0.0021415363
0.0022886341
0.0025138061
0.0080481628
0.0094229558
0.0054318960
0.0073775772
0.0090550337
0.0143233204
0.0030748332
0.0029942051
0.0029741843
0.0030431554
0.0032242950
0.0035503387
0.0066146516
0.0342709155
0.0248073143
0.0175614196
0.0234262497
0.0255502276
0.0260241023
0.0034015042
0.0027767380
0.0023917001
0.0021682875
0.0020489959
0.0018361500
0.0018691667
0.0019963684
0.0022192353
0.0025097334
0.0044975322
0.0193309967
0.0091176809
0.0113982305
0.0123994834
0.0186166995
39.7517837410
0.0117066544
0.0179212488
0.0274082286
0.0206238526
0.0165386001
0.0233616129
0.0160915251
0.0196848713
0.0030443493
0.0024408870
0.0020838929
0.0018997590
0.0017658922
0.0017867278
0.0018814121
0.0020436466
0.0022673023
0.0025632762
0.0190985046
0.0185880048
0.0074920439
0.0166987215
0.0146579165
0.0125774325
0.0248927782
0.0181288929
0.0174041984
0.0153488005
0.0196700201
0.0188642824
0.0261138996
0.0033445417
0.0027225333
0.0022740207
0.0019868363
0.0018269690
0.0017669110
0.0017860101
0.0019033480
0.0021181078
0.0024524025
0.0180309161
0.0202304249
0.0099672643
0.0108676527
0.0174796546
0.0179512060
0.0096915355
0.0214194656
0.0275505271
0.0030790107
0.0024944461
0.0020920598
0.0018604127
0.0018564179
0.0018900925
0.0020959533
0.0047995159
0.0155330181
0.0141789224
0.0194022400
0.0220760476
0.0165917541
0.0130023059
0.0023730565
0.0020072368
0.0020688487
0.0022060272
0.0115011047
0.0259316683
0.0205194495
0.0023603136
0.0024649485
0.0017658922
39.7517837410