2.1898964264
2.1458967565
2.1535392317
2.2036841945
2.2962505842
2.4378815275
3.8899622856
2.9310519168
2.8630992486
3.0709550435
3.5533825014
2.6997604661
2.6358125132
2.5884517632
2.5908498400
2.6642476639
2.8313384781
3.1271397305
3.6086712630
6.2668296334
14.9521607504
18.3071763449
13.1539931986
13.9586012176
40.7394635885
16.9885405856
3.5513431110
2.9085370516
2.5253540725
2.3050368742
1.3770140780
1.3796006385
1.4112605077
1.4725906123
1.5711689911
1.7220439751
5.3919301174
6.2416148678
3.5863140318
4.9354081428
5.9741232865
9.5325008198
2.1261599780
2.0760135564
2.0647032760
2.1119145179
2.2332182110
2.4496029623
4.5224253712
23.1225042321
16.6341911724
11.8182839458
15.6698054452
17.3956014014
17.1559056303
2.2974425656
1.8859845744
1.6333721891
1.4869219339
1.4088056791
1.2488419698
1.2686077182
1.3489636990
1.4917705192
1.6839769670
3.0648335261
13.3037508931
6.1738682211
7.8313629708
8.5013895118
12.7920666450
843.1422709866
8.1793764067
12.5231862395
19.0165609638
14.3122558887
11.4316651575
16.1917192946
11.2349328413
13.5549059425
2.0543897652
1.6506584786
1.4138098305
1.2917773425
1.1957640126
1.2077390515
1.2684095283
1.3750356684
1.5268418964
1.7346402016
13.5315327754
13.0664836726
5.2156897993
11.7811516167
10.3290850762
8.8494097795
17.6002178407
12.8187118444
12.3365398836
10.8547899710
13.9008676302
13.4184220257
18.4656419464
2.2739181160
1.8441531069
1.5388772263
1.3452686878
1.2376874921
1.1976509572
1.2092131710
1.2881476443
1.4372002183
1.6755773411
12.9698134271
14.4860528449
7.1239309413
7.7501107058
12.5412449261
12.9076988966
6.9008217431
15.4489052931
19.8159795955
2.1099662793
1.6989193030
1.4207003402
1.2620701652
1.2641613142
1.2874513206
1.4333405486
3.3943780412
11.2618131922
10.2365607445
14.0824363487
16.0449062589
12.0193070703
9.3994878901
1.6259056623
1.3691533420
1.4196256238
1.5195295001
8.3323637739
18.9645266514
14.9818157829
1.6267813120
1.7082300798
1.1957640126
843.1422709866