40.7938817682
40.0248223374
40.1999806959
41.1558862256
42.8949019955
45.5416253422
71.7911753515
54.3029862963
53.4734510210
56.9068515807
65.8317037793
50.4955427779
49.3049414096
48.4133590714
48.4427764275
49.7884210462
52.8678480556
58.3224889814
67.1942797406
116.6796893901
273.4554163451
327.3417636293
237.7080968155
257.8178160032
695.5323290643
307.2499214578
65.4080167072
53.7686388157
46.8361831393
42.8591829050
25.7991582597
25.8524585564
26.4472624439
27.5956445353
29.4400981038
32.2643979865
101.2509019880
117.0152442153
66.9488955177
92.5861669970
111.8089311236
179.0008408236
39.9175506453
38.9799024298
38.7655314939
39.6456365317
41.9116759006
45.9540080543
84.9611833479
435.0708207348
312.5759510321
222.0407505467
294.3962317426
327.3637911744
321.7543335216
42.8873349657
35.2342009659
30.5461697643
27.8312823296
26.3850652983
23.3050971150
23.6591808520
25.1253821150
27.7424074930
31.3022438672
57.3312508899
250.4174568200
115.9126036404
147.2836037636
159.9560172539
240.9228222774
980.4241783446
154.0102564706
235.8996756364
358.3040340955
269.4909352120
215.0850593418
304.8033179928
211.3037352131
255.1085115472
38.3092583577
30.7789311548
26.3743259201
24.1069655281
22.2743048553
22.4841885808
23.5937109304
25.5591000052
28.3836972030
32.2856404169
254.6593187938
245.9689052687
97.9875981786
221.8063201702
194.4646274978
166.5791623064
331.5509181332
241.3720074199
232.2057302489
204.2183541603
261.6162642298
252.3938301325
347.6451303449
42.4448377392
34.3857371990
28.6781682781
25.0668540842
23.0610490574
22.3024104967
22.5070878511
23.9684576116
26.7524509816
31.2343114529
243.8928528941
272.5947818950
133.9012183200
145.7389511283
235.9382213084
242.7887630495
129.6823259344
290.5091327838
372.8419922579
39.4054581055
31.6876417903
26.4770511203
23.5107505018
23.5541680210
23.9837471015
26.7171725441
63.6362935057
211.6360216626
192.4224935571
264.7474582529
301.6025555895
225.8631931603
176.5652211352
30.3402512346
25.5240436215
26.4815832843
28.3584907585
156.5169701593
356.4029860547
281.4945813284
30.3735963935
31.9137538220
22.2743048553
980.4241783446