0.0502956574
0.0491374920
0.0492160954
0.0503019502
0.0523819120
0.0556061314
0.0914392536
0.0676967587
0.0653568416
0.0710326326
0.0824786247
0.0613912379
0.0599226904
0.0588672638
0.0589714926
0.0607216731
0.0646522142
0.0715976221
0.0829261130
0.1440576578
0.3579588860
0.4501866747
0.3218294371
0.3284132529
1.0512693263
0.4196179318
0.0837090286
0.0679877481
0.0585970442
0.0531705871
0.0311802715
0.0312270229
0.0319399809
0.0333304331
0.0355685386
0.0389895490
0.1211466333
0.1410376284
0.0822040960
0.1113243367
0.1357912552
0.2142057419
0.0478985892
0.0467634647
0.0465193567
0.0476014585
0.0503610925
0.0552797378
0.1014931840
0.5160585205
0.3726664729
0.2649167869
0.3511844177
0.3879702229
0.3867238774
0.0523962247
0.0429506991
0.0371223096
0.0337353793
0.0319240071
0.0285190257
0.0290131427
0.0309397876
0.0343273401
0.0387702496
0.0694307350
0.2965701708
0.1384189133
0.1749618565
0.1897465455
0.2848400998
93.8491298718
0.1826293614
0.2792779011
0.4233523401
0.3193378002
0.2554913370
0.3613169374
0.2516553564
0.3023725925
0.0469587582
0.0377429851
0.0323017313
0.0294938533
0.0274129216
0.0277246319
0.0291706788
0.0316656471
0.0351385302
0.0397888710
0.3032124851
0.2920906472
0.1170127304
0.2635425247
0.2309888021
0.1980079419
0.3932646899
0.2868586987
0.2764558834
0.2435904007
0.3115035806
0.3016557330
0.4131917102
0.0518836196
0.0421750450
0.0352361439
0.0308141131
0.0283558066
0.0274782241
0.0277722313
0.0296034176
0.0329927651
0.0383373217
0.2923461269
0.3255347364
0.1605933047
0.1744132856
0.2822375903
0.2907774889
0.1556654183
0.3486137464
0.4460036119
0.0481275081
0.0388481894
0.0325389804
0.0289319544
0.0289783191
0.0295232305
0.0328276299
0.0769570397
0.2548752025
0.2312572866
0.3184790704
0.3631022923
0.2720196640
0.2128840148
0.0371629553
0.0313516082
0.0324789734
0.0347347787
0.1888431983
0.4301519551
0.3399126607
0.0371593585
0.0389855877
0.0274129216
93.8491298718