0.7027411311
0.6881886534
0.6903850910
0.7063373414
0.7359905978
0.7814794726
1.2555122701
0.9424056462
0.9182086624
0.9875573764
1.1440276220
0.8648684807
0.8441999182
0.8289626240
0.8298049208
0.8535577087
0.9075626718
1.0031888909
1.1589869975
2.0162604050
4.8514994647
5.9777703350
4.2851741509
4.5162030962
13.4557076551
5.5432600715
1.1465500561
0.9371418475
0.8122695314
0.7404030767
0.4405503724
0.4413496559
0.4514911997
0.4711597420
0.5027829421
0.5511779182
1.7283669277
2.0036879513
1.1529232731
1.5827469081
1.9194403795
3.0575254432
0.6796515489
0.6634486664
0.6597697249
0.6748968635
0.7138217107
0.7833124471
1.4466683190
7.4029470650
5.3300628049
3.7861066037
5.0227676427
5.5643945388
5.5094785288
0.7368176327
0.6044602842
0.5231344968
0.4759724468
0.4508074018
0.4002986978
0.4067633503
0.4328123775
0.4790013887
0.5408439612
0.9815896024
4.2507993400
1.9767469718
2.5034555238
2.7178482048
4.0876997166
501.0659229447
2.6103126042
3.9958739755
6.0706762578
4.5700312214
3.6518892014
5.1704041359
3.5863130953
4.3319932099
0.6590593197
0.5294487430
0.4533083406
0.4140673370
0.3835786443
0.3875272015
0.4071584709
0.4415223019
0.4902072362
0.5565211958
4.3140016642
4.1676647577
1.6658059323
3.7568905151
3.2942575678
2.8224057237
5.6106648699
4.0870177116
3.9328393552
3.4612653001
4.4323815170
4.2773206068
5.8875546248
0.7288524261
0.5914306288
0.4936248437
0.4315122905
0.3969899644
0.3841776559
0.3879623994
0.4133265339
0.4610026306
0.5369704475
4.1311638911
4.6147793554
2.2706208900
2.4701379176
3.9946915345
4.1113492326
2.2004149655
4.9201232520
6.3108227597
0.6757774740
0.5445645532
0.4555776345
0.4047817044
0.4053059094
0.4127767699
0.4593341051
1.0834267846
3.5859041027
3.2600061933
4.4833017835
5.1076386994
3.8272723060
2.9938666905
0.5208501171
0.4388568057
0.4547472406
0.4865430926
2.6537261814
6.0353606647
4.7686902638
0.5208150193
0.5465738912
0.3835786443
501.0659229447