14.1416142680
13.8809551662
13.9421552900
14.2696249841
14.8640661494
15.7674943878
24.6446149807
18.8223165476
18.4735056143
19.7064684103
22.6888717080
17.4912437665
17.0968573294
16.8027375831
16.8193439982
17.2816321302
18.3314214721
20.1845919732
23.1899356144
39.8103142511
92.8641854392
112.5239139549
81.1808726135
87.0758807366
245.5092073090
104.2097439712
22.5140263218
18.5552427880
16.1967860450
14.8438152944
8.9679070979
8.9856112197
9.1891996011
9.5828259819
10.2150728631
11.1823705185
34.4961463745
39.7205924159
22.8503678623
31.5739703481
37.9698950667
60.7267890481
13.8647115867
13.5584373574
13.4950039381
13.8023468467
14.5803311222
15.9602044706
29.2716482884
148.2753695774
106.3639365406
75.7569117377
100.1000794608
112.1079147104
108.7288288332
14.8180668859
12.2010422351
10.5961605539
9.6657101741
9.1694338344
8.0915728925
8.2121563271
8.7151526412
9.6149006206
10.8428089806
19.8350824188
86.2832557554
39.7241517506
50.7505482130
55.0228809594
82.8575912306
522.3179717512
53.5129625961
81.9407334429
123.8994285037
93.2718676959
74.3713904445
105.4614460933
73.5305453565
87.8511605978
13.2503894647
10.6613066598
9.1477188499
8.3680683329
7.7346251846
7.8063326760
8.1890847438
8.8695015271
9.8519827181
11.2163521057
89.3137147352
85.8402297345
34.0801359338
77.5719386475
67.9243337519
58.2057954484
115.9958960816
84.5236035272
81.4546221504
71.6484978711
91.6563650275
88.8741156575
121.6769891771
14.7253148428
11.9230106094
9.9469309453
8.6993121008
8.0067078874
7.7530768655
7.8245057523
8.3344202210
9.3104581329
10.8902585025
86.5047977357
96.2948114988
47.3343192736
51.4295182302
83.5157413012
86.0512254192
45.7765994290
103.2127236471
132.0782610380
13.7274457114
11.0199822951
9.2031631528
8.1724121425
8.2045999525
8.3578574594
9.3238344465
22.4597092823
75.5243593524
68.4618833585
94.4765652526
107.7633584916
80.5662018098
62.9357979483
10.5830852582
8.8924848359
9.2511442553
9.9222343241
55.8724869057
127.8736849966
100.9317446279
10.6245136789
11.1900285102
7.7346251846
522.3179717512