0.0004641250
0.0004515309
0.0004513682
0.0004612332
0.0004809170
0.0005119060
0.0008863373
0.0006329406
0.0006060865
0.0006653214
0.0007848153
0.0005625838
0.0005471012
0.0005360496
0.0005367397
0.0005538725
0.0005928100
0.0006622038
0.0007764982
0.0013972121
0.0036332197
0.0046160168
0.0032865859
0.0033275817
0.0109548219
0.0043468509
0.0008081434
0.0006466302
0.0005500909
0.0004941100
0.0002814675
0.0002818451
0.0002885616
0.0003016984
0.0003228741
0.0003552930
0.0011601589
0.0013705444
0.0007923416
0.0010647368
0.0013219227
0.0020770444
0.0004311196
0.0004187972
0.0004155241
0.0004252628
0.0004513341
0.0004986198
0.0009358070
0.0049087663
0.0035727193
0.0025196716
0.0033777543
0.0036310962
0.0038059188
0.0004863430
0.0003951685
0.0003388340
0.0003061317
0.0002886593
0.0002609023
0.0002660419
0.0002851466
0.0003182767
0.0003604224
0.0006375707
0.0027172470
0.0013000805
0.0016070629
0.0017508874
0.0026231716
1.7894891923
0.0016262062
0.0024859111
0.0038241074
0.0028809526
0.0023167746
0.0032641751
0.0022363949
0.0027760145
0.0004354866
0.0003485095
0.0002967302
0.0002700048
0.0002517757
0.0002550948
0.0002691595
0.0002928079
0.0003245872
0.0003654589
0.0026195131
0.0025641808
0.0010450991
0.0022972174
0.0020214101
0.0017319241
0.0034169959
0.0024890664
0.0023865752
0.0021054686
0.0027014758
0.0025776340
0.0035904368
0.0004754898
0.0003882008
0.0003244603
0.0002833310
0.0002604019
0.0002517064
0.0002546422
0.0002714334
0.0003013970
0.0003469657
0.0024401286
0.0027476165
0.0013583144
0.0014808371
0.0023689031
0.0024320841
0.0013240918
0.0028958479
0.0037308405
0.0004348857
0.0003540727
0.0002976299
0.0002648712
0.0002634764
0.0002681710
0.0002963983
0.0006596798
0.0020916508
0.0019145649
0.0026095269
0.0029648170
0.0022357934
0.0017569143
0.0003352005
0.0002845255
0.0002918292
0.0003101900
0.0015505464
0.0034687035
0.0027485653
0.0003317835
0.0003449225
0.0002517064
1.7894891923