43.5637352997
42.7828735017
42.9893002028
44.0144281372
45.8626988095
48.6652275050
75.7858237050
57.8544527535
57.0513541995
60.5902094891
69.8474603784
54.0115854628
52.7779673367
51.8509882204
51.8867570942
53.3030788628
56.5371153745
62.2546197720
71.5316153097
123.2636083428
285.2469380108
340.7879136160
247.3938038521
269.2933546951
720.7053685369
318.0654790786
69.1059745348
57.0179103356
49.8205155357
45.6967815830
27.6841457720
27.7421855628
28.3748154965
29.5953709188
31.5550909988
34.5549752321
107.3552173240
123.6502675651
70.8244146693
98.1722667059
118.0637417981
189.2628474389
42.8583502255
41.8931498844
41.6841436775
42.6289992168
45.0375185088
49.3180215884
90.7769215463
461.9529763308
331.3143761839
235.7322621756
311.8592192586
348.7548624886
339.0882694952
45.7558232018
37.6606748303
32.7040165602
29.8330334323
28.3033955227
24.9390756676
25.3049573259
26.8433341126
29.5998401628
33.3793367696
61.2967470288
267.8902572513
123.3874723072
157.4991752906
170.8944683227
257.4831462401
848.1444241633
165.6724927652
253.7865583870
384.4041825757
289.1634546074
230.5602067406
326.9685869423
227.4060373327
272.7880865505
40.8786185257
32.8733695625
28.1997131826
25.7938688403
23.8161622345
24.0308947309
25.2008750377
27.2871658531
30.3099888454
34.5202846357
275.5353224751
265.3413293728
105.3618954250
239.6003525333
209.9021071933
179.8337434101
358.3280148879
260.9527685390
251.2852385922
220.9488894915
282.8670364446
273.6872999739
375.7467494177
45.4042580452
36.7499965012
30.6475029392
26.7963409980
24.6584381927
23.8598384350
24.0735790750
25.6364162812
28.6367359722
33.5000731617
265.6601385131
296.2668009663
145.4998648412
158.2345778276
256.7227492912
264.3692076395
140.7593499988
316.7583572567
405.8833567536
42.2766644373
33.9365579955
28.3351477994
25.1558966807
25.2388532107
25.7042240103
28.6696161809
68.9870321759
231.3106163802
209.9392228642
289.4160085065
329.9843274371
246.7830951822
192.8049739902
32.5642283910
27.3603385676
28.4456606240
30.4999983728
171.0728663203
390.8732075714
308.5602501087
32.6683088079
34.3885745075
23.8161622345
848.1444241633