0.0070824504
0.0068993962
0.0069019371
0.0070546960
0.0073550320
0.0078254203
0.0133512838
0.0096303847
0.0092519605
0.0101176028
0.0118898256
0.0086131619
0.0083821104
0.0082160217
0.0082258528
0.0084828781
0.0090674242
0.0101081325
0.0118188587
0.0211305595
0.0541520498
0.0684269006
0.0487648657
0.0497473176
0.1611692720
0.0642411356
0.0121781123
0.0097835573
0.0083529322
0.0075244787
0.0043240282
0.0043302654
0.0044327731
0.0046329258
0.0049554032
0.0054490961
0.0176583424
0.0207890546
0.0120002963
0.0162068402
0.0200226311
0.0315660277
0.0066345343
0.0064508403
0.0064030598
0.0065523354
0.0069493067
0.0076673120
0.0143570431
0.0749536152
0.0544368109
0.0384555035
0.0514341738
0.0556317289
0.0576077759
0.0074244911
0.0060435646
0.0051913194
0.0046967205
0.0044325483
0.0039917851
0.0040675455
0.0043533067
0.0048509627
0.0054905191
0.0097753408
0.0418076438
0.0198823675
0.0246953859
0.0268942473
0.0403278197
61.3279262870
0.0251399750
0.0384504368
0.0590016871
0.0444301011
0.0356942619
0.0503446356
0.0345575624
0.0426962742
0.0066462169
0.0053223098
0.0045362943
0.0041307385
0.0038464461
0.0038949111
0.0041061996
0.0044642395
0.0049505494
0.0055836113
0.0406852011
0.0397313093
0.0161266030
0.0356288253
0.0313360652
0.0268449226
0.0530619557
0.0386392201
0.0370646282
0.0326799165
0.0419239393
0.0400657439
0.0557343698
0.0072743234
0.0059314580
0.0049559063
0.0043284283
0.0039788302
0.0038463906
0.0038898472
0.0041459197
0.0046077351
0.0053168994
0.0380542056
0.0428104533
0.0211329888
0.0230369049
0.0369191648
0.0379139456
0.0205738419
0.0451663698
0.0581861069
0.0066691029
0.0054189780
0.0045508424
0.0040486192
0.0040319226
0.0041042065
0.0045421674
0.0102235915
0.0326625233
0.0298654932
0.0407698400
0.0463334749
0.0349011875
0.0273927580
0.0051393522
0.0043562827
0.0044763297
0.0047638609
0.0241962988
0.0542780439
0.0429868384
0.0050961239
0.0053070381
0.0038463906
61.3279262870