0.7289287974
0.7142568215
0.7168089091
0.7335373445
0.7644175178
0.8116695908
1.2963500747
0.9752999479
0.9535372917
1.0220243424
1.1833925351
0.8988250818
0.8774059130
0.8615266484
0.8622699663
0.8867224015
0.9424576597
1.0411745186
1.2019339350
2.0905143319
4.9883535732
6.0904633403
4.3836749414
4.6624776376
13.4649501984
5.6695036438
1.1830216128
0.9686138252
0.8408089828
0.7673285098
0.4582074937
0.4590780964
0.4696388392
0.4900895288
0.5229597442
0.5732751707
1.7997326036
2.0841554481
1.1963858958
1.6469710944
1.9945345697
3.1834240346
0.7076363494
0.6908026179
0.6869526624
0.7026481922
0.7430822023
0.8152701607
1.5070456882
7.7181565584
5.5527526589
3.9440376208
5.2323313804
5.8027724090
5.7321282509
0.7650613508
0.6278557210
0.5436397080
0.4948263218
0.4687956971
0.4155659515
0.4221553988
0.4489249505
0.4964886976
0.5604915353
1.0205399819
4.4338156715
2.0589358537
2.6099440902
2.8338693415
4.2644730857
228.9558137259
2.7225937071
4.1688342693
6.3347974514
4.7670044370
3.8078146866
5.3927914940
3.7384528423
4.5180775671
0.6839765203
0.5494416017
0.4705210663
0.4298651053
0.3978672582
0.4018552964
0.4220513160
0.4575332712
0.5080270943
0.5771088821
4.4976426237
4.3465178952
1.7355737085
3.9177569273
3.4354838833
2.9430822560
5.8527626209
4.2620935599
4.1002480202
3.6076131909
4.6211710539
4.4570998782
6.1397857511
0.7567500881
0.6137483032
0.5121175994
0.4476491442
0.4118256809
0.3984207740
0.4022608071
0.4285012523
0.4780276908
0.5571862712
4.3030032061
4.8093799297
2.3647098674
2.5733383966
4.1621577060
4.2830288684
2.2912722656
5.1240972931
6.5753764904
0.7017606803
0.5651677175
0.4726384868
0.4198591351
0.4204264695
0.4281435156
0.4765658952
1.1269495685
3.7325180224
3.3942159800
4.6674043679
5.3169056548
3.9836843282
3.1155940784
0.5406428126
0.4553364239
0.4719400273
0.5050431347
2.7613372814
6.2800011591
4.9615901872
0.5407151111
0.5675941281
0.3978672582
228.9558137259