0.0093123337
0.0090670991
0.0090675519
0.0092665620
0.0096603213
0.0102783364
0.0176234881
0.0126725012
0.0121549452
0.0133175641
0.0156616323
0.0113068592
0.0110025319
0.0107847273
0.0107989751
0.0111389791
0.0119108181
0.0132847006
0.0155438802
0.0278070175
0.0716809319
0.0908689573
0.0647164100
0.0656987587
0.2150287652
0.0854197700
0.0160804790
0.0129014663
0.0110016471
0.0099007603
0.0056715244
0.0056793779
0.0058138185
0.0060765814
0.0065000224
0.0071481703
0.0231564736
0.0272874203
0.0157843889
0.0212607964
0.0263085154
0.0413935745
0.0086946680
0.0084531543
0.0083905552
0.0085867603
0.0091081930
0.0100513695
0.0188071940
0.0981838684
0.0713373097
0.0503943890
0.0674275977
0.0728326051
0.0756569055
0.0097524677
0.0079358647
0.0068139475
0.0061626439
0.0058146521
0.0052432922
0.0053441412
0.0057223879
0.0063800649
0.0072219189
0.0128236796
0.0547135825
0.0260533541
0.0323371024
0.0352145320
0.0527669104
52.0404631298
0.0328982653
0.0502961264
0.0771789484
0.0581559456
0.0467240342
0.0658755243
0.0452321948
0.0558864617
0.0087328898
0.0069932027
0.0059592830
0.0054257063
0.0050555088
0.0051203346
0.0053997320
0.0058718517
0.0065107338
0.0073391235
0.0532484754
0.0519859588
0.0211163059
0.0466180912
0.0409989590
0.0351284616
0.0694001379
0.0505542886
0.0485045949
0.0427770918
0.0548703541
0.0524518947
0.0729212537
0.0095541549
0.0077934977
0.0065128398
0.0056883923
0.0052290088
0.0050558599
0.0051138154
0.0054509466
0.0060568484
0.0069847454
0.0498369027
0.0560293440
0.0276678007
0.0301631726
0.0483274076
0.0496401065
0.0269487631
0.0591455536
0.0761730221
0.0087572029
0.0071190530
0.0059802247
0.0053209966
0.0052985456
0.0053937583
0.0059677538
0.0134035977
0.0427747706
0.0391108280
0.0533907517
0.0606812681
0.0457110199
0.0358839970
0.0067503462
0.0057237873
0.0058800021
0.0062563750
0.0317001010
0.0710974952
0.0563174819
0.0066920492
0.0069672558
0.0050555088
52.0404631298