195.3332444926
192.9274007742
194.4742019326
199.3723169881
207.7100551270
220.0578927868
320.1723737623
255.0265835748
256.6146120264
266.3937763465
303.0728921440
245.6673884709
240.6582095033
236.7303882705
236.7711131344
242.6021884058
256.0155877632
279.6194807542
317.5144441160
533.9112643091
1132.2876079485
1272.1980992008
942.7532697259
1098.0187333489
2385.2670735150
1184.5288421254
291.7833686607
245.7930851170
218.5119926753
203.0579937422
127.5657941243
127.8930463455
130.7504968613
136.2141499691
144.9651317110
158.3650437093
480.6630059497
544.9804151464
309.3549510547
438.0808263166
516.5778547210
839.9531438477
198.7955443472
194.9034533020
194.1805340728
198.4920928191
209.2318164442
228.1139226037
416.6130666738
2091.2755724176
1486.3702092213
1062.4373706319
1395.5860634932
1596.1617910625
1484.9440174978
205.7929369988
170.5762421461
149.1577731323
136.7767779275
130.1964083282
113.0362283860
114.3634678333
120.5813226550
132.0060189660
148.5242989753
279.3807295785
1242.2864647910
560.3961876689
727.7079577609
788.1030084314
1191.6438576435
1444.3175669149
779.7826885247
1196.0658412531
1799.7986728920
1351.9427790853
1072.9935888055
1527.2844833813
1068.4140076748
1262.4231061566
183.5171518001
147.9315966738
127.4171354414
116.8791566503
107.2497867487
107.9493255833
112.7906782479
121.7894366343
135.4628528912
155.3681463497
1313.7774214164
1257.2867734845
492.8878945929
1138.9954731443
995.8225799566
853.0421221596
1707.9264337187
1243.0805836935
1198.5852901516
1051.9083343981
1345.9405615940
1308.6198583280
1788.3148308383
205.7394776712
165.6751508882
137.9541014504
120.6841203049
111.1212932693
107.5328104225
108.3189520392
115.2794030690
129.2142383337
152.5399005987
1282.0075127048
1425.7831416010
697.6668037286
758.2642293285
1237.4530149882
1275.2906412708
672.5518027901
1530.8676939001
1959.2026467384
193.2782053668
153.9513299334
128.0435574833
113.5094531728
114.3771142689
116.5133375111
130.5971068239
326.7774318766
1121.6709625717
1015.3911716441
1405.1712790761
1603.7760108735
1195.7629200654
931.8287986049
148.7245551274
124.2652390980
130.0881034110
140.1093860356
828.1594423262
1907.1602203313
1503.0980705064
150.1914520493
159.0731203286
107.2497867487
2385.2670735150