4.9333328475
4.8401694379
4.8609305297
4.9758537138
5.1851607391
5.5038016314
8.6701356900
6.5814854269
6.4586695118
6.8924684025
7.9630677569
6.1024836939
5.9602768402
5.8540652843
5.8584919340
6.0211924878
6.3924912389
7.0495190923
8.1173888095
14.0471469150
32.9591066323
39.9367806881
28.7809095707
30.9839264351
87.0210127132
37.0198997682
7.9056924984
6.5003895844
5.6632775852
5.1829312235
3.1204565860
3.1266918802
3.1982640211
3.3366078398
3.5588519565
3.8990686903
12.1725414148
14.0522434730
8.0580375978
11.1340749952
13.4322068426
21.4912075158
4.8256182021
4.7141172889
4.6893015368
4.7959726375
5.0692760626
5.5560479862
10.2487683021
52.3105135195
37.5665757611
26.7107256440
35.3760949807
39.4233673569
38.5884773522
5.1822040717
4.2594395683
3.6937980525
3.3660551749
3.1913533258
2.8200529463
2.8628618586
3.0402311724
3.3569260248
3.7877487275
6.9306525111
30.2125689476
13.9674706784
17.7714768511
19.2885873607
29.0449502437
456.4682667321
18.6205238965
28.5182214081
43.2625331087
32.5459617652
25.9716746283
36.8114938581
25.5609730028
30.7728782416
4.6316956853
3.7227493493
3.1908888596
2.9169746434
2.6963957255
2.7218932652
2.8563380471
3.0945417746
3.4370171325
3.9103308677
30.8653633693
29.7764961707
11.8550986615
26.8629506867
23.5446792296
20.1687053969
40.1551262224
29.2386555915
28.1431449987
24.7513538648
31.6966291215
30.6179157767
42.1122529187
5.1351388590
4.1603113688
3.4703806163
3.0339091439
2.7914679270
2.7008208457
2.7258348921
2.9032125196
3.2411778399
3.7854799682
29.6381949550
33.0923256897
16.2602731233
17.6896254819
28.6566666722
29.4963020366
15.7424548766
35.3125321006
45.2890814685
4.7720027153
3.8366195418
3.2058172018
2.8469184595
2.8536268073
2.9061372133
3.2383664571
7.7274194941
25.7523597931
23.3991535697
32.2124142079
36.7074670873
27.4806960878
21.4794251557
3.6759564796
3.0921026632
3.2099683837
3.4386417636
19.0462609049
43.4140493000
34.2848521505
3.6822121567
3.8708608118
2.6963957255
456.4682667321