280.5887106349
279.5506920136
283.1746959343
290.9346363700
303.1116819831
320.4945740482
416.3132918740
362.3000858976
370.7368612635
375.7859923300
415.9977259672
360.9735203472
354.8082311762
349.5285784770
349.2287606192
356.4520816834
373.4329852088
403.1300942935
449.8968782559
729.0234113182
1314.2023107606
1381.1212590658
1014.6967431423
1330.4170435821
2173.8824066646
1149.6805460164
380.0008386068
331.6567131513
303.2705333853
287.6667275469
190.9224974066
191.5244530560
195.6863774598
203.5506214439
216.1080177788
235.3566336599
696.5895041089
768.7309338132
425.2367395214
629.4881370353
716.9729425355
1201.6661428444
300.4674576271
295.6639933861
294.9810913592
301.3251200883
316.7365072596
343.4654637148
623.9015497868
3089.3943512991
2164.4796879306
1557.1332155379
2026.6635634933
2393.0437874482
2082.5589529569
298.3886524052
249.6200446970
220.2832879186
203.3818985836
194.4326798804
165.4470753038
166.6766680081
174.2038671763
188.7427407927
211.8151805005
414.0333540592
1892.5838879407
831.0323213186
1103.0197746030
1191.9281997984
1811.4699676736
283.9529565351
1205.4431076231
1852.6540707253
2771.3051370253
2075.3813813267
1637.5477892437
2342.3669595121
1645.1724979344
1917.4474856534
265.3834051122
214.5530946576
185.7912750636
171.0522331837
155.5525297855
155.9913660075
162.1231578067
174.3890006016
194.4629223630
225.5084024781
2054.4678711524
1956.7887308239
755.8540810987
1777.5216522103
1551.0330990671
1327.9768582937
2673.1689911249
1942.7610667811
1873.9977476877
1640.1326493066
2099.3381264000
2047.1415386956
2792.5615021830
301.1600353318
240.8137969520
200.0760694635
175.1354897701
161.3613400325
156.0889792873
156.8534245878
166.7937609685
187.9128784041
224.7028354173
2021.5285641145
2246.0508774628
1093.2238996383
1188.5440226277
1950.3362489269
2010.2709355261
1049.4030736470
2415.0526207807
3091.5677072790
285.9288761267
225.4823779218
186.5737265730
165.0570828412
167.2003538086
170.3711722506
192.2397978279
504.3363543845
1772.7188722869
1602.2209979375
2224.1705203182
2540.2246403661
1887.9433587961
1467.0925978677
219.6005789198
182.1880906717
192.3589866227
208.3669997325
1305.8190352404
3028.3427682862
2382.6121742851
223.5349633368
238.5185494099
155.5525297855
3091.5677072790