546.6224064280
541.5361351851
547.0494066976
561.6846522592
585.8274314160
621.1385823888
877.1804853963
712.2385512118
724.8943541804
741.8708336763
844.3500120485
695.2449256386
680.5984915052
668.7297330407
668.0478153017
683.7048071676
720.6315283069
785.9694787014
890.9180020386
1513.7133954902
3047.5526770318
3304.7762429005
2441.4846999592
3054.0136692397
5653.6397284140
3008.7235353335
794.9922426282
675.7527720164
605.3166211768
565.8093024159
361.8887432885
362.9648298650
371.2002308893
386.8307436637
411.8254729718
450.1722734674
1395.7708794534
1581.0083922825
879.9909469630
1267.0610497020
1489.1249362711
2449.2748733645
566.6376731937
554.9677348346
552.4533091837
564.4969964703
595.0927746922
649.1765303353
1197.6615436321
6094.3479175805
4326.8586172465
3083.4369692705
4065.8936627096
4630.0844284576
4335.1200223922
582.4524871869
482.6395416233
422.3169530342
387.5634585761
369.1609692759
318.3695768388
321.6231644449
338.1676785435
369.0454835381
415.1925692131
793.4427065723
3584.4665147012
1620.5143704720
2098.0259649513
2277.1866190525
3447.8782442909
1470.6719354291
2232.8612301288
3427.9793490139
5182.3799542618
3884.7783973213
3081.5927703038
4387.9320524475
3048.6867576446
3641.8114166996
517.9181179646
416.9444124607
359.0586049684
329.3607574713
300.9433139823
302.4614498236
315.4265111544
340.1147465998
378.5453970671
435.5318700656
3729.9241205549
3586.5794571093
1406.1543800515
3243.5598611895
2838.6870994557
2430.1147852946
4866.1317706699
3536.2801464772
3402.7386819081
2983.6929312595
3823.9380498869
3700.0199981936
5088.4567803847
580.3536575392
466.5553492077
387.9796239983
339.1497831442
312.0875139725
301.3361949683
303.1655908819
322.3649209305
361.5541879452
427.7963389575
3605.9124368589
4025.5950960876
1965.3945616367
2140.1495183866
3487.4253304927
3589.7942328167
1895.3095019219
4300.2754876676
5518.4190784788
544.0086045401
432.8091833985
359.5383033926
318.4139510388
320.4593170404
326.2047660092
365.7662612186
917.5096382801
3139.2037312467
2848.3285055986
3934.5415981500
4486.9103614225
3347.0834964891
2607.9131808906
417.5642196016
348.5219715841
364.5910581760
392.6355814512
2315.5322410039
5320.0213794052
4193.2254941842
421.2884217669
445.9878209754
300.9433139823
6094.3479175805