0.0247729189
0.0241794992
0.0242033948
0.0247283443
0.0257460503
0.0273302593
0.0454180744
0.0333563698
0.0321391201
0.0350217943
0.0407869528
0.0301344127
0.0294059946
0.0288886436
0.0289474625
0.0298204441
0.0317724558
0.0352205244
0.0408519455
0.0711527029
0.1789158090
0.2258410080
0.1615363821
0.1639222515
0.5302252984
0.2117190324
0.0415718652
0.0336755413
0.0289562124
0.0262252759
0.0152876101
0.0153089268
0.0156581275
0.0163402583
0.0174383652
0.0191159355
0.0592755208
0.0693103654
0.0406341865
0.0545967873
0.0669185337
0.1049385953
0.0234270671
0.0228682853
0.0227506624
0.0232834406
0.0246376038
0.0270506699
0.0494936665
0.2511352882
0.1819026037
0.1292302798
0.1714550399
0.1883862792
0.1898542948
0.0257478709
0.0210967453
0.0182222064
0.0165505483
0.0156558399
0.0140223526
0.0142713718
0.0152315432
0.0169139320
0.0191019215
0.0339370934
0.1437856644
0.0674508085
0.0849790205
0.0921652995
0.1381251154
48.3930031202
0.0886472178
0.1354372708
0.2050963160
0.1549473743
0.1240865467
0.1752788342
0.1223818705
0.1466727891
0.0230927777
0.0185651047
0.0158851007
0.0145010782
0.0134972936
0.0136557360
0.0143748527
0.0156085725
0.0173128658
0.0195768578
0.1476297843
0.1418689219
0.0569465637
0.1281353827
0.1122845590
0.0962889761
0.1911152912
0.1395803055
0.1346895966
0.1188040790
0.1516957298
0.1474310650
0.2009595593
0.0255003548
0.0207481154
0.0173430194
0.0151686510
0.0139592231
0.0135362480
0.0136844432
0.0145879231
0.0162499785
0.0188594186
0.1434604079
0.1591780970
0.0787210196
0.0853465006
0.1382841489
0.1426476356
0.0763232144
0.1714060203
0.2185993420
0.0236695712
0.0191194257
0.0160221191
0.0142494853
0.0142766863
0.0145458164
0.0161676475
0.0378331709
0.1258049088
0.1138498838
0.1571432507
0.1793493910
0.1342710691
0.1051039132
0.0182987656
0.0154426780
0.0160011796
0.0171101140
0.0933245183
0.2132666547
0.1685099135
0.0183048169
0.0192083299
0.0134972936
48.3930031202