292.1265063419
291.6020304165
295.5642871722
303.5565473378
315.8870478003
333.3217455834
417.7565615210
374.5459476835
383.4892428738
388.0784838202
423.4982905132
376.2752655219
370.8278692201
366.0594128046
365.9959017065
373.1914235572
389.8023156289
418.5153137344
463.0958263223
725.2750306115
1243.1512014113
1292.7718172532
954.1558975968
1252.9069849040
1974.2887868139
1036.9961987838
383.6691254996
338.9210861154
312.6893151272
298.3947242843
200.7024179549
201.3224085307
205.5539563812
213.5516603770
226.3165004590
245.8513673565
698.7752470598
760.1429122582
424.5058560693
631.8578128845
707.7316302987
1190.3522330758
315.9537118331
311.8975168612
311.7104015176
318.4265999711
334.1283711752
360.9442999629
645.3326134949
3117.6895355795
2169.4744683753
1572.0574066906
2025.6184417617
2448.2014495283
2033.3182757208
308.4356406466
259.5854486950
230.1943478854
213.2321904137
204.2341163822
172.9384045677
174.0473563127
181.4653247519
196.0021406906
219.5852364568
431.0730131571
1965.9433187849
848.1459157182
1143.9817634767
1231.6353254811
1874.0308271182
193.9187090294
1274.8411892160
1959.2636412600
2904.5075743238
2177.1974408202
1712.9602719941
2455.7661835324
1743.4431341704
1988.8453712125
274.7365907082
222.8563081348
193.6559362674
178.6908338710
162.3724505489
162.7156018021
168.8963366290
181.5004476672
202.5250280168
235.5754794950
2209.9086461830
2086.6356503643
799.1351545983
1902.7287961619
1656.5811954319
1419.0532852531
2864.9768631567
2084.3641560480
2016.2054799384
1763.8534832897
2253.5126937542
2214.7213720535
2993.7193336232
314.2956126299
250.7250130734
208.3381286730
182.5883163645
168.4005894829
163.2748463738
164.0428059539
174.4976856033
197.0427640014
236.8336258861
2211.1514925008
2443.5126087980
1189.2334969129
1289.9316649418
2127.6900508784
2196.6343344715
1138.5001724891
2647.4517990716
3377.1385025816
301.1549725464
236.3516303305
195.2083055627
172.6575618882
175.7176393800
179.2087778561
202.9319482875
546.0990009404
1954.1971448086
1759.5186502112
2452.5622857557
2805.1590309534
2079.6717368758
1613.9881842625
231.7090027873
191.6118547821
203.5384565182
221.2517263360
1439.4558992043
3361.3806200203
2641.9315920112
237.2722843882
254.4505902809
162.3724505489
3377.1385025816