0.0038499663
0.0037464424
0.0037455060
0.0038273658
0.0039903328
0.0042466804
0.0073288132
0.0052454061
0.0050257641
0.0055144869
0.0064981520
0.0046688195
0.0045413886
0.0044503787
0.0044562252
0.0045977755
0.0049192312
0.0054918188
0.0064343446
0.0115522664
0.0299474502
0.0380405605
0.0270858393
0.0274424740
0.0902213127
0.0358176395
0.0066852409
0.0053539788
0.0045582760
0.0040969401
0.0023379839
0.0023411287
0.0023967477
0.0025055270
0.0026808607
0.0029492700
0.0095934528
0.0113293042
0.0065545641
0.0088127405
0.0109298206
0.0171827626
0.0035819200
0.0034806441
0.0034540436
0.0035349458
0.0037507762
0.0041417632
0.0077592421
0.0406158590
0.0295468765
0.0208586553
0.0279370652
0.0300796654
0.0314440942
0.0040325235
0.0032784195
0.0028125005
0.0025420093
0.0023974749
0.0021651907
0.0022074589
0.0023651043
0.0026387330
0.0029876042
0.0052934446
0.0225427739
0.0107681999
0.0133331694
0.0145222179
0.0217566932
18.8806898968
0.0135252843
0.0206768707
0.0317454831
0.0239213474
0.0192453426
0.0271226721
0.0185985014
0.0230323339
0.0036109351
0.0028905486
0.0024619033
0.0022406565
0.0020888933
0.0021161590
0.0022323876
0.0024281581
0.0026919064
0.0030321378
0.0218313408
0.0213468405
0.0086852759
0.0191318051
0.0168298895
0.0144209689
0.0284760779
0.0207403023
0.0198934185
0.0175485058
0.0225142707
0.0214984811
0.0299142221
0.0039457002
0.0032203887
0.0026915263
0.0023505516
0.0021604942
0.0020886759
0.0021129007
0.0022522306
0.0025015114
0.0028816255
0.0203788332
0.0229366676
0.0113322079
0.0123600030
0.0197791567
0.0203104749
0.0110478061
0.0241962991
0.0311592878
0.0036120728
0.0029391351
0.0024700049
0.0021980067
0.0021874140
0.0022265472
0.0024619368
0.0055041703
0.0174869354
0.0159966529
0.0218242703
0.0247979292
0.0186888776
0.0146783121
0.0027843488
0.0023624511
0.0024246966
0.0025783361
0.0129589465
0.0290305498
0.0230034588
0.0027577994
0.0028687796
0.0020886759
18.8806898968