0.0021294247
0.0020742518
0.0020744158
0.0021192737
0.0022079125
0.0023469120
0.0040008381
0.0028827320
0.0027697306
0.0030296092
0.0035593118
0.0025804812
0.0025127885
0.0024647629
0.0024688830
0.0025460044
0.0027198212
0.0030284783
0.0035356232
0.0062876023
0.0161530504
0.0204108281
0.0145830776
0.0148202773
0.0480123581
0.0192707455
0.0036527377
0.0029373787
0.0025097418
0.0022618939
0.0013004873
0.0013022236
0.0013325649
0.0013918765
0.0014873855
0.0016333978
0.0052095541
0.0061462639
0.0035801837
0.0047954559
0.0059362842
0.0092942640
0.0019869056
0.0019340145
0.0019212674
0.0019663159
0.0020839004
0.0022955360
0.0042448100
0.0219216594
0.0159683148
0.0112869019
0.0150911215
0.0162488355
0.0169688874
0.0022197704
0.0018110630
0.0015583293
0.0014114319
0.0013328526
0.0012008546
0.0012234842
0.0013088192
0.0014572793
0.0016473272
0.0028964336
0.0122136062
0.0058452700
0.0072429085
0.0078837509
0.0117884356
0.4820548663
0.0073977528
0.0112895873
0.0172509425
0.0130353431
0.0104788465
0.0147457542
0.0101984261
0.0124786999
0.0019896635
0.0015967720
0.0013630501
0.0012422749
0.0011585496
0.0011730564
0.0012363097
0.0013434346
0.0014887007
0.0016774462
0.0121262430
0.0117307520
0.0047707931
0.0105684839
0.0092850088
0.0079618753
0.0157305552
0.0114953297
0.0110770835
0.0097942452
0.0124972932
0.0121170771
0.0165457586
0.0021836722
0.0017817345
0.0014902049
0.0013026893
0.0011981580
0.0011611397
0.0011742328
0.0012514711
0.0013910371
0.0016062180
0.0117720069
0.0130263248
0.0064822998
0.0070163784
0.0113405100
0.0117153910
0.0063030793
0.0141155928
0.0179055932
0.0020166848
0.0016359229
0.0013734560
0.0012220583
0.0012215574
0.0012438513
0.0013785579
0.0031500205
0.0104355152
0.0093960425
0.0130133508
0.0148876891
0.0111465615
0.0087429844
0.0015607487
0.0013204291
0.0013637888
0.0014546489
0.0077731624
0.0178630319
0.0141257864
0.0015570306
0.0016295690
0.0011585496
0.4820548663