0.6951374700
0.6811487415
0.6833940240
0.6989834981
0.7278625095
0.7720784778
1.2278058980
0.9299460804
0.9049401184
0.9741398631
1.1227361989
0.8550180907
0.8356033329
0.8213613195
0.8225387886
0.8457724678
0.8981497040
0.9905360153
1.1405578918
1.9589156734
4.6855786895
5.8026852916
4.1557580398
4.3386726381
13.1986134893
5.3485729128
1.1240030072
0.9216549478
0.8009591130
0.7315028679
0.4373120895
0.4380758265
0.4479735680
0.4671892483
0.4980816284
0.5453123466
1.6767746921
1.9358800628
1.1212162395
1.5372952520
1.8557946413
2.9519461191
0.6742074407
0.6592311601
0.6562001975
0.6712868180
0.7093604871
0.7768832647
1.4215449383
7.1833948375
5.1632362409
3.6783804163
4.8603425207
5.4292793803
5.2951389868
0.7259129788
0.5971205067
0.5179040726
0.4719137387
0.4473444547
0.3965868675
0.4028458542
0.4282627835
0.4734345655
0.5341425439
0.9684655643
4.1764249458
1.9296154023
2.4594943090
2.6651545878
4.0082881108
152.6131522648
2.5904361028
3.9640280798
5.9907672475
4.5145781892
3.6031609737
5.1052576802
3.5650770920
4.2536819208
0.6499728314
0.5230228915
0.4485203341
0.4101059216
0.3799648141
0.3837928110
0.4030599255
0.4369292106
0.4851884562
0.5513643182
4.3283349621
4.1566348004
1.6543431182
3.7567610057
3.2894521503
2.8195546420
5.6136731099
4.0935395000
3.9472873924
3.4745124782
4.4419027331
4.3125597257
5.8928364334
0.7214148111
0.5849429060
0.4883386448
0.4271636550
0.3931896641
0.3810246927
0.3847730120
0.4100077745
0.4577390306
0.5343454563
4.2011312833
4.6706061745
2.2997345185
2.4966885064
4.0531626381
4.1780282383
2.2247948593
5.0144323679
6.4097822085
0.6721749760
0.5404701203
0.4518216129
0.4014354036
0.4029404158
0.4105557143
0.4576432915
1.0948118957
3.6739834935
3.3281081119
4.5939461561
5.2414044450
3.9194356268
3.0630657543
0.5187872050
0.4364338034
0.4537102604
0.4863347029
2.7199303749
6.2250361209
4.9145493667
0.5205076289
0.5478352315
0.3799648141
152.6131522648