117.2157611781
115.3725296591
116.0840245995
118.9321798269
123.9466919573
131.4799419447
199.7608484395
154.5500607468
153.9277700696
161.8086559524
185.8352351678
146.2576623773
143.0072149694
140.5191531933
140.5624944931
144.2549694139
152.7398561653
167.7347880737
191.9936520306
329.0790570557
736.7194942264
855.3139362885
628.0718630846
704.7022905710
1711.9592978809
802.2083059770
181.9004536841
151.1994009211
132.9476492706
122.5350590326
75.2803507363
75.4558831630
77.1720660914
80.4689296209
85.7568675133
93.8554163275
290.7555366847
333.2225300011
189.7143928702
265.4117910667
317.1512655807
511.6106871946
116.9057346907
114.3547176581
113.8095800125
116.3631929474
122.8540482242
134.3651807469
247.2769698113
1256.6246321841
898.4263820565
639.7709597201
845.0993581789
951.1530862844
913.0884217767
123.4500035151
101.8183942242
88.6158184957
80.9783898206
76.9153226190
67.3711643716
68.2827824320
72.2666109258
79.4707211769
89.5523936289
166.1953633576
732.8524811256
335.3655970059
430.2103757817
466.7408858528
704.3067365349
1226.2042906415
454.6024934891
696.8433036642
1054.3847905154
792.4166640664
630.8106701544
895.7531205875
623.1498156937
745.7709174229
110.1564762180
88.6218626146
76.1121448294
69.6795112137
64.1586000986
64.6726008310
67.7238684523
73.2499379050
81.4027514099
92.9527116425
757.5834838423
728.9543914425
288.2549081480
658.6394019660
576.7696364175
494.0389901209
986.0154674834
717.6683176016
690.9771216532
607.0582095942
777.3589353940
752.3269191580
1033.1153434605
122.6815654174
99.1059889452
82.5863896926
72.2083571910
66.4518094243
64.2698124958
64.7992167345
68.9810777765
77.1395766846
90.5229442871
731.2970999382
815.7258176570
399.8985923318
435.0465038104
706.8400716189
727.8071717327
386.4878247230
871.9964608549
1117.8854031756
114.4766385912
91.6535922524
76.4158108429
67.7981640047
68.0901274930
69.3400718782
77.4573878315
188.7192375407
636.7651676985
577.8716510058
797.1074395677
908.8591571456
679.2415558784
530.1939133230
88.0960917560
73.8776640756
76.9522316767
82.6174201846
470.5097448498
1076.9090747459
849.7137459555
88.5316288648
93.3527705822
64.1586000986
1711.9592978809