0.0062096565
0.0060537021
0.0060584637
0.0061935649
0.0064569626
0.0068682690
0.0116212441
0.0084257843
0.0081138118
0.0088485000
0.0103810614
0.0075654195
0.0073652254
0.0072207859
0.0072290510
0.0074522598
0.0079601143
0.0088637738
0.0103476123
0.0184422464
0.0468364616
0.0589560447
0.0420463971
0.0431393801
0.1378409031
0.0552976059
0.0106015323
0.0085365632
0.0073031790
0.0065895337
0.0038054522
0.0038111872
0.0039011103
0.0040764883
0.0043589561
0.0047914081
0.0154712728
0.0181789470
0.0104831992
0.0141875326
0.0174923136
0.0276155086
0.0058439295
0.0056849604
0.0056441354
0.0057753774
0.0061230982
0.0067510580
0.0126219872
0.0657650175
0.0476830342
0.0337131596
0.0450540776
0.0488720770
0.0503631294
0.0065112626
0.0053054620
0.0045618456
0.0041303738
0.0038999741
0.0035048546
0.0035699455
0.0038175857
0.0042498915
0.0048086720
0.0085847742
0.0368054181
0.0174514960
0.0217313690
0.0236576633
0.0354915313
59.9745027352
0.0221880918
0.0339358561
0.0520156884
0.0391706072
0.0314535739
0.0443606878
0.0304938311
0.0375682413
0.0058274098
0.0046683012
0.0039811701
0.0036267100
0.0033743613
0.0034157409
0.0035992725
0.0039116638
0.0043385003
0.0048978011
0.0360040474
0.0351121685
0.0142221522
0.0315073481
0.0277030096
0.0237265296
0.0469385914
0.0341766286
0.0328126145
0.0289126721
0.0370859242
0.0354844561
0.0492910175
0.0063865486
0.0052039952
0.0043472834
0.0037972010
0.0034908196
0.0033748337
0.0034122150
0.0036365550
0.0040435506
0.0046718877
0.0337754248
0.0379576092
0.0187251113
0.0204101297
0.0327513114
0.0336441555
0.0182210698
0.0401099345
0.0516392124
0.0058634245
0.0047589210
0.0039943604
0.0035528394
0.0035405359
0.0036041585
0.0039916433
0.0090427834
0.0290185873
0.0265161956
0.0362369834
0.0412007604
0.0310095259
0.0243221086
0.0045181400
0.0038265722
0.0039362261
0.0041919584
0.0214951659
0.0483050335
0.0382480857
0.0044849186
0.0046751893
0.0033743613
59.9745027352