0.0054938173
0.0053566015
0.0053612253
0.0054809252
0.0057139393
0.0060775999
0.0102660812
0.0074513603
0.0071789514
0.0078254950
0.0091765972
0.0066957327
0.0065190316
0.0063914215
0.0063986308
0.0065956944
0.0070441386
0.0078420030
0.0091518509
0.0163020034
0.0413331880
0.0519555767
0.0370932041
0.0380705957
0.1211847661
0.0487469457
0.0093663506
0.0075453891
0.0064577946
0.0058285973
0.0033691383
0.0033742580
0.0034538164
0.0036089504
0.0038588028
0.0042413155
0.0136868234
0.0160670670
0.0092697167
0.0125521315
0.0154646610
0.0244241326
0.0051749706
0.0050346478
0.0049986594
0.0051148047
0.0054223442
0.0059775594
0.0111731440
0.0581669750
0.0421924266
0.0298189085
0.0398510548
0.0432487573
0.0445235443
0.0057605343
0.0046947260
0.0040375458
0.0036562441
0.0034526443
0.0031015808
0.0031589387
0.0033775263
0.0037593004
0.0042532893
0.0075977988
0.0325923099
0.0154441244
0.0192424392
0.0209414271
0.0314302341
56.2784685712
0.0196606540
0.0300661439
0.0460696510
0.0346999156
0.0278497441
0.0392998848
0.0270178834
0.0332853041
0.0051553960
0.0041302568
0.0035227467
0.0032093781
0.0029855993
0.0030220164
0.0031840830
0.0034601758
0.0038378427
0.0043333391
0.0319024511
0.0311187873
0.0125960231
0.0279260403
0.0245480819
0.0210212084
0.0415981512
0.0303007865
0.0290782289
0.0256281500
0.0328614685
0.0314570182
0.0436793903
0.0056515501
0.0046044671
0.0038463186
0.0033596993
0.0030886870
0.0029861041
0.0030190517
0.0032174841
0.0035778912
0.0041348820
0.0299556084
0.0336575603
0.0165989139
0.0180961206
0.0290392450
0.0298325468
0.0161518808
0.0355675485
0.0457929039
0.0051900329
0.0042114572
0.0035344904
0.0031436941
0.0031332260
0.0031895624
0.0035329794
0.0080099383
0.0257430936
0.0235192889
0.0321437016
0.0365414510
0.0275042797
0.0215704273
0.0039992134
0.0033865487
0.0034843513
0.0037112681
0.0190740865
0.0428645599
0.0339413211
0.0039706662
0.0041399848
0.0029855993
56.2784685712