30.7631652915
30.1983936042
30.3368113889
31.0574848644
32.3627611924
34.3454842052
53.7503234554
40.9185299161
40.2814020327
42.8550848717
49.4445026850
38.1030188457
37.2250355235
36.5667785965
36.5927834841
37.5991337428
39.8968479081
43.9608181317
50.5596819347
87.2912094592
203.2372505204
243.8534358648
176.7243898707
191.4529761859
521.5913622975
227.4823972292
49.0252029772
40.3865582823
35.2418617372
32.2921446980
19.5078294661
19.5480085103
19.9946794232
20.8570852853
22.2420833373
24.3622595423
75.8760102964
87.4720096191
50.1061130060
69.3849754354
83.5475333549
133.8543627360
30.1891284843
29.5010814118
29.3499495922
30.0161247808
31.7186459287
34.7475577561
64.0346715350
326.3789008115
234.1908447165
166.5759156130
220.4850168478
246.2049323835
240.0568121187
32.3107292250
26.5775512446
23.0655824470
21.0311761167
19.9470998580
17.5966997090
17.8590860407
18.9543393263
20.9135525219
23.5900382947
43.2603749552
188.9214093286
87.1469073960
111.0851093195
120.5517160946
181.6022990509
824.0146033789
116.6423978650
178.6666300672
270.8323816731
203.7308098480
162.4967910012
230.3960327948
160.0919287752
192.3925668361
28.8695795929
23.2100576193
19.9029335605
18.2003597697
16.8123946136
16.9674279749
17.7990146794
19.2774559268
21.4120153742
24.3747905609
193.6527218636
186.6646437375
74.2049044870
168.4754940481
147.6253142658
126.4704760994
251.9169340244
183.4401685353
176.5893797077
155.2863827401
198.8365355943
192.2060340312
264.1627099329
32.0389730794
25.9422508731
21.6363989765
18.9163131145
17.4060549114
16.8409540961
16.9941837799
18.0986422885
20.2117294699
23.6271423355
186.2922743462
207.9051949728
102.1179947149
111.0801700770
180.0829882448
185.3959878602
98.8227215456
222.0268557308
284.6601554166
29.8034385138
23.9403575556
19.9953861200
17.7540011473
17.8044392025
18.1324305969
20.2157080229
48.4608228009
162.0080951691
147.1332053834
202.6745300547
231.0095150731
172.8628272040
135.0716055347
22.9555830345
19.2971397967
20.0484825536
21.4873427150
119.8058743240
273.4007027979
215.8657396836
23.0124792837
24.2087714613
16.8123946136
824.0146033789