288.0034287242
288.3695529987
292.5047149785
300.1091290562
311.4998961867
327.3202764203
384.6170397471
363.5818406181
372.6357454242
376.1654400333
400.0948507899
370.8532070927
367.3824958098
364.1795924322
364.7036482197
371.2664426409
385.6695320131
409.8321249409
446.0621746519
649.5472549803
999.9181349162
1016.6127086593
763.7625930097
996.5189739793
1437.4542460067
755.8201303318
357.6972754631
323.2487604643
303.1061945933
292.3413616530
201.0121350969
201.5941227919
205.5430433371
213.0193370014
224.9409499654
243.1110894544
630.8585709871
666.5554249350
384.3448783414
572.9979177970
620.8210878141
1044.1889585990
316.1129847009
314.0286328941
314.9325899242
321.7797400176
336.5181422054
360.8169289564
622.5406196487
2840.9215675699
1951.0372255868
1436.6586958257
1808.8985720728
2297.7465211500
1724.2749382661
298.9458313299
254.6783085657
227.9900294729
212.5144555920
204.2637584401
171.5864485446
172.3866819011
178.9568648932
192.1992863943
214.5445516085
422.3548480822
1906.4183215645
793.5387561138
1106.7412465761
1182.0955057628
1801.2444697857
109.9041544575
1284.5930126675
1973.2164571827
2869.2677023333
2157.1352932663
1688.1547504932
2430.1809022581
1766.3187966743
1923.2298872836
267.3018985077
218.3602665540
191.0731057650
177.0762632835
160.8272127002
160.9811418020
166.7251867430
178.8525269426
199.7578172304
233.5380730010
2306.2771984689
2138.7024220998
805.7895337147
1965.7716608893
1703.6664492405
1461.0916736266
2965.9264715448
2163.6378484131
2105.5520922044
1841.8511907433
2342.8250665609
2340.8019362376
3102.5296715131
310.7864340421
246.8999884881
205.2860323343
180.3723074503
166.7071965800
162.4673659430
163.1973231139
173.7236034048
196.9879385721
238.9741000936
2387.9999262951
2609.3995323916
1271.1644484774
1372.1788735558
2285.4893121752
2367.7890367097
1211.2719769506
2872.7920931628
3637.3171657013
303.4475335347
236.0060820887
194.2730052661
171.7824352636
176.4921401246
180.3170907366
205.5534203732
579.6544615271
2144.8388468830
1916.3061567083
2692.8208279426
3089.0106249247
2279.7627675171
1765.4925817727
234.4691427708
192.7124262075
207.1613638174
226.6875169371
1580.7222371446
3739.5617974609
2934.0868320602
242.9416132543
263.0492762512
109.9041544575
3739.5617974609