0.0025741504
0.0025044575
0.0025036121
0.0025583106
0.0026674013
0.0028391115
0.0049100354
0.0035091674
0.0033610097
0.0036886046
0.0043486344
0.0031205240
0.0030348785
0.0029737185
0.0029775986
0.0030725608
0.0032882662
0.0036726019
0.0043055079
0.0077375096
0.0201107845
0.0255303048
0.0181653650
0.0184131306
0.0605759441
0.0240424896
0.0044786898
0.0035845387
0.0030500696
0.0027401430
0.0015615103
0.0015636115
0.0016008413
0.0016736583
0.0017910356
0.0019707334
0.0064257445
0.0075936268
0.0043893631
0.0058998850
0.0073195827
0.0115160819
0.0023919111
0.0023237050
0.0023056593
0.0023597046
0.0025041435
0.0027659836
0.0051900200
0.0271945865
0.0197888010
0.0139554693
0.0186988154
0.0201181442
0.0211180711
0.0026964787
0.0021913732
0.0018793001
0.0016981401
0.0016013481
0.0014468602
0.0014752558
0.0015809775
0.0017644092
0.0019979962
0.0035382387
0.0150670895
0.0072004402
0.0089092972
0.0097039295
0.0145487882
10.6163239464
0.0090268676
0.0138052558
0.0211842782
0.0159876374
0.0128510520
0.0181069329
0.0124113365
0.0154000662
0.0024144411
0.0019323535
0.0016454256
0.0014973328
0.0013960772
0.0014144014
0.0014922691
0.0016233075
0.0017996065
0.0020266476
0.0145676583
0.0142302577
0.0057988066
0.0127543253
0.0112238985
0.0096133188
0.0189843507
0.0138230149
0.0132612374
0.0116951733
0.0150037221
0.0143193427
0.0199704448
0.0026369872
0.0021525897
0.0017990761
0.0015710452
0.0014439300
0.0013957718
0.0014120115
0.0015051306
0.0016714913
0.0019247603
0.0135621406
0.0152717692
0.0075447183
0.0082285503
0.0131639696
0.0135118311
0.0073551692
0.0160908459
0.0207308121
0.0024124426
0.0019637361
0.0016505247
0.0014688080
0.0014613034
0.0014873834
0.0016442200
0.0036594117
0.0116293945
0.0106405626
0.0145067463
0.0164804172
0.0124336264
0.0097730117
0.0018594876
0.0015781250
0.0016190211
0.0017211667
0.0086238852
0.0192889365
0.0152902939
0.0018409569
0.0019142768
0.0013957718
10.6163239464