350.3455063953
349.9937519104
354.8079321010
364.2883434127
378.8072139477
399.2445243750
492.0766761187
447.2488993566
457.9921749786
463.2509841949
502.0600224748
451.1185733836
445.2315819380
440.0278667940
440.1596394775
448.6184335703
467.8813022489
500.9269673843
551.8038414286
847.6087143300
1416.3269756997
1466.0574265233
1086.9635136133
1422.7359156901
2204.7783276107
1157.9006824547
453.4684840663
402.9448253436
373.3400829152
357.2722198481
241.6997894198
242.4316255970
247.4282679725
256.8774124723
271.9552593591
295.0035665999
817.8513569646
883.0882578665
497.4563233892
740.4410045061
822.4004213881
1382.8778634907
380.3312541779
376.1213116851
376.2711716029
384.4025239948
402.9748342734
434.3945961172
768.7838989536
3656.8167885335
2536.2090139086
1845.4205537730
2363.6477387072
2894.0565735510
2342.1118982301
368.0810804535
310.8288102061
276.3592928593
256.4399944249
245.8584398920
207.7459091528
208.9823023346
217.6373135177
234.7147350153
262.6887930092
515.8409586465
2344.7068438607
1001.9295044055
1363.6219456578
1464.8939584812
2229.6495729309
184.5550742182
1537.0625860420
2361.8237139943
3481.9715168317
2612.3744057993
2052.4472932177
2945.7632810864
2105.6442965694
2370.0760341599
328.2266547455
266.7745029619
232.2692416968
214.5804748008
194.9761640097
195.3304549979
202.6312863890
217.6507041626
242.9196517048
282.9380556817
2692.2608872489
2528.4525739966
963.8256015530
2310.9964949708
2009.3195797835
1721.8239193833
3481.8211681976
2535.1824004552
2456.7911797406
2149.3945875805
2742.3635651028
2708.7119633369
3639.4569254201
377.1822491282
300.5586397688
249.7981947570
219.0832395791
202.1807023496
196.3205100408
197.2363714513
209.8515410515
237.2365328877
285.8754594123
2722.3404760704
2997.8706975015
1459.5861170826
1580.7553541259
2615.1269642036
2702.8587744548
1395.3938109833
3264.4371844921
4154.2608251038
363.3596702053
284.4497934204
234.7190323364
207.5913766376
211.8434923121
216.1625137139
245.2385398904
668.9343996701
2418.3074306595
2172.0750616506
3035.3620794234
3474.8595672815
2572.6249078880
1995.3442410260
279.9288636562
231.0889588925
246.3135515246
268.2588259033
1781.6690406696
4177.4944256435
3281.6538084215
287.6274979046
309.3147047319
184.5550742182
4177.4944256435