0.0016502858
0.0016078089
0.0016080142
0.0016426936
0.0017111389
0.0018184190
0.0030931606
0.0022311196
0.0021448260
0.0023448126
0.0027534584
0.0019992473
0.0019471113
0.0019101301
0.0019133739
0.0019729106
0.0021069859
0.0023449939
0.0027360060
0.0048592185
0.0124583229
0.0157295329
0.0112494995
0.0114368699
0.0369492095
0.0148567157
0.0028245255
0.0022730861
0.0019434279
0.0017523744
0.0010089251
0.0010102663
0.0010337067
0.0010795239
0.0011532868
0.0012660262
0.0040249082
0.0047478862
0.0027680598
0.0037059843
0.0045864221
0.0071818099
0.0015401212
0.0014994587
0.0014897734
0.0015246568
0.0016154459
0.0017787171
0.0032812709
0.0169101163
0.0123226088
0.0087124725
0.0116471783
0.0125305097
0.0130896179
0.0017184659
0.0014030877
0.0012080205
0.0010946087
0.0010339251
0.0009312230
0.0009486355
0.0010144543
0.0011290013
0.0012757282
0.0022377137
0.0094132249
0.0045139501
0.0055878588
0.0060828114
0.0090934951
0.3344510627
0.0057059794
0.0087009282
0.0132904737
0.0100494510
0.0080788360
0.0113625970
0.0078645410
0.0096183107
0.0015406208
0.0012371701
0.0010566131
0.0009632741
0.0008985493
0.0009096942
0.0009585320
0.0010413197
0.0011536852
0.0012997911
0.0093661257
0.0090488057
0.0036844629
0.0081573896
0.0071675550
0.0061469956
0.0121400075
0.0088818202
0.0085638477
0.0075788206
0.0096549549
0.0093944654
0.0127662521
0.0016920782
0.0013808671
0.0011552537
0.0010101535
0.0009292475
0.0009011383
0.0009112223
0.0009710760
0.0010794104
0.0012467199
0.0091920670
0.0101173716
0.0050488153
0.0054529998
0.0088348397
0.0091454767
0.0049078500
0.0110608858
0.0139562832
0.0015660810
0.0012697500
0.0010659151
0.0009484324
0.0009491425
0.0009665084
0.0010716461
0.0024583257
0.0082427841
0.0073814313
0.0102760123
0.0117855275
0.0088044505
0.0069059417
0.0012137105
0.0010261669
0.0010616457
0.0011331667
0.0061550356
0.0142698942
0.0112833890
0.0012132746
0.0012719172
0.0008985493
0.3344510627