10.1051840529
9.9138748187
9.9563718658
10.1921040122
10.6215338990
11.2753833221
17.7806103512
13.4765199412
13.2349747636
14.1150611275
16.3194330401
12.5009178607
12.2080445807
11.9892209551
11.9977634382
12.3313780839
13.0933651827
14.4422592852
16.6354261046
28.8292211654
67.6604053571
81.7841130651
59.0167951226
63.6766560157
177.1451816979
76.0757595993
16.2067160454
13.3219469160
11.6035891646
10.6175700855
6.3896061877
6.4024729125
6.5493079345
6.8330545749
7.2888653048
7.9866999478
24.9831603791
28.8593959342
16.5378534846
22.8519414948
27.5846506677
44.1340850634
9.8818628783
9.6518999211
9.6001869785
9.8184871559
10.3788507729
11.3775448333
21.0038939049
107.3417499728
77.1057090990
54.8041498466
72.6198251171
80.8387255404
79.2943969440
10.6180367969
8.7252423353
7.5651598827
6.8930869288
6.5349053287
5.7748539835
5.8626609600
6.2262177073
6.8751826152
7.7577186183
14.1951178942
61.9036062792
28.6396403825
36.4153774636
39.5321954905
59.5284846519
587.2481905089
38.1193662509
58.3827065393
88.6079858542
66.6587609545
53.1990242829
75.3943454440
52.3203378971
63.0565075838
9.4885028857
7.6252488380
6.5349375950
5.9734669261
5.5214151763
5.5736735971
5.8490718089
6.3368317938
7.0377540906
8.0059081109
63.1268363206
60.9299684959
24.2669173248
54.9577077175
48.1743000842
41.2679727676
82.1452305629
59.8136395502
57.5600325825
50.6259517421
64.8375860795
62.6033340430
86.1471825673
10.5162963914
8.5204282151
7.1071949461
6.2129367861
5.7161905887
5.5298021012
5.5809443271
5.9438760591
6.6350760791
7.7477086398
60.5626194212
67.6415234935
33.2365512815
36.1633098120
58.5640287861
60.2756474305
32.1819103013
72.1481199890
92.5478113023
9.7685781748
7.8551160792
6.5639138441
5.8290147637
5.8415149557
5.9486803044
6.6276890818
15.7980268058
52.5982238680
47.8008583824
65.7900498129
74.9665850035
56.1307089937
43.8752019062
7.5239761685
6.3296249679
6.5691603729
7.0360089528
38.9016590437
88.6384492749
70.0038070612
7.5347727650
7.9189791129
5.5214151763
587.2481905089