6.0086826565
5.8968258854
5.9226768567
6.0624231729
6.3163757702
6.7025801382
10.5122836188
8.0106969949
7.8591757182
8.3866642346
9.6706772964
7.4340182658
7.2635374274
7.1361873366
7.1422401538
7.3394418669
7.7885929824
8.5825187942
9.8714398924
17.0153460157
39.7857568360
48.2668581144
34.7532007926
37.3516911156
105.5947021110
44.6258301538
9.5947132501
7.8990443514
6.8889709050
6.3095176381
3.8063435789
3.8139119012
3.9007955077
4.0687553137
4.3385623925
4.7514964691
14.7541873656
17.0061186473
9.7608854239
13.4965162601
16.2516237578
26.0112885333
5.8864837667
5.7533136578
5.7245681365
5.8548210327
6.1867522436
6.7768142846
12.4709749275
63.4394137275
45.5262422522
32.3966162634
42.8572228225
47.8913316944
46.6402786352
6.3060916951
5.1874892633
4.5017196848
4.1042753470
3.8923633768
3.4369666584
3.4886073235
3.7034449801
4.0874864328
4.6110812813
8.4411174813
36.7794029360
16.9654349096
21.6320826003
23.4657654271
35.3384865526
463.9526387734
22.7310655720
34.8125908914
52.7378930061
39.6819470156
31.6526400012
44.8757974851
31.2140730855
37.4538088077
5.6372965725
4.5331269621
3.8873878545
3.5548039377
3.2856420703
3.3163710007
3.4795589523
3.7692604553
4.1868444178
4.7655489454
37.7883309428
36.4006442839
14.4728462732
32.8617016273
28.7894523722
24.6661096422
49.1298839684
35.7828167282
34.4579061682
30.3025224193
38.7929201271
37.5262302040
51.5265419733
6.2569218557
5.0675519034
4.2273024312
3.6962780593
3.4013985631
3.2920576587
3.3224548883
3.5388416432
3.9521498945
4.6194464405
36.4054048548
40.6043281106
19.9513974333
21.6945815393
35.1784337070
36.2248832978
19.3044500733
43.3938136302
55.6112078408
5.8224660978
4.6778512974
3.9077226162
3.4701437455
3.4807349239
3.5452619751
3.9527208120
9.4730327016
31.6848374587
28.7633623172
39.6335526650
45.1817026700
33.8054706025
26.4150450197
4.4864838061
3.7720372270
3.9195196018
4.2011135850
23.4338013138
53.4986628858
42.2404945051
4.4984276742
4.7328535514
3.2856420703
463.9526387734