695.3740274987
691.2365231754
699.5141628414
718.6631850981
749.3104168073
793.5053384618
1069.2445551407
902.3025258969
922.0770474483
937.3249191751
1051.7318252252
891.4140871887
874.3118927522
860.0023929533
858.9967500444
877.7484671518
922.1499671664
1000.3753032945
1124.8719140926
1870.7586231435
3540.6739932027
3764.8555188671
2767.7106119854
3582.9397351972
6117.8465398783
3263.6203142114
971.6028026641
838.0144639589
759.3914545954
715.7868832379
467.9183303954
469.3845053420
479.8380404573
499.6111335742
531.2006045611
579.6629718256
1763.9735486161
1971.6274820619
1089.3241331094
1596.0309509053
1845.3754860355
3071.5507448596
735.2628120558
721.6847081617
719.1021476562
734.6144121388
773.3206931105
841.1862747677
1543.5939100653
7770.7339441897
5478.5704448388
3920.6048111044
5139.9043767420
5957.0648542362
5382.4720254435
741.9373705614
617.6438480006
542.7849664679
499.6849089718
476.8791950093
408.0292765919
411.5242360355
431.2006052313
468.6453728916
526.6233796706
1021.2707116579
4656.7399521022
2075.0187746875
2718.8614773503
2945.7358490681
4470.4077374748
1064.9976030729
2928.1276842676
4499.0370191649
6772.4518514813
5071.4959797621
4011.7583465527
5726.3268978925
3993.7265807225
4724.3599970393
659.4493892057
531.8491680273
459.2433920485
422.0246632812
384.3923879354
385.8074660562
401.5333185744
432.3455676768
481.7325159367
556.7803686074
4930.9405318388
4724.3579861229
1838.4833292036
4280.1427221548
3741.2136380862
3202.3143326089
6429.5876373902
4670.9005199312
4497.7984787470
3938.9652290310
5047.3821009454
4896.6977200966
6717.8933298732
743.4822692070
595.9169982669
495.2050146422
433.1098941074
398.7509132147
385.1883425997
387.2197520680
411.6928499729
462.8373856254
550.7646872005
4797.9979713458
5348.7082625116
2605.8648029142
2836.6698447093
4636.8842942514
4774.8140409435
2507.0744367627
5724.7043825758
7342.8271673672
700.9705262044
555.1391199675
460.1611892307
407.2415893899
411.0642046474
418.5935945792
470.8627699901
1208.3226590461
4186.8508125452
3793.6297497019
5250.9238917580
5991.2368299386
4461.8701651773
3471.4680319795
537.9156236443
447.5589018738
470.2585706811
507.8898857324
3085.3835027923
7118.1260820028
5605.4646315600
544.9804664527
579.1338841474
384.3923879354
7770.7339441897