0.9704230098
0.9507876538
0.9541303841
0.9763791496
1.0174955309
1.0804383761
1.7279140406
1.2986166445
1.2694608521
1.3609887263
1.5763974198
1.1963184063
1.1677355347
1.1465582004
1.1475516596
1.1801568800
1.2544746041
1.3861201311
1.6005481262
2.7855160987
6.6568026071
8.1276338720
5.8517648124
6.2194234673
17.9580464066
7.5729725943
1.5767148626
1.2904724369
1.1198397992
1.0217209486
0.6096773000
0.6108324148
0.6248938953
0.6521266827
0.6958993941
0.7629039185
2.3967233707
2.7765207039
1.5939753054
2.1934575455
2.6574414093
4.2404821451
0.9414653182
0.9189938432
0.9138368010
0.9347230596
0.9885661963
1.0847204514
2.0056853595
10.2766314099
7.3948186190
5.2517872608
6.9682462478
7.7241301364
7.6380897618
1.0184989337
0.8357095899
0.7235050537
0.6584684954
0.6237863364
0.5531060234
0.5619100348
0.5976150569
0.6610263374
0.7462679960
1.3582764953
5.8996311648
2.7408501610
3.4729683867
3.7713839996
5.6748909953
262.1266878830
3.6213447061
5.5448168244
8.4271214323
6.3414857092
5.0661817349
7.1743719772
4.9722839167
6.0119203217
0.9105597192
0.7314077016
0.6262918271
0.5721409596
0.5296029225
0.5349368369
0.5618601853
0.6091251478
0.6763228047
0.7681698355
5.9796151039
5.7797623185
2.3085751951
5.2093017967
4.5682797733
3.9134790176
7.7815495583
5.6669009659
5.4512543344
4.7966067594
6.1439919528
5.9248887793
8.1635788672
1.0072263837
0.8169696130
0.6816999822
0.5958713378
0.5481767525
0.5303189941
0.5354448566
0.5703752693
0.6362468538
0.7414559266
5.7183501797
6.3921084170
3.1432510990
3.4206429919
5.5317131627
5.6919375867
3.0459383167
6.8092113304
8.7384186333
0.9338230935
0.7521819671
0.6290804375
0.5588441065
0.5595354081
0.5697974762
0.6341666373
1.4982125327
4.9591169476
4.5103545069
6.2010375667
7.0638485197
5.2932446550
4.1400048045
0.7194184925
0.6059725904
0.6279617882
0.6719344091
3.6689555999
8.3422797502
6.5911462680
0.7193937150
0.7550380982
0.5296029225
262.1266878830