0.6273082016
0.6145656320
0.6166979583
0.6310659982
0.6576418504
0.6983389497
1.1178419694
0.8397822616
0.8205653482
0.8801696501
1.0195245116
0.7731778311
0.7546790462
0.7409799350
0.7416274222
0.7627270528
0.8108158326
0.8960041404
1.0347768980
1.8014061781
4.3105047765
5.2675437761
3.7910211910
4.0248217948
11.6634083820
4.9055831709
1.0200472577
0.8346416817
0.7241151661
0.6605516571
0.3939648847
0.3947074697
0.4037955437
0.4213995063
0.4496966310
0.4930117830
1.5493001704
1.7951333527
1.0306460077
1.4179659640
1.7183256684
2.7414305567
0.6082986332
0.5937537472
0.5904106504
0.6039089569
0.6387179539
0.7008894745
1.2961476595
6.6420872864
4.7800457824
3.3945315760
4.5043230950
4.9916300402
4.9389200881
0.6583871329
0.5401705367
0.4675959569
0.4255282786
0.4030936164
0.3575082119
0.3632152468
0.3863316139
0.4273725447
0.4825024826
0.8778810699
3.8120521945
1.7714781609
2.2441036949
2.4370034672
3.6667591305
209.3192332034
2.3392638934
3.5817453271
5.4443855564
4.0969163110
3.2733455458
4.6350471525
3.2123807245
3.8846784612
0.5886385740
0.4728084447
0.4048328375
0.3698134653
0.3423538904
0.3458156433
0.3632421147
0.3938175317
0.4372569233
0.4965889940
3.8619962168
3.7335439186
1.4914482642
3.3646913698
2.9507121957
2.5278497520
5.0258813431
3.6599987467
3.5207515919
3.0980381380
3.9684645478
3.8265040670
5.2727365764
0.6510417179
0.5281071054
0.4406767429
0.3851910386
0.3543566016
0.3428140306
0.3461372381
0.3687232831
0.4112875366
0.4792333913
3.6925943850
4.1277060728
2.0299051822
2.2090170461
3.5718539295
3.6753620263
1.9671608401
4.3965723308
5.6423369330
0.6035134856
0.4861816252
0.4066385125
0.3612463196
0.3616701802
0.3683034297
0.4098807606
0.9677431094
3.2018401037
2.9122829391
4.0036643732
4.5605607226
3.4174874361
2.6731644997
0.4649561097
0.3916716221
0.4058413808
0.4342308936
2.3689489219
5.3853636082
4.2551581062
0.4648916945
0.4878787791
0.3423538904
209.3192332034