16.6954198248
16.3769144867
16.4459375527
16.8351015305
17.5450492758
18.6266310193
29.4240775452
22.2556789255
21.8693388716
23.3158487145
26.9731056331
20.6482751631
20.1622327445
19.7991885370
19.8129603834
20.3651990003
21.6270319081
23.8614254560
27.4956013281
47.7089445591
112.1401163251
135.2386651637
97.7849447458
105.5569033088
291.3723740274
126.4072390246
26.8200578115
22.0338494293
19.1826775650
17.5462911756
10.5481682308
10.5694474094
10.8122292111
11.2813666697
12.0350060352
13.1888868085
41.3248162817
47.7628518186
27.3628990976
37.7988134999
45.6565710090
73.0372263151
16.3128206090
15.9307302159
15.8440740801
16.2043567576
17.1306725540
18.7825329725
34.6987510374
177.5130686557
127.5488615706
90.6281433377
120.1389167203
133.6076131877
131.2842318725
17.5420495310
14.4112574662
12.4923872685
11.3808047435
10.7884409508
9.5356374618
9.6812998387
10.2830916750
11.3566733406
12.8149305435
23.4421421758
102.2409916726
47.3339083327
60.1463076910
65.3057716640
98.3375079191
716.4923305109
62.9076875721
96.3475613169
146.2933304358
110.0473816114
87.8410123513
124.4738403581
86.3345888491
104.1570995346
15.6739844801
12.5942883825
10.7918359333
9.8637106146
9.1174938293
9.2042388724
9.6597053753
10.4656337907
11.6224338783
13.2184712644
104.0865077294
100.5058463252
40.0456209293
90.6390247425
79.4592230872
68.0684403290
135.4696119956
98.6377101881
94.9057690708
83.4734236442
106.9191068156
103.1925151466
142.0706144581
17.3655046718
14.0710840328
11.7370772371
10.2597353110
9.4390802875
9.1303170303
9.2149261440
9.8139946806
10.9537848616
12.7869877800
99.7610747680
111.4592380254
54.7660852992
59.5960823278
96.4863644208
99.2986181125
53.0378019099
118.8335357807
152.4652553386
16.1239836188
12.9683719903
10.8375069389
9.6242548786
9.6428289005
9.8193230105
10.9381402495
26.0381944084
86.6011215034
78.7214084627
108.3208908444
123.4181332969
92.4199402420
72.2492860730
12.4178515294
10.4481875537
10.8404533476
11.6087730001
64.0507305081
145.8750936085
115.2163290380
12.4320608825
13.0626380619
9.1174938293
716.4923305109