0.0008307416
0.0008091344
0.0008091726
0.0008266910
0.0008613327
0.0009156755
0.0015630796
0.0011249777
0.0010809869
0.0011825713
0.0013899000
0.0010066634
0.0009800762
0.0009611780
0.0009627073
0.0009928270
0.0010608149
0.0011816263
0.0013802254
0.0024585697
0.0063221568
0.0079807712
0.0057045944
0.0058052481
0.0187653569
0.0075374392
0.0014268668
0.0011469225
0.0009795789
0.0008825884
0.0005070659
0.0005077438
0.0005195964
0.0005427654
0.0005800766
0.0006371272
0.0020386298
0.0024058507
0.0013994481
0.0018755069
0.0023220026
0.0036414459
0.0007746210
0.0007537667
0.0007486521
0.0007661719
0.0008120885
0.0008948418
0.0016587005
0.0085802208
0.0062496078
0.0044150874
0.0059064471
0.0063543410
0.0066493302
0.0008664008
0.0007066230
0.0006078330
0.0005504204
0.0005197126
0.0004683967
0.0004772488
0.0005106017
0.0005686078
0.0006428054
0.0011306747
0.0047670035
0.0022856029
0.0028288861
0.0030777261
0.0046061645
0.1759337474
0.0028807755
0.0043942698
0.0067240736
0.0050801417
0.0040865107
0.0057500531
0.0039668911
0.0048708403
0.0007764592
0.0006230401
0.0005317474
0.0004845706
0.0004519503
0.0004576226
0.0004823221
0.0005241231
0.0005807401
0.0006541845
0.0047060157
0.0045613243
0.0018576917
0.0041056198
0.0036072662
0.0030949371
0.0061100217
0.0044641643
0.0042988570
0.0038027713
0.0048519608
0.0046976438
0.0064262917
0.0008516190
0.0006950662
0.0005813802
0.0005082080
0.0004674073
0.0004529421
0.0004580461
0.0004881449
0.0005424645
0.0006260786
0.0045666394
0.0050502530
0.0025166266
0.0027224398
0.0043991353
0.0045467589
0.0024471285
0.0054832179
0.0069431469
0.0007861534
0.0006379977
0.0005357378
0.0004767040
0.0004764516
0.0004851096
0.0005375043
0.0012247579
0.0040647901
0.0036524241
0.0050674508
0.0058030731
0.0043419554
0.0034044945
0.0006086096
0.0005149965
0.0005318567
0.0005671900
0.0030321440
0.0069900815
0.0055226473
0.0006071770
0.0006354736
0.0004519503
0.1759337474