70.6148537901
69.3407847915
69.6786317642
71.3532721664
74.3727150633
78.9525937095
123.3681429084
93.7487234680
92.6587429853
98.2294587976
113.5109012117
87.6124216434
85.5657641430
84.0235549237
84.0630324854
86.3665713877
91.6495677089
101.0063142514
116.2100898552
201.4310023015
466.5328987337
553.0371221242
403.1373781917
442.0988753538
1150.3984732958
520.1388946286
112.3269562024
92.5831079251
80.8297365009
74.0968221974
44.8329672089
44.9296173124
45.9623538479
47.9529766454
51.1488736884
56.0434095374
175.6760740127
202.6936494234
115.7415328397
160.5564432767
193.4734266441
310.3718967081
69.4441790352
67.8311204168
67.4640876066
68.9900633162
72.9143814007
79.9092910656
147.6987227399
755.9024933677
542.4728861794
385.4673191959
510.8612821228
569.2727918263
557.1472485414
74.3087026361
61.0956010740
53.0111491659
48.3315317460
45.8400853947
40.3990990452
40.9953196063
43.4976122895
47.9783569988
54.1182001661
99.4884657503
435.9198936550
201.3097639483
256.2692659197
278.3096080528
419.3776617816
1145.5736849269
268.4405206448
411.2789224031
624.3726851612
469.4796754161
374.4790517331
530.9192560886
368.1495702032
444.0109409897
66.3464227608
53.3139145019
45.7046889492
41.7891136363
38.5725554521
38.9211812454
40.8193324015
44.2005447517
49.0922367427
55.8929599568
444.3084222205
428.9650982624
170.6075263099
386.9316001205
339.1812132106
290.5188822339
578.6063683276
421.1671782060
405.1737380225
356.2268190379
456.3805830810
440.4263582070
606.5555197529
73.5827717309
59.5692875801
49.6679993897
43.4135708734
39.9406096556
38.6205211488
38.9641205347
41.4877557837
46.3247844691
54.1480425615
425.9539362673
475.9788373329
233.6705275447
254.3490540544
412.0324588155
424.0245879425
226.2301051431
507.4157682507
651.1913714347
68.3728830533
54.9273585327
45.8705858234
40.7216172910
40.8130628355
41.5557443081
46.3180948384
110.8642126283
369.7338042488
336.0845249242
462.5818380352
527.0767184052
394.5766712653
308.3326924253
52.6277067967
44.2412418286
45.9349047676
49.2151762821
273.3554370714
623.0409880755
491.9884387565
52.7227406980
55.4340098481
38.5725554521
1150.3984732958