4.9361834231
4.8416042177
4.8617363174
4.9766011885
5.1863571197
5.5060375436
8.7072878236
6.5899778888
6.4646537487
6.9030034089
7.9852562344
6.1029968324
5.9592944199
5.8521097516
5.8563925221
6.0199249234
6.3933537536
7.0545412025
8.1300184387
14.1052703463
33.2195989567
40.2723657020
29.0260341899
31.2315899987
87.6499544433
37.3922099591
7.9355929529
6.5178186287
5.6732075467
5.1883860240
3.1177287059
3.1239345394
3.1956432279
3.3342731141
3.5569924482
3.8979641331
12.2054200360
14.1093028103
8.0899617623
11.1664956485
13.4919958667
21.5700750974
4.8202416067
4.7074014664
4.6818978247
4.7884671456
5.0623056490
5.5505762944
10.2505545286
52.4159070288
37.6676550325
26.7665390173
35.4807341697
39.4562450852
38.7752321383
5.1867654331
4.2607858590
3.6931029956
3.3641965634
3.1888852535
2.8199904658
2.8632228081
3.0415915505
3.3596956499
3.7913805685
6.9296771509
30.1967240607
13.9842777828
17.7658970259
19.2889505697
29.0400754459
465.0316634863
18.5815109819
28.4578843000
43.2025046623
32.5033375853
25.9466341932
36.7655242905
25.5060652117
30.7626064926
4.6355783702
3.7248747327
3.1916593581
2.9170370890
2.6970604437
2.7228693976
2.8578623405
3.0965655444
3.4389015252
3.9108073238
30.7535464839
29.6917272017
11.8332623161
26.7778246234
23.4734804573
20.1097085864
40.0175521033
29.1406250572
28.0404761215
24.6639955391
31.5890077102
30.4929773178
41.9713336574
5.1355823306
4.1618859122
3.4718112489
3.0348831086
2.7921376051
2.7010739306
2.7262357570
2.9035960114
3.2407554588
3.7826514829
29.4834534829
32.9365257147
16.1859099328
17.6119932746
28.5130484269
29.3453220490
15.6747734879
35.1201552336
45.0574491996
4.7684529197
3.8358019226
3.2058493843
2.8470958168
2.8526109719
2.9048936066
3.2357280197
7.6983381983
25.5983237492
23.2681196120
32.0160228549
36.4812158576
27.3184636985
21.3571616789
3.6729154025
3.0906762419
3.2065693542
3.4337039343
18.9342120724
43.1216728867
34.0596131824
3.6769924139
3.8633128808
2.6970604437
465.0316634863