504.4846315425
499.5013256891
504.4071681742
517.7988448961
540.0109139149
572.5748209877
814.3011320518
657.5234505936
668.4621256261
685.2376402934
781.1611718421
640.5002893596
626.9343378353
616.0153162907
615.4762346600
630.0671999458
664.3689084229
725.0463960239
822.5863929890
1399.7661604486
2846.0155204357
3099.1902645373
2291.4975993835
2844.0918696919
5358.7440707434
2840.2440928691
738.0780872948
626.0691670345
559.8588443952
522.6541474231
333.0921448995
334.0657706710
341.6470663469
356.0487311509
379.0817288529
414.4103544474
1283.3167549674
1456.8939756126
813.6745903012
1166.5304759763
1374.4574865739
2252.8750094337
521.0941458234
510.3274770633
508.0269349630
519.1408231007
547.3447378801
597.2012196334
1100.7098922419
5595.5605935304
3976.3341308062
2833.3015700154
3735.8181638237
4249.8775075681
3991.4253905140
536.9164699017
444.7421185222
388.9862468982
356.8517749538
339.8292523451
293.4667696720
296.5459851557
311.9677538372
340.6616649313
383.2852760139
730.2509936334
3290.2526982901
1488.3590443495
1926.3254629280
2090.4172427000
3163.9491213974
1534.8582749588
2050.2206852322
3147.1932809648
4756.3523738934
3566.6949398290
2830.1280661883
4028.8211963133
2800.9088982560
3343.5956996927
477.5937664318
384.4714001643
331.0211248191
303.5921963768
277.5897536049
279.0572243388
291.1159676969
313.9733008430
349.3857548843
401.6960939970
3426.2857671096
3293.6748700387
1291.9535334502
2978.8189794586
2606.9581005754
2231.8907432078
4468.3009492813
3247.8558277709
3125.9390809129
2741.4556953040
3512.8474101503
3400.3109311230
4673.3795450403
534.9282940525
430.2188839455
357.8289470451
312.7996211165
287.8405937375
277.9767860012
279.7113906012
297.4478499654
333.5156060679
394.3406386565
3314.3086147186
3698.8312761540
1806.6492081670
1966.9586468435
3204.8282160579
3299.4916221933
1742.4442004729
3952.9229056370
5071.7574767947
501.3136904040
399.0367920236
331.5786439869
293.6928308451
295.5432811893
300.8486377945
337.2294317015
844.1791372084
2886.3223297102
2618.5289898701
3617.3207005020
4125.2670519804
3077.7639509140
2398.3364111586
384.8980091871
321.3685860228
336.0869201578
361.8520984517
2129.4429874542
4892.2234960177
3856.2401209100
388.2342841440
410.8841195201
277.5897536049
5595.5605935304