412.6045940612
408.3169073214
412.1755597781
423.0071669523
441.0682661110
467.6041849601
668.7245583907
537.6724715520
545.9361996995
560.6517968235
639.7425479009
522.8614497776
511.8419074708
503.0275675711
502.6938207834
514.7167200694
542.8530493003
592.5733067331
672.4872058861
1141.7127281310
2341.0608850254
2562.8250531570
1898.0467476168
2332.7512162782
4480.9536632350
2364.4239889610
606.3860419153
513.5807499677
458.6801668746
427.7757085363
271.7852862038
272.5608759585
278.7296706957
290.4630296782
309.2340986890
338.0172192923
1042.5607534087
1183.5823448594
664.8035023864
948.5070020831
1118.9526637614
1828.6879426165
424.8507496895
416.1491439697
414.3324059381
423.4225207268
446.4120335910
487.0112040199
896.0284124204
4543.1329085606
3228.9721847876
2302.1860994270
3033.2079131951
3454.0647281406
3238.5148708424
438.2171413236
363.0191530773
317.4839084639
291.2247481061
277.3053220533
239.7401972673
242.3102071371
255.0181212054
278.6040378933
313.4556071357
595.6794989379
2676.5435125480
1210.2302809311
1567.2115323177
1700.0961700362
2572.6806487406
1453.0490829053
1670.2766100961
2563.6379324498
3870.8361332176
2903.8066502046
2304.2893068261
3280.0891300750
2283.2810635834
2720.0018073099
390.0184610784
314.0450453440
270.3977882828
247.9933407981
226.9154893306
228.1655846677
238.0927999765
256.8383529168
285.7701867164
328.3856339252
2795.5248609490
2684.9387705596
1053.0936903253
2429.3922027998
2125.5711332591
1820.0035162287
3643.5767948873
2649.1269312254
2550.6001027664
2237.3252736544
2865.8566513926
2776.4544259418
3811.7009425400
436.9047952925
351.4785138400
292.4016212474
255.6384026522
235.2629052847
227.2884598862
228.7488484188
243.2839556167
272.7536275508
322.3795882127
2708.9055491142
3021.0816317572
1476.2518439254
1606.6839932467
2618.6437324428
2696.4076246846
1423.6584479835
3231.6725200481
4143.7860447845
409.6202924910
326.1094518466
271.0318038506
240.1009447453
241.6665802746
246.0313301156
275.7669956204
690.1274521166
2361.3050703426
2141.2242288694
2959.0542860136
3374.9293390591
2517.6769317166
1962.0279339725
314.6341209012
262.7434566485
274.8148163263
295.8887778764
1742.3625760925
4004.4264147628
3156.4904298506
317.4182258144
335.9680903780
226.9154893306
4543.1329085606