2.3609003522
2.3135156117
2.3217807955
2.3758502084
2.4756394446
2.6283086804
4.1925961385
3.1604828280
3.0866162895
3.3111297229
3.8305539116
2.9107308336
2.8418379833
2.7908081470
2.7933962098
2.8725005398
3.0525781599
3.3713580094
3.8902648943
6.7539107050
16.1124868198
19.7405970446
14.1764590280
15.0391806426
43.9415597768
18.3001924101
3.8277657259
3.1351716743
2.7223143434
2.4849427931
1.4847079491
1.4874969521
1.5216264719
1.5877408812
1.6940096890
1.8566548635
5.8126294204
6.7273388558
3.8651568565
5.3202373247
6.4388373804
10.2751518571
2.2925257105
2.2385042156
2.2263292713
2.2772313501
2.4079987029
2.6412484114
4.8762481171
24.9289530148
17.9306257888
12.7424549200
16.8931451283
18.7557773075
18.4903863229
2.4768584203
2.0333374068
1.7610421484
1.6031803908
1.5189768703
1.3464534401
1.3677513550
1.4543595903
1.6082897662
1.8154991332
3.3045515735
14.3458587970
6.6566924278
8.4447056489
9.1667353207
13.7936277656
897.3192286923
8.8209353991
13.5058354558
20.5066963985
15.4340958248
12.3273986585
17.4603822909
12.1139782549
14.6165357505
2.2148429798
1.7796111807
1.5242915560
1.3927416371
1.2892083964
1.3021108591
1.3675089098
1.4824577781
1.6461394398
1.8702312655
14.5930994693
14.0920110096
5.6241356576
12.7057230048
11.1397822535
9.5435886795
18.9822332870
13.8247188275
13.3045364854
11.7057630877
14.9909399348
14.4710966596
19.9137184697
2.4516099429
1.9882345975
1.6591106957
1.4503871984
1.3344079663
1.2912501857
1.3037135971
1.3888203081
1.5495496815
1.8066317798
13.9869582739
15.6222239534
7.6830785296
8.3583285039
13.5243348950
13.9201535684
7.4427412955
16.6606727158
21.3698073125
2.2749293684
1.8317035200
1.5317293063
1.3607034947
1.3629838877
1.3881032820
1.5454328548
3.6605113392
12.1443487886
11.0377603923
15.1861953507
17.3033148819
12.9608678785
10.1356555649
1.7530290502
1.4761849829
1.5306443657
1.6383945234
8.9849698501
20.4510075772
16.1557682162
1.7540171705
1.8418812860
1.2892083964
897.3192286923