2.6544195218
2.6053410942
2.6166779769
2.6779808143
2.7893619246
2.9586865703
4.6254579768
3.5380462383
3.4658643570
3.7032967639
4.2611341406
3.2820840893
3.2083821177
3.1534915992
3.1568056383
3.2436448161
3.4406257933
3.7882257892
4.3518007317
7.4610110416
17.4303450706
21.2541021556
15.2736452816
16.3132241909
46.9739223555
19.5452167181
4.2271291191
3.4835736676
3.0405710377
2.7863957737
1.6830613683
1.6863265673
1.7244649003
1.7982487850
1.9167769285
2.0980974450
6.4601878291
7.4353000538
4.2816512123
5.9136162967
7.1092054900
11.3663586627
2.6015812243
2.5444415862
2.5327345758
2.5904745485
2.7364030261
2.9950968191
5.4895322250
27.7754039087
19.9200924011
14.1937034564
18.7452943637
21.0156003202
20.3437691584
2.7808381716
2.2899093783
1.9887487224
1.8141068624
1.7209305036
1.5191817903
1.5418691499
1.6364351234
1.8055839294
2.0363313986
3.7238377976
16.1869520872
7.4480993126
9.5208783708
10.3191577833
15.5388792282
316.2296495447
10.0454244206
15.3821094057
23.2494497136
17.5028958727
13.9553341119
19.7912859474
13.8055398476
16.4792006768
2.4873297621
2.0015204183
1.7174416200
1.5710825665
1.4524885396
1.4660210354
1.5380133148
1.6659550923
1.8506439259
2.1070599822
16.7763061324
16.1200460105
6.3993225679
14.5682477322
12.7556246309
10.9306187947
21.7837332477
15.8733717906
15.2987911236
13.4560896251
17.2137105902
16.6932090208
22.8516807562
2.7646093703
2.2386162734
1.8677287749
1.6335486362
1.5035397012
1.4561092948
1.4696087294
1.5654975309
1.7489604982
2.0458266979
16.2496046829
18.0888780555
8.8913687715
9.6605400132
15.6878440827
16.1632267398
8.5978302492
19.3857835761
24.8098286106
2.5776622693
2.0693437688
1.7282805970
1.5347937196
1.5409760492
1.5698600449
1.7513996325
4.2188879384
14.1839121595
12.8586307791
17.7429679666
20.2372861767
15.1301308642
11.8189502148
1.9874646124
1.6700729521
1.7375346652
1.8636696868
10.4923247093
24.0093752203
18.9510413788
1.9953414508
2.1016242305
1.4524885396
316.2296495447