628.2389901285
622.6185563233
629.0957914264
646.0032116970
673.8000700477
714.3959115150
1004.4550202586
818.4303630972
833.5478795651
852.2083884801
968.9837842719
799.9310588988
783.1449583715
769.4908960001
768.6470556569
786.5376474561
828.8069553856
903.6042680854
1023.6828998433
1737.8723471068
3477.4385565951
3760.9318991233
2776.3953081333
3491.5214375931
6390.6171998950
3408.3432908618
910.2700566152
774.7636260067
694.7538843561
649.9295696816
416.6270834552
417.8784018635
427.3573159760
445.3382644994
474.0885017828
518.2022318465
1606.9181035380
1818.2684419146
1010.4148571189
1457.9676720448
1711.3189923793
2818.8282023006
652.6917720786
639.2947456403
636.3998866064
650.2482082988
685.4404243048
747.6418657811
1380.0020279775
7023.5555964816
4983.2747398852
3551.7727058954
4682.2734932295
5338.3264142131
4986.5356464448
669.9167301484
555.2458923724
485.9818020735
446.0859389288
424.9656465655
366.1950815525
369.8738732867
388.7685895751
424.1019355033
477.1099725076
913.6031327528
4134.1640131163
1867.0366109290
2419.0841975971
2625.6003355103
3976.6905355647
1536.0174929726
2575.1730619855
3954.0653887153
5978.1293523589
4480.1190006495
3553.2220344818
5060.3851992547
3514.6311803895
4200.0511970024
595.5810573299
479.4727085189
412.9614375558
378.8431474057
346.0086788718
347.7009043340
362.5288337988
390.8471264402
435.0607674770
500.7822201739
4300.1155511544
4135.9005931780
1620.8518590138
3740.2201024543
3273.3962495704
2801.9329305692
5611.5557791774
4077.3766090680
3922.9158724158
3439.0754172071
4408.3809435228
4264.2713620288
5866.9994302797
667.5773567079
536.5312652097
446.1168235165
389.9638781847
358.8450907771
346.4419968275
348.5077424878
370.5607343583
415.6819097806
492.0622367461
4154.9673145691
4639.7841136194
2264.6527191027
2466.3612187585
4019.0339326269
4136.5976856833
2183.5233419626
4954.4977323138
6359.2714763269
625.8539074801
497.7721820709
413.4280323998
366.1067971109
368.4842027112
375.0846473492
420.6556989090
1056.5737793101
3615.9910828022
3281.3665129394
4532.1399786483
5168.1794888100
3855.5776861988
3003.6835370401
480.2980474562
400.7964755850
419.3474168315
451.6686957407
2666.7721137664
6126.9249737712
4829.0756807208
484.6490705597
513.1429104772
346.0086788718
7023.5555964816