405.3438993572
401.0841586503
404.8342694855
415.4363497413
433.1376279378
459.1574959723
657.3378640513
528.1127426135
536.0140792339
550.7624691462
628.4925530701
513.3716349540
502.6015748742
493.9998825911
493.7116138823
505.5401512761
533.1746598066
581.9836943478
660.4123773896
1119.7318993676
2300.2866338958
2522.2883736292
1869.0389887465
2288.7059930338
4425.0790922030
2330.6170498989
596.1905225043
504.8202472214
450.7566709877
420.3095093842
266.8642741360
267.6199653354
273.6676408432
285.1750725745
303.5862272934
331.8140965681
1021.4182784435
1159.1944960612
651.9501773227
929.4213715468
1096.1930729374
1790.7455170063
417.0641366822
408.5749779054
406.8248066953
415.7582247196
438.3101149567
478.1131918642
878.8813222813
4450.8699396048
3163.0197729968
2255.9545802819
2970.9918650287
3385.7941106254
3170.1361297848
430.1587759677
356.3994738097
311.7204978011
285.9497896515
272.2861573684
235.4533551687
237.9895417255
250.4905235681
273.6794460362
307.9022028280
584.7235474022
2625.1309202509
1186.3449393257
1537.1525029762
1667.1554948401
2522.7256779128
1501.2277829370
1639.5389382005
2516.2145340255
3797.6720441421
2849.3419511972
2261.0246145001
3218.6254578164
2241.6250013744
2667.7462392054
382.9152954916
308.3702058031
265.5367355697
243.5487896164
222.8935897694
224.1344476011
233.9010629095
252.3274880952
280.7444907343
322.5807113096
2746.3892382294
2636.5563808976
1033.9547911148
2385.9309992678
2087.4230429091
1787.4435814568
3578.6622252192
2602.1620116037
2505.6948154277
2198.0838880406
2815.4161912945
2728.9279433437
3744.2829412814
429.0408908109
345.1616750898
287.1668945827
251.0795193741
231.0808508172
223.2858841329
224.7335172894
239.0250963635
267.9835177848
316.7424160911
2663.6475323060
2969.5999316532
1451.2219974089
1579.1341743310
2574.3605143854
2651.2380805591
1399.4280741810
3178.0999227853
4074.3103688086
402.3798289790
320.3271274536
266.2313775176
235.8597618289
237.4385408394
241.7408893156
270.9751682729
678.4681833506
2323.1007626418
2106.1301652831
2910.7453421003
3320.5105438117
2476.7874899862
1930.0145894408
309.1245176790
258.1370896543
270.0456975228
290.7799819908
1714.1105663888
3940.7124689492
3106.1946987527
311.9195760879
330.1965729039
222.8935897694
4450.8699396048