1.1719857663
1.1480989538
1.1520427879
1.1788746293
1.2285382329
1.3046120220
2.0902163733
1.5694077431
1.5331151354
1.6450068413
1.9057914350
1.4443058686
1.4096769873
1.3840428853
1.3852509594
1.4247141241
1.5146616006
1.6740195183
1.9336578678
3.3679540444
8.0660658861
9.8639681168
7.0976381739
7.5310548644
21.8573404767
9.1836733793
1.9071816942
1.5601262377
1.3532307568
1.2342358133
0.7357775492
0.7371610711
0.7541429423
0.7870402417
0.8399217384
0.9208700583
2.8955615711
3.3559262909
1.9267813874
2.6502065636
3.2125893743
5.1245118585
1.1359863887
1.1087532484
1.1024770849
1.1276887073
1.1927398197
1.3089525820
2.4212455168
12.4121161364
8.9335923570
6.3438401857
8.4188992555
9.3258113921
9.2341182038
1.2301282371
1.0091244407
0.8734399516
0.7947904436
0.7528464381
0.6678423857
0.6785274480
0.7217681492
0.7985183691
0.9015585027
1.6398950617
7.1197723074
3.3099531198
4.1916934451
4.5522833019
6.8489371014
281.9410026843
4.3677869100
6.6875439217
10.1668553359
7.6507655144
6.1130776550
8.6557345349
5.9976042095
7.2559926925
1.0998172939
0.8833505502
0.7562946860
0.6908367504
0.6395837850
0.6460693101
0.6786566005
0.7358062701
0.8169529641
0.9277191659
7.2083015911
6.9694597027
2.7849851610
6.2806332414
5.5081156956
4.7186891760
9.3811741389
6.8316234188
6.5712970325
5.7823412405
7.4072308613
7.1412996421
9.8416794762
1.2162032496
0.9866246706
0.8232963362
0.7196222540
0.6620053181
0.6404253955
0.6466439447
0.6888393341
0.7683133185
0.8951134289
6.8893489520
7.7021903212
3.7877540049
4.1223797279
6.6647066659
6.8574780025
3.6709762251
8.2025749039
10.5275938222
1.1272070858
0.9081793847
0.7596381778
0.6748524675
0.6755821122
0.6879640946
0.7655605685
1.8062526470
5.9728853967
5.4330401648
7.4681982004
8.5068371336
6.3752711688
4.9868314283
0.8684099217
0.7316017130
0.7579661186
0.8109182156
4.4191770848
10.0442006312
7.9365074370
0.8681722854
0.9109882584
0.6395837850
281.9410026843