6.8751398700
6.7485357678
6.7784411361
6.9378407090
7.2270979047
7.6666695637
11.9827605709
9.1608896499
8.9828638720
9.5890309501
11.0385196150
8.5051010202
8.3130723557
8.1697787600
8.1776673746
8.4024382961
8.9131140320
9.8147429122
11.2770204111
19.3626043479
45.1722881134
54.9150989827
39.5064454566
42.3436137008
120.6052486024
50.6119712641
10.9455728672
9.0207797529
7.8741569247
7.2164374466
4.3603866473
4.3689727742
4.4679955495
4.6594718133
4.9670388780
5.4376219725
16.7860143146
19.3249607311
11.1115678283
15.3611861077
18.4703673297
29.5523298611
6.7419103319
6.5926473433
6.5615668730
6.7109800741
7.0895134792
7.7610696577
14.2423765463
72.1773417911
51.7692934734
36.8729809507
48.7229391709
54.5759513421
52.9088479661
7.2073702967
5.9337747818
5.1527677514
4.6999770084
4.4584693736
3.9348964763
3.9935455849
4.2382754386
4.6761083256
5.2738247983
9.6511000223
41.9979472837
19.3369651226
24.7021875698
26.7797379845
40.3296435973
436.7672843658
26.0333830479
39.8676847266
60.2972105575
45.3848728513
36.1888357523
51.3202362428
35.7677362445
42.7580316583
6.4450359243
5.1853133762
4.4488356353
4.0694564493
3.7614736818
3.7963676809
3.9826072298
4.3137100796
4.7918518689
5.4558441448
43.4244730482
41.7532152665
16.5802673896
37.7239805480
33.0360381901
28.3074508168
56.4081233843
41.0969689885
39.5993191833
34.8291576024
44.5634265426
43.1872960145
59.1648512914
7.1613724593
5.7987331761
4.8376423735
4.2307669922
3.8938379851
3.7702573135
3.8050250587
4.0530581818
4.5277464506
5.2958074900
42.0096366165
46.7856684743
22.9936305776
24.9880782666
40.5655616768
41.7908094913
22.2374978533
50.1101059181
64.1458656689
6.6741972078
5.3585493853
4.4753500768
3.9741651841
3.9892979383
4.0638029880
4.5332234089
10.9105058533
36.6480592781
33.2335748964
45.8450317584
52.2851425270
39.0961366302
30.5407035802
5.1450092844
4.3236064371
4.4971544664
4.8229785522
27.1096736230
62.0094492620
48.9462862562
5.1640771783
5.4380246145
3.7614736818
436.7672843658