0.0000000082
0.0000000079
0.0000000079
0.0000000081
0.0000000085
0.0000000090
0.0000000156
0.0000000111
0.0000000107
0.0000000117
0.0000000138
0.0000000099
0.0000000096
0.0000000094
0.0000000094
0.0000000097
0.0000000104
0.0000000116
0.0000000137
0.0000000246
0.0000000640
0.0000000813
0.0000000579
0.0000000586
0.0000001931
0.0000000766
0.0000000142
0.0000000114
0.0000000097
0.0000000087
0.0000000049
0.0000000050
0.0000000051
0.0000000053
0.0000000057
0.0000000062
0.0000000204
0.0000000241
0.0000000140
0.0000000188
0.0000000233
0.0000000366
0.0000000076
0.0000000074
0.0000000073
0.0000000075
0.0000000079
0.0000000088
0.0000000165
0.0000000865
0.0000000629
0.0000000444
0.0000000595
0.0000000639
0.0000000670
0.0000000086
0.0000000069
0.0000000060
0.0000000054
0.0000000051
0.0000000046
0.0000000047
0.0000000050
0.0000000056
0.0000000063
0.0000000112
0.0000000478
0.0000000229
0.0000000283
0.0000000308
0.0000000462
0.0001505582
0.0000000286
0.0000000437
0.0000000673
0.0000000507
0.0000000408
0.0000000574
0.0000000393
0.0000000489
0.0000000077
0.0000000061
0.0000000052
0.0000000047
0.0000000044
0.0000000045
0.0000000047
0.0000000051
0.0000000057
0.0000000064
0.0000000460
0.0000000451
0.0000000184
0.0000000403
0.0000000355
0.0000000304
0.0000000600
0.0000000437
0.0000000419
0.0000000370
0.0000000474
0.0000000452
0.0000000631
0.0000000084
0.0000000068
0.0000000057
0.0000000050
0.0000000046
0.0000000044
0.0000000045
0.0000000048
0.0000000053
0.0000000061
0.0000000428
0.0000000482
0.0000000238
0.0000000260
0.0000000415
0.0000000426
0.0000000232
0.0000000507
0.0000000654
0.0000000076
0.0000000062
0.0000000052
0.0000000047
0.0000000046
0.0000000047
0.0000000052
0.0000000116
0.0000000366
0.0000000335
0.0000000457
0.0000000519
0.0000000391
0.0000000308
0.0000000059
0.0000000050
0.0000000051
0.0000000054
0.0000000271
0.0000000607
0.0000000481
0.0000000058
0.0000000061
0.0000000044
0.0001505582