120.9131844645
118.9440655387
119.6435221980
122.5703839950
127.7516995329
135.5535467095
207.4830425604
159.6105522338
158.8303633757
167.1683493527
192.4301713317
150.6968496579
147.2891817978
144.6894539996
144.7321494276
148.5753211725
157.4111882483
173.0410878219
198.3630867989
341.4091418306
770.5329488820
896.4078527606
658.2201560544
736.4124663310
1800.3600598146
844.1405120538
188.8409034389
156.6207880565
137.4605975898
126.5191958271
77.4337063211
77.6124146067
79.3852599057
82.7926861542
88.2589379044
96.6313991239
300.7658920240
345.4293860859
196.7113247774
274.6208690959
329.0100584371
530.0169495802
120.1896894007
117.5087789928
116.9203831293
119.5475131531
126.2559851789
138.1748290618
254.7611170854
1298.2773240624
929.2596027425
661.1673687026
874.4373527319
980.8922285481
947.7016619387
127.3690878520
104.9498680764
91.2611436673
83.3425750539
79.1299583236
69.4097766705
70.3696422622
74.5217878472
82.0114909372
92.4398218564
171.1983690364
754.1461776772
346.0782628496
442.8684151377
480.6940218390
725.1362885984
1301.3672714623
466.6228181247
715.2089734001
1083.5031809457
814.3315118310
648.6383045725
920.6396533007
639.6066077379
767.6745974306
113.6513115764
91.3940136277
78.4490953411
71.7921750667
66.1360398373
66.6815223598
69.8524926651
75.5717578922
83.9686806545
95.8087244549
775.6805612761
747.3012058910
295.9940099757
674.8144644312
591.1552245571
506.3362071746
1009.9620808041
735.0505236038
707.4797235999
621.6792685414
796.2666421918
769.7585279597
1058.3061704006
126.4117303109
102.1738878960
85.1503415450
74.4399779485
68.4972880208
66.2351221627
66.7894560846
71.1004309881
79.4742481309
93.1611751928
746.9185840689
833.7548458107
408.8657148142
444.9067838682
722.1873109623
743.4430686456
395.3593340162
890.3159107834
1141.9023179141
117.7945006389
94.3980002237
78.7364198475
69.8653400691
70.1181130743
71.3985895556
79.7046117692
193.2090269885
649.5950728770
589.8831414415
813.0841626526
926.8499829123
693.0523033262
541.1337456167
90.6411382554
76.0617671453
79.1480541145
84.9215455985
480.0639693677
1097.2952773684
866.0095392538
90.9996327267
95.8701815456
66.1360398373
1800.3600598146