0.0105717112
0.0103085486
0.0103138530
0.0105365278
0.0109725174
0.0116537269
0.0195957398
0.0142711254
0.0137249115
0.0149917732
0.0175221897
0.0128349271
0.0125149250
0.0122883814
0.0123127842
0.0126904524
0.0135363943
0.0150332489
0.0174834973
0.0306887306
0.0780101995
0.0987142278
0.0705448048
0.0714599248
0.2325918549
0.0927942223
0.0179205898
0.0144682267
0.0124044568
0.0112091398
0.0064916569
0.0065004005
0.0066498880
0.0069421287
0.0074127066
0.0081317479
0.0254544346
0.0298832057
0.0175083827
0.0234540966
0.0288768749
0.0451982807
0.0099370145
0.0096902744
0.0096357487
0.0098619777
0.0104420527
0.0114793058
0.0210751960
0.1075539473
0.0780847621
0.0553703049
0.0736644985
0.0803634739
0.0820530671
0.0109960784
0.0089937871
0.0077556568
0.0070356902
0.0066503739
0.0059725604
0.0060817500
0.0064980881
0.0072251801
0.0081637530
0.0144462395
0.0610575344
0.0288189323
0.0361198504
0.0392120879
0.0587244205
20.8165098349
0.0374385914
0.0571902020
0.0868239689
0.0656102606
0.0526023124
0.0742347127
0.0516950760
0.0623115746
0.0098617339
0.0079220922
0.0067715515
0.0061772521
0.0057547844
0.0058246494
0.0061351400
0.0066646463
0.0073901797
0.0083451573
0.0620599212
0.0597793544
0.0240838149
0.0539327169
0.0472980973
0.0405584819
0.0803925985
0.0587180444
0.0566142175
0.0499740024
0.0638332438
0.0619330309
0.0845471680
0.0108641659
0.0088485757
0.0073976905
0.0064685985
0.0059514554
0.0057691956
0.0058336002
0.0062187669
0.0069217299
0.0080171827
0.0600804293
0.0667234082
0.0330290595
0.0358242128
0.0579412798
0.0597524604
0.0320595013
0.0717667990
0.0915831194
0.0100596099
0.0081398746
0.0068263915
0.0060723682
0.0060766456
0.0061900501
0.0068719997
0.0159250150
0.0526256857
0.0476540443
0.0657126340
0.0749855286
0.0561852520
0.0440169711
0.0077765500
0.0065705210
0.0067961089
0.0072587297
0.0390597648
0.0890751975
0.0704176227
0.0077656804
0.0081360437
0.0057547844
20.8165098349