776.8657222704
772.5628964141
781.9645914908
803.3940883574
837.5674952757
886.7588515172
1187.3198908334
1007.3031084765
1029.7000930071
1046.0907989890
1171.1361938145
996.6367899180
977.8448043361
962.0581094892
960.9627520495
981.7434295896
1030.9177614141
1117.4625946639
1254.9780060010
2078.9936760892
3901.7695397435
4140.1328626464
3042.4377574536
3950.1126444294
6688.9892659872
3563.8737540853
1079.5987764755
933.0512323174
846.8388820257
799.0981062424
523.8112030276
525.4572461168
537.1162469938
559.1636224672
594.3829475555
648.4086278595
1965.1611208720
2191.9801204329
1210.7869363564
1777.5578340229
2050.2641828195
3417.1722926639
823.3634208165
808.4763711172
805.7393105167
823.1070907512
866.2717342506
941.8313481352
1725.7520034972
8667.3304462406
6104.3563865832
4371.9321423313
5725.2138493799
6654.9780542994
5977.7569744688
828.6077246416
690.3321046722
607.0763893715
559.1397047984
533.7735646302
456.2569488052
460.0715862646
481.8533343922
523.4119733289
588.0448391987
1142.1839938026
5211.5457386938
2316.8450653700
3041.9963712621
3294.3748253699
5000.8021956542
1113.6291908446
3283.3451718503
5045.0845991329
7587.3105443656
5681.5586486827
4492.3126744537
6414.6598407746
4478.3927771329
5285.9198024358
736.5255246146
594.2294485416
513.3407165052
471.8790752992
429.6625842641
431.1756448561
448.6379058039
482.9783121227
538.2254298162
622.4418793840
5539.0130049858
5302.4647862968
2060.8915437234
4805.6802102740
4199.4620002278
3594.7846586594
7220.5919735444
5245.7424700847
5052.4584135369
4424.2414535704
5668.1873480433
5503.0792641490
7543.8684794584
831.2403706259
665.9848886281
553.4022907626
484.0696395318
445.7172018446
430.6367736964
432.8742584071
460.2395980963
517.5984592571
616.4364111583
5398.4636343305
6015.3699330328
2929.9812471701
3188.8915534385
5215.8467342535
5371.7563206921
2817.8771562155
6442.3704897532
8260.8407006514
784.5567953227
620.9004939904
514.5160622067
455.3126723097
459.8395249847
468.3058278500
527.0494010750
1357.3911451820
4714.1459926186
4269.9456393180
5912.6058586000
6747.3151569739
5023.2065367445
3907.4482165112
602.1139040907
500.7347603973
526.5357273923
568.9418635819
3473.6237883759
8020.5261045207
6315.0714120899
610.4750038447
649.1579526027
429.6625842641
8667.3304462406