212.2922551725
209.9039436277
211.7004019779
217.0611648591
226.0941652111
239.4108966904
343.2913967283
276.3675010465
278.7552571670
288.4543356108
326.9598717470
267.5741750485
262.3092580547
258.1503353682
258.2018791899
264.4255537956
278.7252644523
303.8374758079
344.0299367364
573.9267595193
1194.2042459735
1332.2058200704
988.9057123988
1162.9311166668
2453.7378905113
1233.0135943619
313.0973925511
264.9547536063
236.4168067900
220.2903933104
139.3733983578
139.7379810490
142.8356434677
148.7519424389
158.2241546455
172.7255441868
519.5205841832
586.7166070987
333.0872959247
473.3585246352
555.4837117524
905.2404814166
217.3883809871
213.3233909269
212.6257685249
217.3351285817
228.9621401895
249.3300430734
453.7494224719
2265.1368642346
1606.5941133687
1150.2174990507
1507.3375568290
1734.6870151189
1594.5090840849
223.5422652500
185.6298629461
162.5922062475
149.2755142535
142.1982199350
123.1201709485
124.4949458718
131.1031580582
143.3133036456
161.1575816774
304.3022481851
1355.5289427581
608.2953213301
793.5290766321
858.6895997323
1299.1208008254
1464.0786996451
854.9557091655
1311.5547705506
1969.0092700477
1479.0374257441
1172.6444997524
1670.4770045621
1171.5639873846
1376.8118320271
199.3437370147
160.8227061404
138.6694683330
127.2917785090
116.6937383128
117.4004516937
122.5783190140
132.2873963410
147.1829011172
169.0558933265
1447.0014805980
1381.6105077469
540.0044682602
1252.9826186648
1094.7768101791
937.8782425665
1879.7986242830
1368.3348637245
1320.2472846792
1158.3513017785
1481.5383903490
1443.3642212137
1968.0465618856
224.0330404489
180.2215047491
150.0406016871
131.2914385175
120.9157016896
117.0545655799
117.8789428686
125.4485119301
140.7286384912
166.4730527223
1418.5546705200
1575.4675098529
770.5757019825
837.0839726595
1368.3529469910
1410.7890544571
742.1588016676
1694.9568748776
2167.3652960031
211.0201991917
167.7853577820
139.4384824314
123.5819578180
124.6901107514
127.0396031217
142.5702970309
360.0832379753
1243.7871974975
1124.7298577462
1558.4824490211
1779.5135719148
1325.6276578388
1032.4554912623
162.4058114064
135.5266222355
142.1458403784
153.2742728176
918.1536304759
2119.3416460809
1669.6525271454
164.3120819225
174.3150581026
116.6937383128
2453.7378905113