647.3740652898
641.8243596067
648.6387346833
666.1328744020
694.7955009645
736.5910167012
1030.6045480099
843.0586316703
859.1271251178
877.5702291086
996.5344048251
825.1083644753
807.9206305781
793.8902797084
792.9854107213
811.3050334230
854.6318328690
931.2829649456
1054.2416438262
1786.7353313411
3551.9299250889
3832.4385205392
2827.3656140312
3571.6567708243
6471.5752319357
3456.0987997935
934.0692684783
796.2136527968
714.8507153599
669.3226051260
430.0867843379
431.3889090946
441.1617633724
459.6915909048
489.3160686418
534.7733927275
1656.4958914589
1872.0157946517
1039.0206310364
1502.2635561487
1760.5008667919
2903.9047779015
674.0811227646
660.3572858820
657.4096791820
671.6952155399
707.9595557227
772.0185141353
1424.7456261623
7246.7684626098
5138.2386390279
3663.1650598020
4827.2675420906
5511.9369473541
5132.6246016158
690.6016163839
572.6205742572
501.3895719607
460.3665284857
438.6528947729
377.6604545458
381.3853590741
400.7190299561
436.9480106666
491.5125451872
942.7636634732
4271.8201941302
1926.8137043020
2499.0705469908
2712.1624324904
4108.6112408619
1485.1370194554
2662.5127056673
4088.6750771383
6180.2528954679
4630.8831353278
3671.6243688635
5230.2333980059
3633.1711982444
4339.3357292273
613.9036538782
494.2856888518
425.8190177182
390.7015754679
356.7004696878
358.3894642218
373.5898378377
402.7090763349
448.3182228541
516.2939718778
4448.1990446379
4277.6860182699
1675.2981174755
3868.6381105614
3385.6481029131
2897.9378793800
5805.2131402075
4217.8464136641
4057.7627718954
3557.0275046907
4559.5829851067
4410.9535538976
6068.7058640451
688.4785581626
553.1583823479
459.8974962629
402.0212253930
369.9515414063
357.1575603876
359.2517063421
381.9732301585
428.5820439684
507.6197478529
4299.1131159147
4800.8670051973
2342.6123209413
2551.3739243819
4158.5005926280
4280.1720304233
2258.2751817907
5126.2106986936
6580.2978270051
645.7367675960
513.3630118254
426.2828004423
377.4580173495
379.9945314547
386.8078722514
433.9305153677
1092.1951130441
3741.5908758916
3395.2919013505
4690.0865613968
5348.2405257977
3989.4011875568
3107.4838419753
495.5113524761
413.3664207193
432.6574266453
466.1222764305
2759.0966731997
6340.9543056438
4997.2545972708
500.1694646016
529.7462643513
356.7004696878
7246.7684626098