723.9008535913
719.0831359116
727.4472634252
747.3103243027
779.2986122998
825.5681545870
1124.3470493373
940.4145127150
960.4552703970
977.4246365690
1100.7073067626
926.7035039507
908.4344090229
893.2515506042
892.1770214435
911.9644066821
958.8474329093
1041.5724686363
1173.5647667702
1963.9493770705
3768.6670134764
4022.4003776438
2959.3347365532
3809.7223856847
6601.3523686092
3527.0122505966
1020.6756879029
877.3809503680
792.9822810493
746.0564780698
485.4314211061
486.9431296835
497.8507837826
518.4934163755
551.4780057667
602.0875989733
1843.7515034849
2067.6669445125
1143.1105576654
1669.1001469308
1937.6973281380
3217.6213607010
762.3165147961
747.7694255038
744.8683311121
760.9615392752
801.3627734225
872.3796886207
1604.3362197142
8106.1547195827
5724.7734671994
4091.6744369138
5373.2660842585
6198.4412994979
5653.7639500172
772.6558193975
642.4136189578
563.9290516451
518.7427779818
494.8338887884
424.1074646863
427.8888172332
448.6876252513
488.0978128270
548.6624857114
1061.0574512079
4831.8768431748
2161.1585461469
2822.6989026709
3059.8847315365
4641.3696672966
1229.3487144616
3028.9519816313
4653.4750522877
7015.2423732567
5253.6698086493
4158.6936825163
5932.6172022067
4131.2892688331
4903.9630113300
686.7145245904
553.5226886913
477.6108588294
438.6922336440
399.8047609404
401.3873594511
417.9276815578
450.1352110963
501.4336133884
578.9719526873
5086.6131358899
4880.1393610476
1902.8222546888
4418.5343410310
3863.5792613269
3307.1817875774
6635.4504885225
4820.2713982202
4639.8671944847
4064.4975487427
5209.0688777761
5048.0482573326
6933.6119327425
772.9376000331
619.9488085418
515.2285546934
450.5378669107
414.7262189468
400.5135619009
402.6825891499
428.1270472567
481.0327426167
571.6362309225
4937.1643043281
5507.7693852636
2684.3406385058
2922.7681983448
4772.9751921008
4913.9277212010
2584.1656463732
5889.0883571415
7556.7390932108
727.4982914403
576.8098186923
478.3654380867
423.4074059592
427.0101773950
434.7702933458
488.6561292584
1246.5848722323
4303.6015957203
3901.8537736050
5396.9362261463
6156.5277251485
4587.2183617111
3570.1833902717
558.2104897609
464.8090021050
487.7833698399
526.4109760644
3171.9926906610
7308.6015807778
5756.7886423632
564.8716533261
599.6400851461
399.8047609404
8106.1547195827