0.0013570076
0.0013222139
0.0013223934
0.0013508161
0.0014068942
0.0014947711
0.0025388646
0.0018333682
0.0017621388
0.0019263326
0.0022607791
0.0016431222
0.0016005207
0.0015703572
0.0015731350
0.0016219906
0.0017318522
0.0019267821
0.0022469635
0.0039852840
0.0102112648
0.0128981088
0.0092192715
0.0093691105
0.0303019715
0.0121794192
0.0023190274
0.0018672619
0.0015971773
0.0014406464
0.0008302184
0.0008313063
0.0008505179
0.0008880766
0.0009485368
0.0010409192
0.0032988825
0.0038905397
0.0022706438
0.0030378168
0.0037588681
0.0058807199
0.0012661225
0.0012330034
0.0012252475
0.0012539479
0.0013283719
0.0014620815
0.0026896255
0.0138401887
0.0100872812
0.0071331041
0.0095353292
0.0102543609
0.0107200289
0.0014117801
0.0011533664
0.0009934837
0.0009005002
0.0008507318
0.0007661440
0.0007804066
0.0008343883
0.0009283484
0.0010486841
0.0018355310
0.0077010240
0.0036986787
0.0045747804
0.0049795750
0.0074368244
0.3284340968
0.0046705555
0.0071193125
0.0108711521
0.0082238066
0.0066141546
0.0092956465
0.0064371968
0.0078727887
0.0012659527
0.0010171415
0.0008690483
0.0007924626
0.0007394156
0.0007485376
0.0007886171
0.0008565878
0.0009488637
0.0010688542
0.0076782244
0.0074060320
0.0030198558
0.0066833921
0.0058728248
0.0050381165
0.0099463483
0.0072820597
0.0070271038
0.0062226381
0.0079168605
0.0077283111
0.0104563094
0.0013912235
0.0011355636
0.0009502768
0.0008311123
0.0007646528
0.0007419639
0.0007502321
0.0007994726
0.0008886845
0.0010266089
0.0076052066
0.0083344390
0.0041694111
0.0044935544
0.0072962044
0.0075648105
0.0040513275
0.0091801129
0.0115265863
0.0012899758
0.0010454946
0.0008776073
0.0007809027
0.0007822531
0.0007966064
0.0008835755
0.0020334384
0.0068867090
0.0061375068
0.0085828952
0.0098621305
0.0073557572
0.0057667952
0.0010009476
0.0008458549
0.0008763267
0.0009359060
0.0051526311
0.0120309837
0.0095079582
0.0010022819
0.0010521882
0.0007394156
0.3284340968