0.6255161006
0.6129016457
0.6148445195
0.6287464684
0.6545470043
0.6940664995
1.1027269521
0.8360863235
0.8129010166
0.8759357445
1.0082037537
0.7686198371
0.7514709790
0.7389471640
0.7401639880
0.7610551975
0.8079577713
0.8905606079
1.0245562886
1.7516556662
4.1952126462
5.2087084349
3.7323226434
3.8731169877
11.8981010485
4.8034349183
1.0104922494
0.8289129001
0.7205737278
0.6582019541
0.3935105640
0.3941786845
0.4030306856
0.4202306993
0.4478848995
0.4901463003
1.4957522919
1.7253516252
1.0029463082
1.3724746510
1.6552544550
2.6288046778
0.6063373446
0.5932051300
0.5906815422
0.6042917380
0.6383907146
0.6987196911
1.2738715273
6.4060246000
4.6030145638
3.2827547558
4.3311200555
4.8511073519
4.7087320763
0.6518574890
0.5366449885
0.4657285495
0.4245338927
0.4025133881
0.3568424576
0.3624738715
0.3853152940
0.4259028738
0.4803992150
0.8697321586
3.7412556942
1.7248337730
2.2032359081
2.3857603187
3.5875941818
138.1148288485
2.3290756704
3.5632386828
5.3743533407
4.0522332362
3.2331067833
4.5819778449
3.2079397244
3.8097118987
0.5839599136
0.4701796780
0.4034001372
0.3689604884
0.3419584973
0.3454158926
0.3627552049
0.3932317164
0.4366607429
0.4962475536
3.9069635019
3.7438841333
1.4881040903
3.3869614759
2.9640362309
2.5409657032
5.0614940195
3.6924436953
3.5634463070
3.1368827232
4.0079110353
3.8996015755
5.3146041084
0.6488745859
0.5260628325
0.4392552244
0.3843211263
0.3538225277
0.3430676613
0.3464692562
0.3692327499
0.4123130354
0.4815521195
3.8097486841
4.2285262340
2.0826584509
2.2595808364
3.6727489185
3.7877174439
2.0139458876
4.5507185415
5.8102148047
0.6055634934
0.4866281520
0.4067537158
0.3614138477
0.3630609594
0.3699894744
0.4126201311
0.9911400063
3.3397737943
3.0217626496
4.1761437343
4.7666863080
3.5622583147
2.7834141990
0.4676414342
0.3932506433
0.4092279927
0.4388940893
2.4729349337
5.6702351836
4.4756185379
0.4696858868
0.4947770002
0.3419584973
138.1148288485