2.7673212339
2.7158927477
2.7277927771
2.7920692029
2.9088592486
3.0864519716
4.8374161299
3.6912972239
3.6183398494
3.8638399280
4.4533631403
3.4233186268
3.3451043451
3.2867253300
3.2896463937
3.3804131626
3.5869746491
3.9519814842
4.5444409891
7.8254940684
18.2970310453
22.2647812505
15.9997212099
17.1660164897
48.9872633352
20.4993755201
4.4163044851
3.6365828135
3.1721111559
2.9056545516
1.7534871309
1.7569458134
1.7969035491
1.8741663236
1.9982796025
2.1882095123
6.7825956825
7.8166559494
4.4899925756
6.2058563013
7.4712035318
11.9532452117
2.7112247126
2.6502437973
2.6372249701
2.6972669552
2.8499978281
3.1213472068
5.7384641987
29.1574454798
20.9229545826
14.8930142858
19.6965334420
22.0193987287
21.4262117464
2.9036684389
2.3890676394
2.0735326163
1.8906328773
1.7930955724
1.5833966083
1.6071505271
1.7060497430
1.8828735718
2.1239838890
3.8863211806
16.9198019088
7.8028143737
9.9525273055
10.7940783781
16.2539803565
336.2862654449
10.4659962443
16.0277229257
24.2673374679
18.2628671989
14.5668773895
20.6531353376
14.3750952995
17.2284490466
2.5962022468
2.0880079599
1.7907774030
1.6376649997
1.5138288347
1.5279700430
1.6031299000
1.7365938919
1.9290267255
2.1957836812
17.4182227349
16.7679505030
6.6654555544
15.1416113194
13.2635502279
11.3643574189
22.6372857199
16.4901748090
15.8828119013
13.9693259228
17.8789386865
17.3072191190
23.7437540368
2.8823694636
2.3344625804
1.9474920378
1.7029511183
1.5671495040
1.5170093628
1.5310239912
1.6307766742
1.8213705977
2.1292027954
16.8049797923
18.7328363765
9.2063715857
10.0085193380
16.2348703319
16.7199317481
8.9068079451
20.0368162074
25.6671032964
2.6834101075
2.1556168868
1.8006846023
1.5990616929
1.6042895235
1.6340947099
1.8221340109
4.3711162780
14.6391102729
13.2842942059
18.3117508822
20.8781363180
15.6181579038
12.2033153241
2.0680850266
1.7385798416
1.8070470902
1.9371519885
10.8281740161
24.7360446800
19.5288849278
2.0741971681
2.1828179559
1.5138288347
336.2862654449