0.3380329481
0.3310307509
0.3320852700
0.3397566164
0.3540181458
0.3758960080
0.6037735968
0.4535703137
0.4416369429
0.4752227199
0.5503432123
0.4160178233
0.4060849789
0.3987602482
0.3991657750
0.4105893524
0.4365631365
0.4825540102
0.5574787347
0.9695289652
2.3331722135
2.8802984764
2.0618617648
2.1703307463
6.5169871982
2.6648148980
0.5515348847
0.4507959912
0.3907243659
0.3561516568
0.2119176903
0.2123004331
0.2171773166
0.2266371139
0.2418474491
0.2651248478
0.8313186080
0.9634058922
0.5541834704
0.7611387161
0.9227343912
1.4703354541
0.3269446712
0.3191555050
0.3173866465
0.3246636446
0.3433892016
0.3768186499
0.6960029389
3.5617631697
2.5641074918
1.8215344444
2.4163015614
2.6777924375
2.6491256782
0.3544543783
0.2907792113
0.2516527500
0.2289619623
0.2168538070
0.1925695191
0.1956808755
0.2082172473
0.2304479133
0.2602154425
0.4723610419
2.0460091811
0.9512400549
1.2048687391
1.3079462230
1.9673094367
360.2134274667
1.2562708144
1.9231421237
2.9219056733
2.1994117248
1.7575088649
2.4884041923
1.7259004659
2.0849166283
0.3170582444
0.2547038796
0.2180729170
0.1991937018
0.1845313140
0.1864331500
0.1958821922
0.2124226230
0.2358577304
0.2677803783
2.0758074376
2.0057042634
0.8016580187
1.8078855572
1.5852467690
1.3581834639
2.6998924471
1.9664703041
1.8921937912
1.6652519743
2.1327563673
2.0575726842
2.8331281159
0.3506301199
0.2845211133
0.2374701558
0.2075898476
0.1909823312
0.1848179378
0.1866419635
0.1988495019
0.2217933660
0.2583474492
1.9866342493
2.2196760077
1.0920651478
1.1880994111
1.9211719993
1.9771385407
1.0583152529
2.3656851939
3.0350603697
0.3250718911
0.2619633898
0.2191607853
0.1947275622
0.1949743375
0.1985717131
0.2209694951
0.5210527748
1.7237150251
1.5673846514
2.1550179323
2.4549745464
1.8397556291
1.4390705855
0.2505395260
0.2111086551
0.2187415824
0.2340331769
1.2754843196
2.9000575439
2.2914150288
0.2505059460
0.2628821504
0.1845313140
360.2134274667