18.2479067193
18.3063626239
18.4840628733
18.7711840444
19.1691278561
19.6817269200
20.3812288386
20.8645045509
21.3105223080
21.6168696134
21.9011632230
22.0471367159
22.2677833872
22.5050471730
22.7898930579
23.1564383934
23.6202612990
24.1621779699
24.7207264830
25.8152703114
27.0617704185
26.8990256519
25.4942701227
25.2848464846
26.0145571176
21.9654033714
19.8713738419
19.0793730631
18.5902398839
18.3307084852
13.0106496716
13.0213780708
13.1784225741
13.4846083471
13.9617252123
14.6467458283
18.4327920330
18.6786907167
17.4935766006
19.7090397025
19.9221555166
23.7736598622
19.1605896811
19.5788541121
20.0054625099
20.5005914269
21.1019310383
21.7936100936
26.4731195821
57.1589263062
41.9053007346
36.1010214114
36.1520389438
56.9513815575
26.9678786271
16.6076229576
15.1033050501
14.1220374635
13.5104615788
13.1616479862
11.0601438763
11.0674774850
11.3446299258
11.9342194028
12.9533197513
20.0943626849
61.4013774342
24.4807238047
38.9033239342
39.1911674660
55.6073640933
3.3936125678
60.5602853757
89.5712584122
107.1926926357
88.4181337610
68.1230777622
96.0757416143
90.3996869170
61.4277551825
15.3827039296
13.2258870236
11.9997333022
11.3418151193
10.5714622133
10.5607541350
10.8651022416
11.5463855595
12.7663879784
14.8046950951
148.1022303888
114.8679811586
41.5221351388
115.3078061617
96.8428355939
84.5083584621
174.2661658128
133.7643574243
139.2927422264
125.5251951006
149.0687733988
178.8129791361
186.0016172094
19.3616073153
15.4276945315
13.0488431514
11.6686902376
10.9104580341
11.1173885768
11.1718469610
11.9069116967
13.5983329770
16.8318271985
221.8446117892
212.5667826875
110.3805819553
111.9184128574
200.9706100454
217.5567990792
103.6452140037
284.8977564033
325.4129495257
21.5451522191
16.2118967975
13.2397410042
11.7293565030
12.8077543890
13.1727588059
15.3834166907
52.0056001624
240.6418519858
197.9651158595
300.2408747584
355.5921223125
255.1488998857
197.1632968028
17.6060412744
14.0719483932
16.2184384435
18.2624484344
182.2189532163
476.9600350435
372.3044251728
19.6502039130
22.4320643841
3.3936125678
476.9600350435