0.8484972675
0.8299239945
0.8315917829
0.8497780243
0.8842849563
0.9375610616
1.5191243816
1.1332258299
1.0989464689
1.1891146065
1.3761069576
1.0360111365
1.0126260119
0.9959476592
0.9981391393
1.0271628588
1.0917140785
1.2052613488
1.3898030503
2.3822729049
5.8405520951
7.2820905019
5.2436880715
5.3722291729
16.7144648129
6.8370604267
1.3917996666
1.1360909787
0.9833280649
0.8951109248
0.5292734410
0.5300725286
0.5419412721
0.5650747704
0.6022822502
0.6590848405
1.9983770485
2.3209035949
1.3661612855
1.8418265948
2.2391911417
3.5165989641
0.8123045303
0.7946723457
0.7914778269
0.8099292157
0.8558150718
0.9369071863
1.6970570513
8.4892584374
6.1266817128
4.3676814110
5.7651874231
6.4147913986
6.3169794113
0.8796744439
0.7237852876
0.6275405824
0.5715535506
0.5415819461
0.4822292312
0.4902268057
0.5218911752
0.5777717032
0.6516010661
1.1644273890
4.9422931038
2.2922040036
2.9175890622
3.1581829353
4.7382857461
64.5629241262
3.0866682446
4.7166229345
7.0968915715
5.3643085057
4.2853363215
6.0638023963
4.2649878240
5.0365250722
0.7891095550
0.6356624472
0.5452270644
0.4985364261
0.4632023671
0.4682101168
0.4921509330
0.5337729959
0.5922763060
0.6714823682
5.2075516517
4.9701547324
1.9798186877
4.5036440050
3.9393668609
3.3793480773
6.7261219597
4.9157678272
4.7536559303
4.1907946718
5.3434805557
5.2266153760
7.0716304885
0.8762367687
0.7114342100
0.5945262872
0.5203216982
0.4791033951
0.4650902619
0.4699317995
0.5009055498
0.5588930219
0.6514455520
5.1365840905
5.6723274784
2.8034116641
3.0341151174
4.9408196563
5.1041951366
2.7115136931
6.1518074080
7.8205750287
0.8186964987
0.6586148757
0.5509522576
0.4897599269
0.4922628778
0.5017275332
0.5591997898
1.3396018645
4.5394727845
4.0922600389
5.6729696185
6.4849341127
4.8419977223
3.7845863000
0.6334215135
0.5329771760
0.5548156742
0.5949136221
3.3666955199
7.7530371621
6.1191222568
0.6366139144
0.6708231893
0.4632023671
64.5629241262