14.3393768621
14.0745570648
14.1361649067
14.4677755773
15.0700453396
15.9855308252
24.9926024263
19.0832460906
18.7281793315
19.9808170556
23.0042476511
17.7325713098
17.3332533528
17.0356648661
17.0529575377
17.5218945684
18.5862454441
20.4648400312
23.5112220268
40.3464545609
94.1666039767
114.1265757733
82.3579734396
88.2719567744
248.9707322551
105.7590531725
22.8339158862
18.8176796536
16.4248719336
15.0520578093
9.0917948923
9.1096849549
9.3159841233
9.7148966808
10.3556450519
11.3359029850
34.9451158973
40.2379382134
23.1601162521
31.9895052434
38.4715148876
61.5098958670
14.0550529905
13.7451915089
13.6812994401
13.9929923738
14.7814668318
16.1796623115
29.6637187543
150.1934650033
107.7430793637
76.7462418446
101.3903566622
113.5762509195
110.1189772565
15.0212299937
12.3689808101
10.7423245641
9.7991903262
9.2961155611
8.2039020072
8.3262892776
8.8364781339
9.7489532231
10.9937542369
20.1058823727
87.4308757487
40.2464819110
51.4261296729
55.7517937063
83.9527221178
529.9922614558
54.2422575236
83.0575174918
125.5647215432
94.5302274563
75.3736268106
106.8838056148
74.5428636579
89.0172074966
13.4328291701
10.8086233671
9.2744115866
8.4841217522
7.8423748026
7.9152123060
8.3034455891
8.9934496638
9.9895326345
11.3725526404
90.5650390159
87.0247590668
34.5472383613
78.6483859773
68.8675335844
59.0135244154
117.6101843601
85.7005883363
82.5989584027
72.6538924780
92.9371744730
90.1344691977
123.3724022098
14.9291841005
12.0881751729
10.0849440137
8.8202060150
8.1181204741
7.8613923019
7.9339451664
8.4511009316
9.4408417235
11.0428053256
87.7488131956
97.6674326104
48.0114986599
52.1627541203
84.7159543683
87.2898286801
46.4287877176
104.7057237776
133.9768861779
13.9191885756
11.1736138900
9.3314820924
8.2864614238
8.3195955775
8.4751417384
9.4548904988
22.7812778039
76.6254835256
69.4542329844
95.8543920429
109.3374822558
81.7405077697
63.8517214421
10.7315080219
9.0170575167
9.3813645187
10.0622262337
56.6858968219
129.7538513170
102.4170072000
10.7742878148
11.3484045104
7.8423748026
529.9922614558