1.1998830950
1.1754899300
1.1795568236
1.2070327062
1.2578627650
1.3357072276
2.1385075075
1.6068316847
1.5695059328
1.6840769962
1.9506283009
1.4788153065
1.4434257976
1.4172245116
1.4184701861
1.4588413406
1.5508451821
1.7138281650
1.9793365029
3.4458595720
8.2473366476
10.0930996663
7.2569152289
7.6999695676
22.3530760836
9.3860481258
1.9514253712
1.5966390048
1.3851383803
1.2635025179
0.7534992504
0.7549162891
0.7722972055
0.8059672091
0.8600902497
0.9429375636
2.9632013125
3.4334568054
1.9714198815
2.7120218283
3.2866363061
5.2431633600
1.1633838805
1.1355627082
1.1291697532
1.1549894223
1.2215706158
1.3404912642
2.4788803479
12.7031865697
9.1420276215
6.4924306930
8.6150961196
9.5464339667
9.4460391103
1.2593488705
1.0332048914
0.8943659785
0.8138865002
0.7709656413
0.6838251044
0.6947460426
0.7389757888
0.8174977550
0.9229601595
1.6790734789
7.2902893480
3.3880709080
4.2918954789
4.6607410542
7.0124512119
282.0661078223
4.4737602896
6.8498272670
10.4118841353
7.8352460195
6.2600365714
8.8642911188
6.1433068391
7.4294095617
1.1259558136
0.9043927878
0.7743580518
0.7073649468
0.6548611978
0.6614872512
0.6948289751
0.7533224053
0.8364140086
0.9498880916
7.3856125742
7.1397028058
2.8524225994
6.4344636160
5.6429227005
4.8343681094
9.6113395550
6.9992922537
6.7329279948
5.9245113872
7.5891586786
7.3179391243
10.0834438702
1.2452836430
1.0101644708
0.8429363475
0.7368022478
0.6778197471
0.6557441867
0.6621041672
0.7053092551
0.7867198804
0.9166608005
7.0613853582
7.8936770872
3.8818953933
4.2246076739
6.8308493572
7.0286094353
3.7619718382
8.4078254340
10.7904173968
1.1543506166
0.9299560565
0.7778212842
0.6909993413
0.6918026232
0.7044906105
0.7840073850
1.8508098352
6.1230769187
5.5692396834
7.6563383978
8.7212281587
6.5356861802
5.1119715333
0.8893409250
0.7491828104
0.7762708953
0.8305612647
4.5303352089
10.2987886584
8.1372535559
0.8892011480
0.9331517304
0.6548611978
282.0661078223