390.0695530701
389.2451974344
394.5007950832
405.2055865040
421.7688314379
445.2280957139
561.5748534893
500.8484845039
512.7727234056
519.0272659419
567.8760101597
502.4118648647
494.8846250388
488.3206657292
488.1615896801
497.8439997312
520.2903839611
559.1866517058
619.7510294778
977.2308404521
1690.5394096980
1761.2935418451
1298.3654631535
1705.7610232202
2704.7999078174
1421.7206801144
515.1266177739
454.0507625877
418.2392463548
398.6941407585
267.5559464864
268.3870319953
274.0659894302
284.7979713454
301.9283156887
328.1534170427
940.5125183122
1025.8512457132
571.5077290751
850.2056817416
955.3162740170
1606.2458996837
421.2184631830
415.5503777199
415.1586399753
424.0972285009
445.1594001047
481.2439816126
863.2758347234
4192.2450580208
2920.9108331029
2113.2371202304
2728.7053185839
3283.0829609176
2751.7920531567
412.5056311242
346.7637746536
307.2153741566
284.4004732475
272.3028109078
230.7695400103
232.2900897599
242.2955598769
261.8524550950
293.4595074407
575.8275341864
2628.3501767060
1137.7198588262
1529.7684099854
1648.2433842891
2507.4686570681
281.2362302711
1698.0679311454
2609.8814845236
3876.1856831894
2904.8572215320
2286.6344413547
3276.9361386622
2321.1437086919
2659.6067987907
367.3095827152
297.7470628097
258.5578516161
238.4745925952
216.7133596476
217.1968134271
225.4972370776
242.3670512877
270.4140110108
314.3779541608
2933.4795433917
2774.7879444396
1064.3959752980
2528.2187121836
2202.2107484527
1886.1826964632
3806.0360297233
2768.2850632109
2676.1800129546
2341.4495626849
2992.5332218103
2936.2494375865
3976.7284732288
419.5373295339
334.8213174466
278.2030982287
243.7579722933
224.7706951710
217.8224005497
218.8518298475
232.7829128210
262.7470440132
315.5077777944
2924.8981039124
3236.0827945810
1574.9033049467
1709.0975999528
2816.0737113492
2906.3039221960
1508.4116072478
3500.4467331429
4468.6712658715
401.2586554527
315.2010661844
260.4194808902
230.3422606523
234.2068554107
238.8175783058
270.2489682508
723.7285620184
2580.8233923509
2325.5746800461
3238.9118948121
3703.2884799015
2746.8960014310
2132.3020005092
308.6048757989
255.3576395915
270.9298495138
294.3093498488
1901.0260021188
4433.0033123791
3484.8946583886
315.6428882004
338.1646526613
216.7133596476
4468.6712658715