4.3270934062
4.2474484950
4.2657120721
4.3649406111
4.5452724741
4.8193631858
7.5127181980
5.7652078710
5.6399958584
6.0341471372
6.9256689615
5.3469342886
5.2293092832
5.1418990247
5.1482431389
5.2893766099
5.6083423710
6.1703212028
7.0802801412
12.0760935794
28.2011839975
34.5131647450
24.7849883438
26.2834756694
76.8144713160
31.6531904835
6.8756470586
5.6709530024
4.9530563404
4.5410738113
2.7454556081
2.7506640422
2.8124675138
2.9321233042
3.1243563042
3.4183111488
10.4476897542
12.0027125794
6.9268280478
9.5663101612
11.4770467024
18.3463022776
4.2423096916
4.1516607718
4.1339961964
4.2283718155
4.4651846767
4.8839540411
8.9216591453
44.9336352779
32.2012545157
22.9718001301
30.2915380098
34.0721453127
32.7777141014
4.5250178103
3.7296556676
3.2414468065
2.9581900244
2.8069791334
2.4771962701
2.5140661847
2.6678080184
2.9428898019
3.3181729868
6.0637269114
26.3110508325
12.0769188639
15.4747126613
16.7609024411
25.2376469047
327.2021810611
16.3846788110
25.0866290786
37.8477023408
28.5038135893
22.7176385838
32.2272410149
22.5314870171
26.7814050256
4.0491897156
3.2603436154
2.7991463973
2.5614957501
2.3686253882
2.3906881466
2.5079513699
2.7164703039
3.0177713022
3.4366810057
27.4667239888
26.3404702525
10.4406408449
23.8242463979
20.8502921901
17.8692727145
35.6299182340
25.9723821412
25.0503122432
22.0343543377
28.1711716388
27.3746166902
37.3830444782
4.5061738067
3.6480681155
3.0440861331
2.6630804795
2.4516367938
2.3755869705
2.3977513430
2.5544967788
2.8547604814
3.3415299400
26.7226787084
29.7009063723
14.6028932847
15.8560906926
25.7805099855
26.5730193924
14.1123858616
31.9011690231
40.7839008436
4.2086042928
3.3763273345
2.8193016732
2.5037729853
2.5160270801
2.5636927074
2.8617796078
6.9246999488
23.3836284510
21.1735748214
29.2509904347
33.3799702404
24.9389334841
19.4759579575
3.2467168758
2.7269481476
2.8402374821
3.0483274856
17.2998379524
39.6653886800
31.3006399842
3.2633114620
3.4404589557
2.3686253882
327.2021810611