0.0043097341
0.0042040023
0.0042086386
0.0043029210
0.0044855732
0.0047701365
0.0080180006
0.0058389174
0.0056309122
0.0061305980
0.0071798311
0.0052576609
0.0051203576
0.0050210144
0.0050266889
0.0051804004
0.0055300518
0.0061517747
0.0071715952
0.0127381148
0.0321481394
0.0403481799
0.0288300493
0.0296318111
0.0939573237
0.0378019071
0.0073146023
0.0059011844
0.0050571268
0.0045690585
0.0026491195
0.0026532223
0.0027155968
0.0028371570
0.0030328995
0.0033325533
0.0107182043
0.0125693689
0.0072477867
0.0098275548
0.0120899023
0.0191157814
0.0040706735
0.0039617895
0.0039342575
0.0040256478
0.0042666976
0.0047012763
0.0087772824
0.0455934677
0.0330482401
0.0233711630
0.0311855092
0.0339478447
0.0347754246
0.0045185960
0.0036852470
0.0031715470
0.0028734953
0.0027143535
0.0024354558
0.0024798671
0.0026500588
0.0029477589
0.0033343540
0.0059674599
0.0256058580
0.0121058940
0.0151191939
0.0164503856
0.0246887954
48.5201249813
0.0154884805
0.0236781550
0.0362698973
0.0273082673
0.0219040514
0.0309178029
0.0212776065
0.0261275314
0.0040438936
0.0032408045
0.0027652872
0.0025200124
0.0023433338
0.0023714353
0.0024978475
0.0027138051
0.0030103238
0.0034009616
0.0251817664
0.0245336751
0.0099164003
0.0220206372
0.0193541805
0.0165681335
0.0328148652
0.0239020785
0.0229640172
0.0202216916
0.0259250523
0.0248402586
0.0344596028
0.0044374096
0.0036137523
0.0030184976
0.0026368582
0.0024243520
0.0023441356
0.0023697057
0.0025253702
0.0028091537
0.0032492290
0.0236996753
0.0266087156
0.0131162963
0.0143011768
0.0229672147
0.0235968799
0.0127569564
0.0281450917
0.0362312374
0.0040794872
0.0033077998
0.0027751560
0.0024680534
0.0024611084
0.0025054891
0.0027766466
0.0063214205
0.0203939159
0.0186165350
0.0254589010
0.0289583491
0.0217854571
0.0170793482
0.0031436207
0.0026605913
0.0027395800
0.0029194382
0.0150986800
0.0339975924
0.0269110634
0.0031236428
0.0032592107
0.0023433338
48.5201249813