0.5152010710
0.5045219790
0.5059581040
0.5173286192
0.5385657584
0.5711737449
0.9135549554
0.6893535511
0.6693522139
0.7224610134
0.8329361178
0.6321393730
0.6178725654
0.6074955631
0.6085303979
0.6258762541
0.6647960365
0.7333699761
0.8447179107
1.4479105671
3.4940829404
4.3484742685
3.1160247900
3.2209414556
9.9742854510
4.0223385790
0.8370509269
0.6853306386
0.5947815478
0.5426082031
0.3231926178
0.3237272990
0.3310138889
0.3451835399
0.3679703784
0.4027923377
1.2320843632
1.4237568808
0.8285713134
1.1310442392
1.3670740832
2.1676814392
0.4976332091
0.4867000695
0.4845651631
0.4957545915
0.5238524422
0.5736169822
1.0464426430
5.2704216640
3.7906469882
2.7021397479
3.5676885297
3.9861190907
3.8881065738
0.5366662963
0.4415066508
0.3828981747
0.3488477108
0.3306428385
0.2935560388
0.2982756600
0.3172611293
0.3509237100
0.3959038954
0.7149711313
3.0697031553
1.4184213777
1.8085335252
1.9587985558
2.9441686041
112.3765760212
1.9080041478
2.9189617146
4.4052018225
3.3219884625
2.6518779379
3.7567017563
2.6285828886
3.1265594904
0.4808398994
0.3870612709
0.3319549235
0.3035309412
0.2814879476
0.2844032910
0.2987853789
0.3239705003
0.3596946246
0.4084839134
3.1967787220
3.0650101389
1.2199492936
2.7718663114
2.4263048552
2.0801185821
4.1414266097
3.0214903634
2.9157451345
2.5672966687
3.2802013700
3.1902543835
4.3490003784
0.5337982682
0.4329868027
0.3615919065
0.3163538257
0.2912327446
0.2823791986
0.2852240112
0.3039792818
0.3393259636
0.3959446502
3.1142117562
3.4569881767
1.7035488845
1.8482513345
3.0023963988
3.0963110265
1.6479025951
3.7198062490
4.7491339177
0.4977444287
0.4002895899
0.3347125984
0.2974452476
0.2986785631
0.3043699131
0.3392728331
0.8117563397
2.7295965424
2.4700386563
3.4125634182
3.8949822560
2.9116555996
2.2756322149
0.3844268073
0.3234465240
0.3363668242
0.3605915088
2.0214815695
4.6325244509
3.6570493228
0.3858663042
0.4062407807
0.2814879476
112.3765760212