672.9409060209
667.3650623137
674.5512609013
692.7765621904
722.5598660682
765.9371389462
1067.3861165083
875.9927771705
893.0120122379
911.6501354371
1033.9657518624
858.2479741417
840.5172193270
826.0070621839
825.0600450021
844.0058969220
888.8225438638
968.0773181598
1095.1124286699
1852.4156378278
3663.4434039146
3946.4607219983
2910.6126436235
3686.9229546453
6635.8429713536
3545.6445401082
967.6293829677
825.8484874084
742.1927044711
695.4232006160
447.6997991051
449.0609916855
459.2163330085
478.4659334110
509.2384822835
556.4564974137
1720.4791516990
1942.0727705351
1077.4217159087
1559.9749200691
1825.5539171524
3014.1120274757
701.8861222324
687.7366932770
684.7310801585
699.5982429728
737.2715817726
803.7681489265
1482.5534662409
7532.2695269127
5337.3401974401
3806.9305163902
5013.7055299835
5733.7850048120
5322.7570871872
717.9125321023
595.5174418744
521.6416531927
479.0971032815
456.5791446037
392.8263683428
396.6443445225
416.6257284300
454.1293210598
510.7822505500
980.9135161437
4447.7376327419
2003.5704413278
2601.4601576301
2822.7092077042
4277.0224059120
1487.5474284266
2774.6737866928
4261.2865244117
6438.2019829551
4823.8550044256
3823.8111476525
5448.2143007269
3786.1687873336
4517.1817204779
638.1688094083
513.9128383468
442.8363146435
406.3824168640
370.9195285083
372.6322014333
388.3684249714
418.5872578198
466.0380212059
536.9105032584
4639.7509271585
4460.0008153034
1745.4664256889
4034.3903151830
3530.1431786080
3021.7614496174
6054.6245514618
4399.0205984547
4232.5586563893
3709.8195201237
4755.2008053378
4601.4389455988
6328.9895737112
716.0941072915
575.1968677970
478.1939110407
418.0370441263
384.7083215545
371.4253057092
373.5779123855
397.2021247368
445.7627226544
528.2359901599
4487.5526054759
5010.3881101363
2444.3726206869
2662.0572105434
4340.1660528356
4467.4196141120
2355.8211056701
5351.2405264522
6868.5677044484
672.0107506773
534.0298793817
443.3589778647
392.5548089815
395.3033198937
402.4060331783
451.5598612077
1138.9136153659
3906.7023328326
3544.3619620608
4897.3627871351
5584.7708073113
4165.2161868729
3244.0851511368
515.6727742888
430.0621288483
450.3181640593
485.2777960414
2880.6510837775
6623.0576888142
5219.2916391805
520.7265231342
551.7165965944
370.9195285083
7532.2695269127