577.2040822895
571.8942046447
577.7469329964
593.2109712186
618.6966861778
655.9554670962
924.9664646717
751.9446705727
765.4052260499
783.1669938361
890.9324846416
734.3011283570
718.8867258048
706.3844900065
705.6657580218
722.1676368969
761.0856572306
829.9339407988
940.4855772055
1596.4950894657
3208.4833807092
3477.3437999559
2568.7470745849
3215.9975749095
5940.1693620676
3162.0070706407
838.3873294266
712.9722358617
638.8947470494
597.3574056389
382.3345068818
383.4727120751
392.1664302752
408.6654674764
435.0483567892
475.5242715108
1473.0990538086
1667.8603065582
928.2519594523
1337.1634822647
1570.6415299325
2584.0819102884
598.7108430875
586.4323465705
583.7990583020
596.5224376253
628.8193913031
685.8906468854
1265.1028444881
6434.1938271712
4566.7334012529
3255.0297184777
4290.9364704904
4889.7877590750
4572.2285505052
615.0199170733
509.7161199084
446.0804835651
409.4182821412
390.0051169085
336.2595535722
339.6777249643
357.1099788334
389.6638663784
438.3683768137
838.1020324941
3787.1592044514
1711.1115494817
2216.4357228116
2405.5195790024
3642.6665023527
1541.0611026636
2360.0012432341
3623.3178370754
5476.3578869936
4105.2818249166
3256.1218730823
4636.7278546321
3222.2813625823
3847.5015852718
546.8794322399
440.2937094734
379.2051370011
347.8646782436
317.8217290649
319.4111647533
333.0807796612
359.1338137227
399.7271630490
459.9701915348
3943.8785774970
3791.5701885160
1486.1008682800
3429.2141434231
3001.0751385809
2569.0345892136
5144.8146624058
3738.9952500105
3598.0325817328
3154.5906182290
4043.0282165789
3912.7313492500
5379.8312000253
612.9497012982
492.7109813701
409.7231575242
358.1656246047
329.5932957205
318.2495132741
320.1739037150
340.4498905050
381.8692958900
451.9231627071
3814.1304013574
4257.5722037769
2078.5787838896
2263.2424013164
3688.5960431281
3797.1641683335
2004.2692125251
4548.7366522059
5837.1899698830
574.7033566237
457.1530010023
379.7324420310
336.2910679449
338.4924517597
344.5670578730
386.4008977927
970.1024053883
3321.0712243067
3012.9232677081
4162.4448246898
4746.9511557767
3541.1124853720
2758.8146229176
441.1299536684
368.1482993866
385.1897730213
414.8642249496
2449.5383564808
5629.0924732312
4436.8005533533
445.1400490750
471.3089313898
317.8217290649
6434.1938271712