6.0874097132
5.9741569715
6.0003820853
6.1419697660
6.3992374183
6.7904629975
10.6484322351
8.1161694625
7.9620309847
8.4970625608
9.7967246142
7.5315865319
7.3589394664
7.2299591702
7.2360917262
7.4358398840
7.8907923768
8.6949658329
10.0004962110
17.2352575127
40.2963569751
48.9022759342
35.2038797715
37.8269916467
106.9803760985
45.1850372566
9.7192133189
8.0018803950
6.9789078258
6.3920651398
3.8564508331
3.8641189912
3.9521375504
4.1222905557
4.3956192303
4.8139391471
14.9462032563
17.2266859526
9.8862949874
13.6719401598
16.4619843702
26.3484950649
5.9640432804
5.8291807913
5.8000801338
5.9320421667
6.2683103640
6.8660701561
12.6345251310
64.2698199654
46.1186155675
32.8191491826
43.4181251905
48.5195767131
47.2433491063
6.3887627581
5.2555902881
4.5608880435
4.1582651739
3.9435914612
3.4821504948
3.5344625111
3.7521092154
4.1411810475
4.6716380852
8.5522297306
37.2651423285
17.1882650247
21.9169082187
23.7749164716
35.8044343513
464.9669363623
23.0318737792
35.2725137585
53.4329074772
40.2057396867
32.0708735705
45.4686678037
31.6259470223
37.9470030850
5.7112644255
4.5926443575
3.9384637609
3.6015314600
3.3288181677
3.3599439335
3.5252671574
3.8187709024
4.2418524225
4.8282054941
38.2904595305
36.8829170700
14.6642951846
33.2967700970
29.1724944817
24.9925110484
49.7812289510
36.2577073452
34.9137871604
30.7051303849
39.3077552727
38.0239763128
52.2106955300
6.3391950581
5.1341343907
4.2828375272
3.7448444467
3.4460965443
3.3353332711
3.3661265143
3.5853623929
4.0041341434
4.6802860342
36.8888284969
41.1444234773
20.2151449921
21.9829321265
35.6472734773
36.7049649332
19.5608666227
43.9717212277
56.3530903493
5.8991668281
4.7393951521
3.9591051653
3.5157647284
3.5265323842
3.5919152921
4.0047777751
9.5984275826
32.1052898794
29.1467310747
40.1623789272
45.7828815365
34.2534173548
26.7659966453
4.5455760566
3.8216800529
3.9711605309
4.2565054031
23.7450838640
54.2090062987
42.8007247610
4.5577362610
4.7953134999
3.3288181677
464.9669363623