0.7083834571
0.6942314131
0.6967676938
0.7130457584
0.7430475206
0.7889272521
1.2576657850
0.9476632235
0.9266368465
0.9928898407
1.1491331266
0.8737817893
0.8530390294
0.8376492860
0.8383701262
0.8620810635
0.9161233991
1.0118235128
1.1676231179
2.0289321531
4.8320600023
5.9000538329
4.2447242770
4.5174623425
13.0550730973
5.4837393342
1.1478373666
0.9403121338
0.8166184137
0.7455168159
0.4456440519
0.4464934174
0.4567535767
0.4766198005
0.5085491551
0.5574235035
1.7479824792
2.0232966958
1.1613254912
1.5996154393
1.9359901534
3.0909262402
0.6883226669
0.6720297187
0.6683234828
0.6835876653
0.7228678268
0.7929656076
1.4652040149
7.4987052509
5.3935088548
3.8317570799
5.0813823679
5.6402630377
5.5634069887
0.7435272999
0.6103249341
0.5285743108
0.4811897922
0.4559210047
0.4040078080
0.4103803702
0.4363304530
0.4824670462
0.5446319923
0.9921953733
4.3117831002
2.0009389933
2.5379276415
2.7555233392
4.1467332161
224.8449993165
2.6493044653
4.0567440868
6.1626556699
4.6373138272
3.7038548914
5.2459775610
3.6379662837
4.3932726743
0.6647311476
0.5340367832
0.4573904089
0.4179057581
0.3867499692
0.3906010896
0.4101925969
0.4446485024
0.4937455940
0.5610034068
4.3793054297
4.2307664590
1.6886684132
3.8141080555
3.3442551274
2.8649545881
5.6979966478
4.1496353511
3.9924237019
3.5127244999
4.4990709929
4.3406419276
5.9776005434
0.7356864875
0.5965876061
0.4977876314
0.4351366021
0.4003245905
0.3873115340
0.3910297833
0.4165357986
0.4647328075
0.5418418112
4.1925962518
4.6849824415
2.3034321012
2.5065505429
4.0550044003
4.1728846810
2.2315335683
4.9930648929
6.4064487751
0.6824590187
0.5494970508
0.4594865960
0.4081628425
0.4087823356
0.4162942116
0.4634527723
1.0972985369
3.6377693118
3.3076520015
4.5491843289
5.1825439819
3.8825778361
3.0362742422
0.5257845065
0.4427502436
0.4590079548
0.4912809271
2.6912802058
6.1229683690
4.8372124096
0.5259833258
0.5522526916
0.3867499692
224.8449993165