0.2871038426
0.2810488251
0.2818937773
0.2883996525
0.3005388411
0.3191885212
0.5152155606
0.3856455347
0.3752618945
0.4041465262
0.4687527805
0.3531134157
0.3445692596
0.3382757480
0.3386064009
0.3483652239
0.3705761471
0.4099356712
0.4741192026
0.8272552797
2.0001723953
2.4714311934
1.7688191800
1.8601896404
5.5995836049
2.2904234275
0.4704446602
0.3839600405
0.3323835377
0.3026874162
0.1796335040
0.1799556444
0.1841052219
0.1921563677
0.2051034030
0.2249199107
0.7082925873
0.8220406425
0.4726024397
0.6485228011
0.7875532260
1.2543035142
0.2770663706
0.2703480940
0.2687894652
0.2749564057
0.2908934772
0.3193895571
0.5910821546
3.0328154651
2.1848803292
1.5510886902
2.0595570382
2.2768549722
2.2629242487
0.3011922530
0.2468915211
0.2135204541
0.1941691397
0.1838438639
0.1634227837
0.1660974248
0.1768176447
0.1958006183
0.2211435930
0.4009975123
1.7364256952
0.8090969364
1.0227958831
1.1107327306
1.6703188476
342.5491363944
1.0636232845
1.6281539424
2.4767225115
1.8641873054
1.4902860731
2.1094075482
1.4609305493
1.7697943455
0.2693942125
0.2163304469
0.1851333667
0.1690544162
0.1566561806
0.1582959987
0.1663607741
0.1804424434
0.2003295536
0.2273260900
1.7531133139
1.6960823468
0.6788678673
1.5279026744
1.3402537928
1.1481876533
2.2811532623
1.6613564877
1.5979120866
1.4064489127
1.8017462965
1.7360741374
2.3938054770
0.2976055628
0.2415873586
0.2016436231
0.1762487093
0.1621306864
0.1568626492
0.1584241650
0.1687858036
0.1881985429
0.2190353063
1.6730209128
1.8710811859
0.9206684667
1.0020022573
1.6187162146
1.6653491930
0.8925692673
1.9914897824
2.5564869479
0.2755719326
0.2222403048
0.1859866511
0.1652648709
0.1653740040
0.1684107754
0.1873076687
0.4397648644
1.4495990368
1.3190579851
1.8120813161
2.0638340597
1.5473052081
1.2107139991
0.2123550211
0.1790296716
0.1853413247
0.1981928247
1.0727365851
2.4353992489
1.9247470539
0.2121400220
0.2224462835
0.1566561806
342.5491363944