6.0076166441
5.8943315276
5.9194640786
6.0589898197
6.3131454247
6.7000392851
10.5428837128
8.0136874611
7.8593951234
8.3909641743
9.6862865330
7.4290696972
7.2572721833
7.1291077422
7.1350648595
7.3329829754
7.7839374278
8.5814192667
9.8769701348
17.0590782585
40.0162403246
48.5852390496
34.9756578793
37.5698912323
106.2666714619
44.9857864593
9.6192759455
7.9118523936
6.8946882734
6.3109732677
3.8009089175
3.8084326445
3.8953732576
4.0634711811
4.3335155332
4.7468333341
14.7736175704
17.0467199577
9.7851344574
13.5162362177
16.2973020210
26.0652098115
5.8765870622
5.7422459606
5.7128839835
5.8429496390
6.1751298376
6.7661516886
12.4611512557
63.4795871858
45.5787211164
32.4209170916
42.9176560785
47.8735062587
46.7782630769
6.3059201879
5.1850498954
4.4977903326
4.0994914792
3.8871292488
3.4345765394
3.4866117398
3.7023107982
4.0875068915
4.6115831499
8.4335742017
36.7261744169
16.9655817628
21.6047428779
23.4422567253
35.2977762669
462.9391984289
22.6705450253
34.7181658174
52.6251877553
39.5991659088
31.5946891652
44.7843281653
31.1316249239
37.4039065962
5.6370965875
4.5320763847
3.8854877043
3.5524481326
3.2841753299
3.3152054130
3.4788445628
3.7688628494
4.1860255350
4.7629026601
37.6463671798
36.2822336363
14.4375618116
32.7473434143
28.6941159012
24.5840053197
48.9500023630
35.6537847812
34.3281435645
30.1940101264
38.6535730325
37.3775815340
51.3412028725
6.2530051875
5.0656602536
4.2259011063
3.6948146882
3.3998478636
3.2902647406
3.3208038652
3.5370525856
3.9493117115
4.6138048950
36.2345194216
40.4226986193
19.8655816157
21.6046643688
35.0191381444
36.0560295005
19.2281609975
43.1857226878
55.3515946410
5.8152672057
4.6740660938
3.9052884893
3.4681490404
3.4776705980
3.5419553530
3.9478338519
9.4394413344
31.5246322913
28.6253628399
39.4315926578
44.9456749747
33.6359900924
26.2876073529
4.4808400664
3.7683864028
3.9139905756
4.1939810587
23.3185675996
53.2085426079
42.0136022003
4.4908351756
4.7230180827
3.2841753299
462.9391984289