1.0622193365
1.0405573160
1.0441244155
1.0684391998
1.1134498670
1.1823996917
1.8946487133
1.4222815374
1.3895154195
1.4908376884
1.7272561096
1.3089921777
1.2776028224
1.2543685552
1.2554659718
1.2912397209
1.3727754549
1.5172305346
1.7525910732
3.0526822305
7.3125067510
8.9386734555
6.4335256266
6.8268053780
19.7869586247
8.3272051440
1.7287518596
1.4141142735
1.2265426833
1.1186595148
0.6668185247
0.6680730063
0.6834647725
0.7132812574
0.7612102803
0.8345774217
2.6243622666
3.0416938976
1.7464328211
2.4019698109
2.9118352971
4.6446046424
1.0295146537
1.0048280117
0.9991374651
1.0219867023
1.0809450412
1.1862749186
2.1943540690
11.2493974417
8.0967954001
5.7495310672
7.6303969473
8.4519517611
8.3693660152
1.1148644130
0.9145613895
0.7915855681
0.7203029625
0.6822881018
0.6052598445
0.6149497735
0.6541491209
0.7237197685
0.8171047318
1.4862296282
6.4525493561
2.9997250405
3.7988040777
4.1255850842
6.2071251222
269.3255844736
3.9583172905
6.0606425953
9.2140046054
6.9335674944
5.5400755747
7.8443819692
5.4354687400
6.5758508049
0.9967610600
0.8005744301
0.6854214731
0.6260969591
0.5796505039
0.5855327516
0.6150719945
0.6668696496
0.7404064333
0.8407728255
6.5323719200
6.3159141288
2.5239028405
5.6916411785
4.9917651031
4.2762560546
8.5015404220
6.1910093081
5.9550778665
5.2401621415
6.7125644240
6.4716667538
8.9189663499
1.1022305896
0.8941684818
0.7461451812
0.6521856223
0.5999684825
0.5804098588
0.5860480951
0.6242896369
0.6963089093
0.8112082366
6.2432391084
6.9798049543
3.4325553524
3.7357904548
6.0395519660
6.2142927926
3.3267443244
7.4332319349
9.5404786879
1.0215625257
0.8230670014
0.6884480313
0.6116088522
0.6122658658
0.6234867447
0.6938037545
1.6368385004
5.4125417724
4.9234313710
6.7677805440
7.7088746624
5.7773491470
4.5191837313
0.7870168325
0.6630339278
0.6869201324
0.7349028934
4.0046957985
9.1020338386
7.1919477209
0.7867932217
0.8255876289
0.5796505039
269.3255844736