0.5303576612
0.5190607418
0.5205710606
0.5325829692
0.5550407950
0.5895719091
0.9545529799
0.7123206665
0.6934524369
0.7468086051
0.8670818019
0.6520726863
0.6361636513
0.6244536626
0.6250476261
0.6431364747
0.6843314705
0.7573671671
0.8765374185
1.5326120631
3.7153510306
4.5808257213
3.2852075223
3.4566765413
10.3169584221
4.2625346219
0.8711486371
0.7104163673
0.6145554639
0.5593488784
0.3314390453
0.3320347148
0.3397114315
0.3546053586
0.3785568710
0.4152195994
1.3110738106
1.5231829968
0.8755945703
1.2005081349
1.4596788176
2.3235612798
0.5111526752
0.4986250290
0.4956820933
0.5070574476
0.5365309997
0.5892808030
1.0917273381
5.6108560627
4.0440602533
2.8695952836
3.8128027640
4.2080030807
4.1958638160
0.5564747951
0.4559463481
0.3941647296
0.3583423950
0.3392311577
0.3016963621
0.3066712495
0.3265455653
0.3617045229
0.4085518746
0.7403502534
3.2054749271
1.4954667930
1.8883070541
2.0513462070
3.0845874619
475.0867693182
1.9608063245
3.0015605922
4.5691061829
3.4390393049
2.7500274266
3.8915361511
2.6931248832
3.2678232975
0.4976745132
0.3995513989
0.3418421747
0.3121010034
0.2892444212
0.2922974266
0.3072287607
0.3332594994
0.3699480982
0.4196489838
3.2272951376
3.1247092979
1.2515935132
2.8138441520
2.4687276631
2.1149050166
4.2007253387
3.0592461592
2.9418263860
2.5893774402
3.3176254543
3.1947462638
4.4081870037
0.5494608411
0.4461230307
0.3723615294
0.3254389709
0.2993505057
0.2895797415
0.2924724371
0.3115931985
0.3473518317
0.4040628274
3.0755408284
3.4411047859
1.6932951381
1.8432566554
2.9762073771
3.0616312670
1.6422334133
3.6602306680
4.6998801763
0.5084249773
0.4101909023
0.3433292147
0.3050853633
0.3051786185
0.3107609438
0.3455199091
0.8092772524
2.6627474044
2.4237942564
3.3285832739
3.7902937724
2.8426391914
2.2246028456
0.3917443285
0.3303558802
0.3418336789
0.3654217541
1.9705841455
4.4706310795
3.5335983650
0.3911550766
0.4099768245
0.2892444212
475.0867693182