5.0117343738
4.9187726246
4.9405937367
5.0573756369
5.2694082144
5.5917645682
8.7657869531
6.6829974987
6.5570625895
6.9963861441
8.0678995514
6.2023212694
6.0598885605
5.9534119101
5.9582671625
6.1226402151
6.4972453470
7.1595152418
8.2347714321
14.1993870547
33.1765649902
40.2485836237
28.9680488869
31.1640957373
88.0004929845
37.1463465146
7.9987930682
6.5861849413
5.7447909362
5.2621833314
3.1758315917
3.1821735175
3.2547014227
3.3948866254
3.6200682149
3.9647173260
12.3181854092
14.1997765007
8.1473263720
11.2679189333
13.5684072026
21.7207897997
4.9119049937
4.8005857214
4.7764605711
4.8850948784
5.1621177731
5.6546686866
10.4088818425
52.9741735855
38.0143935138
27.0494131777
35.7878296684
39.9842340874
38.9490006248
5.2617912242
4.3282456883
3.7560078773
3.4243865414
3.2475842534
2.8673589596
2.9103560892
3.0894441897
3.4096576107
3.8464617751
7.0436378986
30.7020005281
14.1633303646
18.0566746945
19.5886899558
29.5009256531
440.1107009275
18.9689387268
29.0522177719
44.0169521815
33.1189505778
26.4178467561
37.4545424044
26.0455715971
31.2633949801
4.7035776427
3.7821057419
3.2432555413
2.9657244899
2.7409481167
2.7664971061
2.9025273251
3.1441108457
3.4924720869
3.9753942551
31.5260620793
30.3718723808
12.0763361027
27.4184405680
24.0217648390
20.5801739258
40.9894707106
29.8541131100
28.7455807044
25.2808764670
32.3637449025
31.3013120735
42.9896150750
5.2203146769
4.2279053339
3.5267714123
3.0836624725
2.8375873286
2.7461994420
2.7714746514
2.9519074544
3.2966565501
3.8533316285
30.3611654182
33.8667019808
16.6399801003
18.0951194043
29.3402345967
30.2087785420
16.1006645939
36.1862089901
46.3816524914
4.8573050553
3.9024654662
3.2599443580
2.8948354762
2.9034935178
2.9572423698
3.2970535381
7.9003918375
26.4174588128
23.9861121685
33.0471617701
37.6680702422
28.1839610945
22.0247547627
3.7425241852
3.1465508685
3.2693688342
3.5041421633
19.5388691007
44.6003921632
35.2148205235
3.7522286198
3.9475640031
2.7409481167
440.1107009275