0.2361059147
0.2311026233
0.2317805442
0.2371177066
0.2470893708
0.2624159324
0.4239414165
0.3172811439
0.3085054232
0.3325013682
0.3855939415
0.2902808569
0.2832628758
0.2780988061
0.2783810997
0.2864153398
0.3046898336
0.3370693912
0.3898702822
0.6799824081
1.6467683032
2.0385902205
1.4579671554
1.5297183617
4.6359648375
1.8874198166
0.3871978747
0.3159351064
0.2734329420
0.2489568426
0.1476586851
0.1479206720
0.1513294654
0.1579455792
0.1685857381
0.1848703463
0.5818152398
0.6752482018
0.3884089677
0.5327713039
0.6470295608
1.0302207881
0.2277064648
0.2221916431
0.2209159785
0.2259875990
0.2390869855
0.2625060427
0.4856622607
2.4907482730
1.7945762926
1.2741746947
1.6916059058
1.8702686061
1.8586660254
0.2476215754
0.2029762661
0.1755329212
0.1596170720
0.1511236338
0.1343760436
0.1365824738
0.1454128374
0.1610438097
0.1818925660
0.3296605269
1.4265602232
0.6647021518
0.8403204181
0.9125074919
1.3721368923
306.0025013447
0.8739549721
1.3377916472
2.0347559473
1.5316330446
1.2244956686
1.7331166504
1.2005688018
1.4541076832
0.2215053297
0.1778813023
0.1522279774
0.1390052224
0.1288320947
0.1301873496
0.1368297677
0.1484205111
0.1647773457
0.1869656842
1.4409027194
1.3938974913
0.5579507867
1.2556394582
1.1014521948
0.9435998148
1.8747237031
1.3654292844
1.3133787751
1.1559571281
1.4808291606
1.4270524964
1.9672640883
0.2446992091
0.1986546780
0.1658178702
0.1449383730
0.1333305498
0.1290081877
0.1302982039
0.1388251752
0.1547895802
0.1801370644
1.3754792569
1.5380960504
0.7568826086
0.8236837398
1.3306309277
1.3690427388
0.7338147684
1.6372870192
2.1017209715
0.2265937552
0.1827531893
0.1529493768
0.1359135238
0.1360072987
0.1385084769
0.1540472619
0.3615783546
1.1919156697
1.0844815981
1.4899349804
1.6969364052
1.2723088148
0.9955560991
0.1746286022
0.1472318648
0.1524231461
0.1629909993
0.8820759986
2.0026560982
1.5827628852
0.1744536413
0.1829284629
0.1288320947
306.0025013447