0.0000000016
0.0000000016
0.0000000016
0.0000000016
0.0000000017
0.0000000018
0.0000000031
0.0000000022
0.0000000021
0.0000000023
0.0000000028
0.0000000020
0.0000000019
0.0000000019
0.0000000019
0.0000000020
0.0000000021
0.0000000023
0.0000000027
0.0000000049
0.0000000128
0.0000000163
0.0000000116
0.0000000117
0.0000000387
0.0000000153
0.0000000029
0.0000000023
0.0000000019
0.0000000017
0.0000000010
0.0000000010
0.0000000010
0.0000000011
0.0000000011
0.0000000013
0.0000000041
0.0000000048
0.0000000028
0.0000000038
0.0000000047
0.0000000073
0.0000000015
0.0000000015
0.0000000015
0.0000000015
0.0000000016
0.0000000018
0.0000000033
0.0000000173
0.0000000126
0.0000000089
0.0000000119
0.0000000128
0.0000000134
0.0000000017
0.0000000014
0.0000000012
0.0000000011
0.0000000010
0.0000000009
0.0000000009
0.0000000010
0.0000000011
0.0000000013
0.0000000022
0.0000000096
0.0000000046
0.0000000057
0.0000000062
0.0000000092
0.0000275587
0.0000000057
0.0000000088
0.0000000135
0.0000000102
0.0000000082
0.0000000115
0.0000000079
0.0000000098
0.0000000015
0.0000000012
0.0000000010
0.0000000010
0.0000000009
0.0000000009
0.0000000009
0.0000000010
0.0000000011
0.0000000013
0.0000000092
0.0000000090
0.0000000037
0.0000000081
0.0000000071
0.0000000061
0.0000000120
0.0000000088
0.0000000084
0.0000000074
0.0000000095
0.0000000091
0.0000000126
0.0000000017
0.0000000014
0.0000000011
0.0000000010
0.0000000009
0.0000000009
0.0000000009
0.0000000010
0.0000000011
0.0000000012
0.0000000086
0.0000000097
0.0000000048
0.0000000052
0.0000000083
0.0000000085
0.0000000047
0.0000000102
0.0000000131
0.0000000015
0.0000000012
0.0000000010
0.0000000009
0.0000000009
0.0000000009
0.0000000010
0.0000000023
0.0000000074
0.0000000067
0.0000000092
0.0000000104
0.0000000079
0.0000000062
0.0000000012
0.0000000010
0.0000000010
0.0000000011
0.0000000055
0.0000000123
0.0000000097
0.0000000012
0.0000000012
0.0000000009
0.0000275587