2.5089018470
2.4621974556
2.4728712465
2.5309888963
2.6366582975
2.7973693025
4.3837476916
3.3467929832
3.2787312916
3.5031245429
4.0356752181
3.1026068767
3.0320390354
2.9794272428
2.9822527804
3.0645434816
3.2516005487
3.5820090404
4.1181736345
7.0831050598
16.5715661258
20.1992919836
14.5072083003
15.5287582353
44.5869306947
18.5808387245
4.0036583239
3.2969419533
2.8759216946
2.6343564982
1.5896179419
1.5927251890
1.6288865699
1.6988295691
1.8111887804
1.9831106496
6.1349505705
7.0684722886
4.0635704516
5.6143040506
6.7570473176
10.8071025984
2.4573639667
2.4024420479
2.3908562855
2.4453277397
2.5836219953
2.8291721240
5.1963637040
26.3701977808
18.9219556467
13.4724163955
17.8111986036
19.9240052619
19.3658127293
2.6310910069
2.1652288453
1.8795102024
1.7138650932
1.6255125592
1.4355285587
1.4570799921
1.5467537347
1.7070661816
1.9255707509
3.5214300288
15.3190210603
7.0616165155
9.0112833874
9.7714949619
14.7131468611
315.2064279286
9.4844223693
14.5232595733
21.9787160250
16.5429795587
13.1940446410
18.7075009925
13.0294724489
15.5978473496
2.3528529222
1.8925953828
1.6233765021
1.4846815151
1.3725945379
1.3854451604
1.4536188271
1.5746564567
1.7491475286
1.9910257560
15.8004893377
15.2019887457
6.0414072954
13.7309931171
12.0264642488
10.3046766840
20.5285703949
14.9559633824
14.4084333639
12.6731247652
16.2170477557
15.7078017932
21.5333817484
2.6129003102
2.1162141657
1.7655270926
1.5439407800
1.4208937937
1.3756607116
1.3884123100
1.4789299325
1.6518722276
1.9312553099
15.2648105489
17.0072712230
8.3596784423
9.0859021166
14.7433233775
15.1862088758
8.0865373220
18.2042514682
23.3110049213
2.4335759028
1.9546845489
1.6328105762
1.4500223581
1.4550788798
1.4821922483
1.6529465776
3.9690532536
13.3076242147
12.0715931072
16.6459935034
18.9816580841
14.1969659719
11.0922240645
1.8758845704
1.5768708624
1.6394034937
1.7576866182
9.8440240372
22.5007750159
17.7630414419
1.8819587563
1.9809719871
1.3725945379
315.2064279286