10.1125184142
9.9226943062
9.9657917226
10.2014692799
10.6302320393
11.2826639037
17.7469822889
13.4798491565
13.2375271226
14.1165950950
16.3044580205
12.5113210890
12.2209096150
12.0039316542
12.0131502075
12.3460531225
13.1055190571
14.4490859189
16.6321678054
28.7571583351
67.3562429921
81.4577964644
58.7636599632
63.3486052525
176.8099585251
75.6573304419
16.1840498195
13.3132369076
11.6031951951
10.6220886995
6.3999968686
6.4128466249
6.5594988394
6.8429114897
7.2981695189
7.9950600557
24.9281714503
28.7705789476
16.4993747241
22.8034579186
27.4989831944
43.9991322181
9.8979523762
9.6704622539
9.6202066109
9.8389998086
10.3988151233
11.3953964633
21.0061613366
107.1342255784
76.9250677105
54.7029338243
72.4361922174
80.7646261079
78.9817405562
10.6200589929
8.7312084679
7.5734611006
6.9026419399
6.5450712365
5.7813457402
5.8687184431
6.2313563690
6.8791239937
7.7611573956
14.2044676207
61.9232403533
28.6119142491
36.4252406165
39.5298864873
59.5268927950
577.5795191002
38.1961515811
58.4981017077
88.7095435736
66.7403404208
53.2520761802
75.4835561551
52.4361509118
63.0700019998
9.4915451627
7.6298196144
6.5407522340
5.9798981090
5.5270364507
5.5790017480
5.8540379004
6.3417269665
7.0436022549
8.0146428108
63.3680665017
61.1037174004
24.3158526720
55.1376939667
48.3200729376
41.3966651061
82.4219610605
60.0243242158
57.7804358764
50.8188289862
65.0685097492
62.8852377423
86.4448326742
10.5266583561
8.5272310350
7.1129973272
6.2186457336
5.7219260870
5.5364859119
5.5875856949
5.9511227150
6.6444972176
7.7622911063
60.9161585076
67.9913321641
33.4083909099
36.3397713300
58.8876420093
60.6221723849
32.3379325535
72.5924519413
93.0722197680
9.7863404496
7.8660382359
6.5720041039
5.8360814377
5.8510338371
5.9588359920
6.6411652436
15.8712130244
52.9610537754
48.1059612754
66.2462327995
75.5041816370
56.5100277582
44.1662096619
7.5390161509
6.3403844588
6.5840536529
7.0543362248
39.1707210761
89.3361106731
70.5448307199
7.5541834463
7.9433703465
5.5270364507
577.5795191002