13.7500195620
13.4890091538
13.5465283256
13.8672669273
14.4518251390
15.3420429989
24.2086948993
18.3318240470
18.0104551911
19.2026639718
22.2073988515
17.0087772235
16.6094669901
16.3111123886
16.3225462705
16.7768027861
17.8145927132
19.6519757775
22.6398108900
39.2576269077
92.1742402917
111.2604810937
80.3707126063
86.7671411511
240.2215282324
103.7597241683
22.0656420291
18.1342341103
15.7923830988
14.4485052673
8.6916594956
8.7091995345
8.9090883379
9.2953320839
9.9157951116
10.8657484000
34.0164414065
39.3033753679
22.5177315162
31.1137272111
37.5674610493
60.1051545940
13.4423586812
13.1286232903
13.0577823290
13.3546799077
14.1173776788
15.4770315795
28.5822930134
146.1410389866
104.9884306287
74.6089894349
98.8856042587
110.0310284344
108.0069487841
14.4478125433
11.8710606635
10.2918208683
9.3769601898
8.8894142777
7.8558081211
7.9754401879
8.4703982513
9.3537357693
10.5545449863
19.3120503639
84.2317235716
38.9805603913
49.5498167696
53.7958219764
81.0080291224
669.6676249848
51.8494912998
79.4118378541
120.5504163934
90.6843042960
72.3778595178
102.5700658295
71.1614286152
85.8045181344
12.9098500997
10.3740600601
8.8901516231
8.1260328405
7.5109567324
7.5821553948
7.9569562895
8.6205624618
9.5738116400
10.8899970747
85.8304544616
82.8581355956
33.0065697987
74.7301296508
65.5087653490
56.1178203574
111.6977756098
81.3302676730
78.2586850021
68.8312854535
88.1595634328
85.1038015479
117.1403923918
14.3060742430
11.5912592194
9.6685602826
8.4518064030
7.7759213633
7.5219338971
7.5915182076
8.0850991574
9.0248127750
10.5370489015
82.3028332942
91.9404974061
45.1746586269
49.1556002033
79.5954431267
81.9174247175
43.7441684132
98.0434627349
125.7805139119
13.2864076706
10.6846972652
8.9285864265
7.9289386671
7.9451841016
8.0907762405
9.0136248117
21.4739532927
71.4632055952
64.9532417661
89.3862856788
101.8499752861
76.2630205006
59.6151453923
10.2328867946
8.6089871244
8.9336799204
9.5678579217
52.8547474354
120.4037228268
95.0939651423
10.2462799947
10.7675765087
7.5109567324
669.6676249848