0.8531616601
0.8359401326
0.8389010841
0.8584703674
0.8946164814
0.9499394676
1.5182745806
1.1415353201
1.1160657785
1.1962846939
1.3854977461
1.0518811975
1.0267771299
1.0081715907
1.0090421308
1.0376860947
1.1029762464
1.2186245942
1.4069787081
2.4479760245
5.8455432114
7.1359185503
5.1380148138
5.4628612493
15.7632877146
6.6480990229
1.3854859360
1.1341540089
0.9843349201
0.8981902776
0.5361361710
0.5371539026
0.5495157679
0.5734551665
0.6119333854
0.6708339221
2.1068178591
2.4403757580
1.4008833192
1.9281690106
2.3356482822
3.7273388918
0.8279501096
0.8082161969
0.8036940095
0.8220600126
0.8693919627
0.9539079650
1.7635835482
9.0346807718
6.5003863865
4.6168843668
6.1252162218
6.7912005523
6.7128116039
0.8954213610
0.7347746793
0.6361672983
0.5790126315
0.5485340723
0.4863109879
0.4940354643
0.5253918772
0.5810932462
0.6560117650
1.1942504451
5.1880672762
2.4097314502
3.0540194733
3.3163132658
4.9902323323
246.0030764491
3.1851114007
4.8769073326
7.4115353720
5.5770934663
4.4553906842
6.3095322348
4.3732709015
5.2867006030
0.8005143312
0.6430326115
0.5506417401
0.5030465305
0.4656201306
0.4702970310
0.4939474122
0.5354833076
0.5945656547
0.6753609804
5.2602664792
5.0839969762
2.0303667938
4.5823056147
4.0183554288
3.4425110548
6.8452826616
4.9850053914
4.7956331327
4.2194080910
5.4048147255
5.2125185827
7.1811591574
0.8855839834
0.7182707735
0.5993368371
0.5238825319
0.4819535915
0.4662566833
0.4707554284
0.5014624470
0.5593957567
0.6519597605
5.0315180229
5.6238320368
2.7653584619
3.0094288356
4.8670143905
5.0081096186
2.6796303495
5.9914238532
7.6884048880
0.8211298949
0.6613578563
0.5531006973
0.4913414122
0.4919740302
0.5009989042
0.5576255523
1.3179634995
4.3636814793
3.9686014713
5.4566919715
6.2158479613
4.6576762983
3.6427927870
0.6326000088
0.5328151263
0.5521928946
0.5908896063
3.2285493120
7.3415075059
5.8003860922
0.6326273141
0.6640201097
0.4656201306
246.0030764491