0.0019277358
0.0018755183
0.0018748788
0.0019158474
0.0019975593
0.0021261788
0.0036782955
0.0026283624
0.0025171849
0.0027632369
0.0032580922
0.0023369407
0.0022727370
0.0022269011
0.0022297842
0.0023008995
0.0024624891
0.0027504319
0.0032246114
0.0057987595
0.0150692290
0.0191332978
0.0136243055
0.0138026799
0.0454181221
0.0180298198
0.0033547147
0.0026847568
0.0022843082
0.0020521016
0.0011693392
0.0011709112
0.0011987975
0.0012533380
0.0013412504
0.0014758351
0.0048134909
0.0056869508
0.0032891170
0.0044203025
0.0054866555
0.0086219818
0.0017912327
0.0017401353
0.0017265901
0.0017670487
0.0018752881
0.0020715505
0.0038875968
0.0203759696
0.0148282596
0.0104609948
0.0140202045
0.0150751527
0.0157921555
0.0020196573
0.0016412401
0.0014074318
0.0012717042
0.0011991866
0.0010836531
0.0011049542
0.0011841973
0.0013216477
0.0014966121
0.0026496603
0.0112885871
0.0053983238
0.0066759937
0.0072731415
0.0108956544
7.7985916601
0.0067596395
0.0103333465
0.0158881925
0.0119716469
0.0096278667
0.0135639716
0.0092941602
0.0115361502
0.0018084735
0.0014473460
0.0012323951
0.0011214522
0.0010456682
0.0010594212
0.0011177827
0.0012159565
0.0013479780
0.0015179174
0.0108950167
0.0106603873
0.0043421676
0.0095502765
0.0084048478
0.0071997719
0.0142090385
0.0103490683
0.0099241324
0.0087550804
0.0112333663
0.0107196625
0.0149341450
0.0019749751
0.0016122657
0.0013475086
0.0011767105
0.0010814989
0.0010454084
0.0010575884
0.0011273345
0.0012518786
0.0014414115
0.0101519188
0.0114294657
0.0056477678
0.0061590076
0.0098520599
0.0101144769
0.0055063824
0.0120434519
0.0155204768
0.0018066121
0.0014706964
0.0012361752
0.0011000961
0.0010943965
0.0011139187
0.0012312928
0.0027425182
0.0086974811
0.0079607914
0.0108533815
0.0123306600
0.0092975240
0.0073030306
0.0013924678
0.0011818562
0.0012123464
0.0012887373
0.0064482533
0.0144252826
0.0114327282
0.0013784341
0.0014331839
0.0010454084
7.7985916601