74.9298847642
73.5904304691
73.9561192225
75.7367686747
78.9416804254
83.7995253293
130.6954448382
99.4274052901
98.3332805576
104.1744226771
120.3394283038
93.0071984247
90.8405815648
89.2060504753
89.2462914457
91.6848370655
97.2789435348
107.1856737000
123.2788368856
213.5577153505
493.4429561377
583.9440086835
425.9066256982
467.9702544949
1210.7240892636
549.2087396310
118.9876378971
98.1294951747
85.7140061679
78.6038451193
47.6113287472
47.7146840904
48.8108703019
50.9232079881
54.3142674489
59.5077709567
186.4288374596
215.0071239360
122.7344499661
170.3652163043
205.1934030504
329.3051869474
73.7628383202
72.0553300890
71.6678741006
73.2878958812
77.4516327124
84.8711901853
156.8462866930
802.3984680833
575.7206270431
409.1184476079
542.1117425425
604.4552681388
590.9008878714
78.8586481710
64.8492703649
56.2793553836
51.3190522649
48.6783720179
42.8815825835
43.5108092164
46.1585529867
50.9028309277
57.4132247749
105.6220531517
463.0422860177
213.7123175123
272.1731092348
295.5838109596
445.4357410086
1170.8219968304
285.2556298264
437.0663964914
663.4122179118
498.7840251016
397.8011829624
564.0583705256
391.1868456616
471.5944159846
70.4045213511
56.5784522415
48.5088555897
44.3566643121
40.9348623080
41.3018847799
43.3115598105
46.8954397365
52.0873107610
59.3148204951
472.3208203521
455.9255281765
181.2610682343
411.2740121131
360.5042977214
308.7900968124
615.0615869630
447.6960477366
430.7201341893
378.6730527288
485.1128694917
468.2350732588
644.7716572301
78.1038101164
63.2198889496
52.7093727544
46.0725843352
42.3875852561
40.9865148775
41.3491778440
44.0264420432
49.1642275808
57.4820530790
452.9750807839
506.1439546088
248.4475074080
270.4205031001
438.1474518744
450.8868032628
240.5071454409
539.6162656205
692.4757337679
72.5918356099
58.3035652864
48.6845952072
43.2178609471
43.3201136881
44.1086426251
49.1704923316
117.8259461761
393.2336820504
357.4324798679
492.0077150646
560.6210254481
419.6402258514
327.9145627977
55.8731955330
46.9619380608
48.7693428101
52.2587729358
290.7278269724
662.7876333842
523.3568589088
55.9847381616
58.8742565382
40.9348623080
1210.7240892636