0.0002740027
0.0002665734
0.0002664781
0.0002722985
0.0002839115
0.0003021932
0.0005228609
0.0003735528
0.0003577557
0.0003927342
0.0004631659
0.0003320890
0.0003229614
0.0003164554
0.0003168771
0.0003269964
0.0003499752
0.0003909167
0.0004583428
0.0008249495
0.0021433814
0.0027207283
0.0019378668
0.0019642074
0.0064611316
0.0025646071
0.0004769443
0.0003816658
0.0003247156
0.0002916913
0.0001661875
0.0001664092
0.0001703716
0.0001781228
0.0001906175
0.0002097463
0.0006842924
0.0008089681
0.0004676467
0.0006279589
0.0007800338
0.0012240446
0.0002544887
0.0002472357
0.0002453202
0.0002510736
0.0002664544
0.0002943386
0.0005516052
0.0028937976
0.0021070149
0.0014863818
0.0019920584
0.0021405072
0.0022490662
0.0002870927
0.0002332882
0.0002000437
0.0001807445
0.0001704326
0.0001540336
0.0001570623
0.0001683288
0.0001878682
0.0002127346
0.0003766717
0.0016028142
0.0007668854
0.0009479264
0.0010327056
0.0015460380
1.0100937463
0.0009598891
0.0014671061
0.0022557556
0.0016982901
0.0013671071
0.0019251815
0.0013191420
0.0016394038
0.0002570777
0.0002057440
0.0001751833
0.0001594085
0.0001486482
0.0001506039
0.0001589015
0.0001728565
0.0001916155
0.0002157488
0.0015459181
0.0015124669
0.0006166049
0.0013553988
0.0011926276
0.0010218237
0.0020166134
0.0014690717
0.0014092519
0.0012431898
0.0015949744
0.0015228545
0.0021185889
0.0002807135
0.0002291858
0.0001915587
0.0001672790
0.0001537425
0.0001486211
0.0001503523
0.0001602657
0.0001779624
0.0002048836
0.0014429555
0.0016235989
0.0008029540
0.0008750652
0.0014008627
0.0014377803
0.0007830177
0.0017136496
0.0022048821
0.0002568159
0.0002090759
0.0001757416
0.0001563964
0.0001555972
0.0001583714
0.0001750562
0.0003897325
0.0012387427
0.0011326937
0.0015454751
0.0017569585
0.0013244180
0.0010399264
0.0001979821
0.0001680338
0.0001723874
0.0001832548
0.0009186224
0.0020562525
0.0016288321
0.0001960172
0.0002038273
0.0001486211
1.0100937463