282.4130032326
279.4229081390
281.9415876684
289.1677200800
301.2600106661
319.0374532387
454.4532806262
367.0225917596
371.5159655385
382.8213191837
434.3235056592
356.7814267894
349.7361161164
344.1316867324
344.1236480254
352.3230400488
371.2478945905
404.5096391978
457.7337952075
764.6074482886
1569.5874186512
1734.1836216600
1288.3276186275
1543.8193045319
3103.3892678719
1608.3845382307
413.9330414361
351.0327083417
313.7776745880
292.7689691674
185.9572352662
186.4602836884
190.6033961640
198.5032424663
211.1466678212
230.5119808831
695.4906448870
785.1909697917
444.4390203814
633.3041443379
742.6798242835
1212.5654878386
290.3466879111
284.8852399081
283.9206215015
290.1839205676
305.6922751994
332.8779220825
606.7112368294
3034.8900680071
2151.7552651253
1539.7808401503
2018.9186433127
2322.8368412619
2135.6183527859
297.9185096461
247.4312194987
216.7943215639
199.0970448219
189.6988634933
163.9611976818
165.7236367094
174.3828666611
190.4490216402
214.1336385960
405.8360468706
1814.0328833700
813.8552584696
1061.7000935848
1149.2676401618
1739.3714784999
1472.7392905337
1143.1556398851
1754.0205847927
2634.9283344921
1978.4487710234
1568.2779466175
2234.4053498756
1565.4758149924
1842.4064468574
265.4970909500
214.1569737839
184.6733577688
169.5344648895
155.2630000597
156.1429662497
162.9442333060
175.7791461101
195.5984039137
224.8499048883
1932.5900973618
1846.4462205969
721.4030083017
1674.2096395726
1463.0115636070
1253.1868117557
2512.2042056093
1828.1749294275
1763.3704714592
1546.8053634247
1978.8819890798
1926.5890411145
2629.3991686983
298.4344173124
239.9617964845
199.7186437196
174.7394338038
160.9137825900
155.7102477028
156.7584452080
166.7884173850
187.1416156301
221.5343297765
1892.2318147319
2102.7685661335
1027.9846600999
1117.0541852189
1825.8609797122
1882.1345409865
990.0130377575
2260.5464458279
2891.8575947514
281.0663912502
223.3783042071
185.5750246365
164.4334804795
165.8930531343
168.9938002097
189.6925360624
479.9133206338
1657.9272163623
1499.7028208001
2077.6791291351
2372.0763355365
1767.0469682208
1376.1289222499
216.2110174280
180.3593300964
189.1840252953
204.0174869879
1223.6228050626
2823.9675979112
2224.7101411497
218.7574945541
232.0984677198
155.2630000597
3103.3892678719