179.4557076233
177.1860229303
178.5727032995
183.0550211463
190.7103326051
202.0634537232
295.1810273806
234.5242423218
235.6950949724
245.0301398524
278.9405464793
225.5031682832
220.8772114074
217.2596870713
217.3050263837
222.6895101761
235.0680886764
256.8559946483
291.8568458095
491.3652662375
1047.8508949522
1182.1832290400
875.1720533397
1014.1340989267
2236.4824719501
1101.0985166850
269.0299269445
226.3410209173
201.0114251781
186.6513383631
117.0122497696
117.3090162284
119.9324718938
124.9515739683
132.9917823956
145.3029631349
441.4998440027
500.9944659191
284.5523149474
402.4642193931
475.0800701320
771.8445623587
182.2793649592
178.6839908063
178.0102886237
181.9676033164
191.8359742809
209.1957377426
382.2025872098
1919.7836262827
1365.1070460303
975.5252849892
1281.8722332322
1464.4563418275
1365.4926205597
189.0188148381
156.6132798738
136.8958548779
125.4964763008
119.4367544161
103.7824441005
105.0187393602
110.7677823668
121.3140695017
136.5117244710
256.4256694372
1139.0528457525
514.3745420870
667.3507217540
722.8070460610
1092.6932583877
1386.8150188290
714.4491041016
1095.7730677476
1649.4104216094
1239.0833127691
983.6533509098
1399.8690445775
978.9994782250
1157.6408161943
168.5797223537
135.8741579492
117.0057652071
107.3120413894
98.5069688661
99.1640074030
103.6337817773
111.9204232734
124.4761404897
142.7087121588
1202.9349623841
1151.5748784810
451.7478816222
1043.0541570305
912.0450888621
781.2711667858
1563.8439058467
1138.2570792992
1097.4567231480
963.2353695789
1232.5342955402
1198.0582440321
1637.6083293922
188.8976698014
152.1571080885
126.7095492147
110.8444402220
102.0583251429
98.7633178508
99.4951606733
105.8929683793
118.6704534867
140.0212584585
1173.1719776616
1304.8958207223
638.6361871824
694.1238342531
1132.4591159807
1167.0607382907
615.7701462131
1400.7930582257
1792.8341186479
177.3729149571
141.3428536153
117.5826692700
104.2450151563
105.0177418055
106.9783984877
119.8772855869
299.3282632967
1026.2111686755
929.0987974411
1285.4985125268
1467.0997168253
1094.0278274012
852.6568858256
136.4949986928
114.0822001614
119.3836517067
128.5493796719
757.7353573882
1744.3087889487
1374.8581332969
137.7925345000
145.8932751749
98.5069688661
2236.4824719501