3.3394892447
3.2773823145
3.2918178372
3.3695654249
3.5108056749
3.7255798481
5.8430012020
4.4545449578
4.3688021708
4.6633836356
5.3775019671
4.1321762875
4.0372509712
3.9663244389
3.9696081909
4.0792099827
4.3289397291
4.7704322021
5.4872668540
9.4619396902
22.1249922919
26.8732814645
19.3303245417
20.7747418330
58.8927347275
24.7779234580
5.3323211753
4.3899488647
3.8286245178
3.5066308520
2.1156982754
2.1199059047
2.1682176962
2.2616104383
2.4116332313
2.6412440276
8.2058899777
9.4597366257
5.4287406034
7.5064947095
9.0401666939
14.4687173296
3.2719569803
3.1977849314
3.1817211157
3.2541088295
3.4386840641
3.7668615333
6.9335264886
35.2833859079
25.3207928900
18.0178073041
23.8387163088
26.6315070833
25.9462706706
3.5059213410
2.8837931418
2.5024098255
2.2813814352
2.1635344181
1.9105349249
1.9392327098
2.0586762535
2.2722075324
2.5633585507
4.6926965145
20.4488753161
9.4347366428
12.0272236683
13.0471395048
19.6485890062
381.5958347408
12.6343898248
19.3498378555
29.3158575688
22.0582528788
17.5957228104
24.9465040263
17.3483409410
20.8234187581
3.1341542745
2.5201458938
2.1610427255
1.9760796044
1.8264529954
1.8435201852
1.9342358968
2.0952919761
2.3274434359
2.6491451941
20.9979491208
20.2298175458
8.0443108473
18.2615412108
15.9993101393
13.7074520380
27.3007755953
19.8840689375
19.1461590728
16.8384488617
21.5563975929
20.8496237309
28.6330456889
3.4783173847
2.8172070135
2.3500689831
2.0548093130
1.8908345597
1.8299777459
1.8468535278
1.9671165695
2.1968182466
2.5676193259
20.2218127065
22.5570051283
11.0836007108
12.0529339447
19.5421686894
20.1214355036
10.7249279865
24.1031934728
30.8919288181
3.2363539449
2.6003109029
2.1722580650
1.9289990270
1.9347434773
1.9705697590
2.1969456383
5.2629142412
17.5965959570
15.9763179504
22.0114570432
25.0911916743
18.7746217230
14.6707567806
2.4936760790
2.0966617627
2.1784271881
2.3348045213
13.0144814237
29.7064731430
23.4551480585
2.5000666870
2.6301298656
1.8264529954
381.5958347408