93.7014327869
92.0728760299
92.5577129888
94.7995109904
98.8130034115
104.8838866765
162.6653813794
124.1200128550
123.0325099236
130.0327494752
150.0936669096
116.4674860885
113.7729407079
111.7324532950
111.7744855115
114.8020423922
121.7555979339
134.0679096469
154.0552800875
266.5032502439
611.2664768256
718.6582916202
525.6757109102
581.4526434590
1472.6022110064
677.0881157582
148.0557433572
122.3072998780
106.9858078102
98.2193453352
59.6831492550
59.8157301202
61.1885466884
63.8314763300
68.0733097905
74.5703131368
233.3478878031
268.8391995193
153.3011774192
213.1806421516
256.3982010625
411.9783563356
92.5247688115
90.4009992786
89.9216620040
91.9499262073
97.1569411684
106.4297831716
196.6156707670
1005.2251413100
720.7593565647
512.3228092280
678.5701254104
757.7258692204
738.5927003083
98.6633523438
81.1779098583
70.4888080734
64.3034688197
61.0116155714
53.6733650494
54.4468674420
57.7291579625
63.6223159112
71.7458944818
132.2748361320
580.9206951915
267.7248472594
341.3692824309
370.6958113643
558.8242349401
1227.2610299900
358.2210120531
548.9294260063
832.9241267074
626.1215708783
499.1863220166
708.0078587687
491.1384230656
591.5890034598
88.0640074250
70.7797791729
60.7029760045
55.5191271756
51.2052334509
51.6526207437
54.1480088167
58.6135216082
65.1091136787
74.1869471480
593.6274785701
572.8044985329
227.4869188057
516.8297311633
452.9635383285
387.9925284898
773.0920736764
562.6777234586
541.3751720119
475.8726317533
609.6308173274
588.5798273176
810.3003295302
97.7612611359
79.0965143971
65.9360999253
57.6348376226
53.0265278564
51.2707214433
51.7160796435
55.0602296306
61.5017316859
71.9601089778
569.7708168100
636.5433018543
312.3581255604
339.9845735180
551.1006729736
567.1925475314
302.2910671429
678.8723199017
871.0856727217
90.9189214635
72.9768307983
60.9165306060
54.0685067150
54.2124837221
55.1988092218
61.5567213582
147.9770855521
494.8159802320
449.6755801565
619.1830513412
705.6027789340
528.0171606016
412.5046661811
69.9689175126
58.7820045572
61.0757942023
65.4680754813
365.7808327695
834.4280610587
658.8027616782
70.1433851509
73.7984324862
51.2052334509
1472.6022110064