0.6513014981
0.6381849617
0.6404599364
0.6554024318
0.6829898350
0.7252055234
1.1583245227
0.8716064746
0.8519448772
0.9133638236
1.0574784971
0.8030709846
0.7839361297
0.7697519373
0.7704191365
0.7922691831
0.8420691860
0.9302721634
1.0739091342
1.8677333185
4.4583769468
5.4460262134
3.9182818637
4.1654193584
12.0587094764
5.0662475901
1.0571259567
0.8655113374
0.7512925077
0.6856219343
0.4094012226
0.4101773149
0.4196117223
0.4378826771
0.4672498698
0.5122024069
1.6078012848
1.8619097851
1.0688290502
1.4713940492
1.7818448389
2.8438623432
0.6322398012
0.6172030095
0.6137662833
0.6277918618
0.6639189959
0.7284157154
1.3463673792
6.8953241575
4.9604578390
3.5236662753
4.6740296540
5.1841630105
5.1209625963
0.6835967151
0.5609984631
0.4857451893
0.4421257065
0.4188640848
0.3713280696
0.3772192309
0.4011467426
0.4436586189
0.5008556652
0.9118589995
3.9612138890
1.8395287654
2.3317803916
2.5319455978
3.8098542404
213.8550005729
2.4325258881
3.7246005892
5.6594975779
4.2588105937
3.4020506596
4.8180906066
3.3400918020
4.0365208009
0.6111665765
0.4909561940
0.4204350078
0.3841050438
0.3555257972
0.3590926015
0.3771446556
0.4088566953
0.4539801455
0.5157072269
4.0184622154
3.8833712320
1.5507134474
3.5002662307
3.0693435219
2.6294402361
5.2292297312
3.8079500250
3.6634183908
3.2232001206
4.1288269788
3.9824417522
5.4857026182
0.6761923199
0.5484222241
0.4576134537
0.4000077681
0.3679973741
0.3560244084
0.3594587669
0.3829102087
0.4271672110
0.4978969306
3.8446951470
4.2971321926
2.1128812721
2.2993227835
3.7188654903
3.8267973289
2.0474091312
4.5784454161
5.8751074956
0.6270607400
0.5050155503
0.4223392695
0.3751792843
0.3756877963
0.3825856678
0.4258542906
1.0069285233
3.3350006236
3.0328023570
4.1703488523
4.7507798640
3.5595153170
2.7838894996
0.4831017782
0.4068796015
0.4217154730
0.4512946976
2.4673265792
5.6114035488
4.4334173598
0.4831659402
0.5071826138
0.3555257972
213.8550005729