0.6135088407
0.6012392529
0.6034264705
0.6175169291
0.6434938134
0.6832222920
1.0893407735
0.8208812061
0.8024712869
0.8600764255
0.9953142834
0.7566930014
0.7387334661
0.7254121098
0.7260433355
0.7465849078
0.7933957930
0.8762871677
1.0112336795
1.7570712833
4.1864647137
5.1144097000
3.6783428952
3.9123307915
11.3365020298
4.7512672812
0.9942788084
0.8144709697
0.7072964614
0.6456879985
0.3859268869
0.3866604001
0.3955441621
0.4127469311
0.4403960133
0.4827174959
1.5134990445
1.7518187700
1.0056129787
1.3850652937
1.6762899166
2.6762403065
0.5960543389
0.5819496629
0.5787442750
0.5919652504
0.6259818084
0.6866840886
1.2687558125
6.4924770518
4.6697792652
3.3176549703
4.3997934718
4.8835471066
4.8170193970
0.6439276856
0.5285651653
0.4577592112
0.4167171348
0.3948297320
0.3499034027
0.3554279991
0.3779148095
0.4178902632
0.4717408016
0.8592953598
3.7335819943
1.7326627225
2.1975086750
2.3859351732
3.5903872467
208.2865548267
2.2941130465
3.5128905069
5.3360276978
4.0153625106
3.2070798953
4.5424157319
3.1501210938
3.8040549327
0.5757073014
0.4625209865
0.3961376186
0.3619391528
0.3349725046
0.3383133000
0.3552900583
0.3851419856
0.4276700669
0.4859176739
3.7923377853
3.6636953584
1.4624084505
3.3028283449
2.8957871253
2.4809677675
4.9341948442
3.5933396033
3.4574843799
3.0417852301
3.8961358598
3.7589484078
5.1760775873
0.6371543534
0.5166984400
0.4311358409
0.3768763516
0.3467269326
0.3354639329
0.3386893008
0.3607859011
0.4025318311
0.4693103759
3.6309494391
4.0569871708
1.9949132668
2.1706600898
3.5116956973
3.6138081773
1.9327041885
4.3241107726
5.5478525974
0.5910617074
0.4759181432
0.3979678124
0.3535199285
0.3540597483
0.3605695952
0.4014142607
0.9503429995
3.1505222799
2.8647079281
3.9398769236
4.4883790877
3.3624388382
2.6295233765
0.4553834294
0.3834748834
0.3975568502
0.4255091168
2.3308404318
5.3029568081
4.1892744285
0.4555572246
0.4783098926
0.3349725046
208.2865548267