267.5080228280
264.6884289027
267.0725816843
273.9041038338
285.3327285677
302.1306521888
429.7854049543
347.5548200876
351.7098675449
362.5059219356
410.9091084110
337.9018569809
331.2833223635
326.0189180504
326.0303255730
333.7855858730
351.6618464606
383.0612351922
433.2757345050
722.3685471067
1481.4211037125
1637.8311216272
1217.1468289023
1455.4620176778
2937.5887999158
1517.5695850408
391.6812697527
332.2960002317
297.1204999028
277.2844563147
176.1959839413
176.6706831887
180.5878093664
188.0579570704
200.0137227841
218.3234069380
657.0246548888
741.2455244544
419.8873505943
598.3424419128
701.1233719759
1144.6818850554
275.0875410901
269.9686542596
269.0856250018
275.0242345071
289.6921715539
315.3813505424
574.1959599878
2867.6790156596
2032.5338482191
1455.1107220842
1906.7474348476
2196.6480112791
2014.6283962841
282.0245123012
234.3097856088
205.3513094267
188.6209575678
179.7347570203
155.3243944455
156.9898893630
165.1801197287
180.3803794081
202.7954347181
384.3192592270
1717.0899071134
769.6110033133
1004.8967777610
1087.5139953651
1645.9531392578
1439.5555277895
1083.3445867848
1662.2120888215
2495.4493914870
1873.9298850240
1485.1718506470
2116.2758320021
1483.8263752803
1743.8054219065
251.3674920926
202.8017732707
174.9159376764
160.5970437519
147.0830173878
147.9151001055
154.3531396666
166.5077560385
185.2866198293
213.0196146513
1833.6398674550
1750.8377354554
683.6887159392
1587.9369382525
1387.4007657694
1188.4645764392
2382.8772120662
1734.2275682394
1673.1059004687
1467.6181913907
1877.3037409032
1828.7409735218
2494.1370556235
282.6804358756
227.2717560811
189.1628227722
165.5172892802
152.4317021126
147.5277027055
148.5227407076
158.0316679316
177.3375193490
209.9815864034
1797.5647896800
1996.7597270973
976.1800249572
1060.5758644299
1734.1627774380
1787.8518553567
939.9821799121
2147.8453320046
2746.8880600535
266.3801638869
211.6523781995
175.8189965378
155.7896680064
157.2178035260
160.1667511988
179.8203160627
455.6168373289
1575.9620838381
1425.1453597229
1974.9894793627
2255.0798165238
1679.6037035536
1307.9156064527
204.9443217321
170.9318318623
179.3609307096
193.4647488054
1163.1242601582
2685.7755932614
2115.6931758936
207.4347117893
220.1534893162
147.0830173878
2937.5887999158