0.0004316625
0.0004324020
0.0004345864
0.0004379046
0.0004421420
0.0004471642
0.0004553382
0.0004601118
0.0004644753
0.0004716949
0.0004771876
0.0004804149
0.0004859215
0.0004917528
0.0004978921
0.0005041373
0.0005101165
0.0005153232
0.0005191741
0.0005242622
0.0005416795
0.0005635166
0.0005295452
0.0005053078
0.0006592204
0.0004849062
0.0004515301
0.0004422266
0.0004361215
0.0004327559
0.0003120445
0.0003116295
0.0003134144
0.0003172564
0.0003231071
0.0003309701
0.0003477737
0.0003592813
0.0003652062
0.0003794007
0.0003911604
0.0004088735
0.0004042496
0.0004135389
0.0004224970
0.0004309514
0.0004385409
0.0004447061
0.0004537254
0.0005003883
0.0004769841
0.0004568290
0.0004483562
0.0004447693
0.0004061015
0.0003588169
0.0003420232
0.0003294097
0.0003205426
0.0003149018
0.0002729137
0.0002720802
0.0002757484
0.0002839584
0.0002970259
0.0003211781
0.0003842321
0.0003687136
0.0004003785
0.0004188563
0.0004528941
0.0000481227
0.0004899907
0.0005384605
0.0005593325
0.0005548810
0.0005196594
0.0005302222
0.0005341996
0.0004185083
0.0003365337
0.0003086708
0.0002900431
0.0002786146
0.0002725240
0.0002712024
0.0002758127
0.0002867306
0.0003050630
0.0003324246
0.0009201585
0.0006075405
0.0004649101
0.0007289287
0.0006719621
0.0006640287
0.0009351122
0.0008851153
0.0009763354
0.0009981486
0.0009800814
0.0013637054
0.0009758515
0.0004169146
0.0003592761
0.0003203722
0.0002952980
0.0002801454
0.0003040964
0.0003036524
0.0003180582
0.0003509079
0.0004101223
0.0033524326
0.0019282796
0.0016142326
0.0013228906
0.0027121792
0.0035596021
0.0015594278
0.0062142019
0.0040328957
0.0005396941
0.0004221396
0.0003554107
0.0003197763
0.0003794629
0.0003869678
0.0004454023
0.0011009155
0.0092408524
0.0052606667
0.0111948912
0.0153424700
0.0099884790
0.0078542141
0.0005281646
0.0004188680
0.0005337093
0.0006055434
0.0083464844
0.0318170313
0.0249428699
0.0006743375
0.0008341629
0.0000481227
0.0318170313