23.2994546050
22.8670298487
22.9675775723
23.5089774544
24.4924431229
25.9877824917
40.7287411157
30.9892399990
30.4688705994
32.4576531797
37.4387021300
28.8244213033
28.1655339141
27.6736704595
27.6980121136
28.4618147030
30.2001236866
33.2717891368
38.2576388507
65.9092272198
153.9230963153
185.3853963491
134.2480907633
144.6851084439
399.6042207271
172.9373415726
37.1723194374
30.6126818166
26.7049749604
24.4631916551
14.7625432040
14.7922024547
15.1289649803
15.7797053117
16.8248744545
18.4243190424
57.1214096011
65.8595262642
37.8401207314
52.2763214445
62.9613169242
100.6923334234
22.8289996994
22.3152731639
22.2055422701
22.7108044208
23.9961021938
26.2796199785
48.3065229415
245.4749410163
176.1795405201
125.3803753589
165.8397954388
185.3225717976
180.5021102059
24.4341633173
20.1059288537
17.4526628678
15.9149672023
15.0951556924
13.3231711828
13.5228172725
14.3537097888
15.8389678256
17.8639580251
32.6902072253
142.3730784089
65.6485795397
83.7405554357
90.8372824465
136.7965241371
677.6781104969
88.0953688166
134.9079521752
204.2459268096
153.7196089997
122.6025239263
173.8223887934
121.0013649763
144.9870839539
21.8413469059
17.5660356339
15.0664623458
13.7792578046
12.7343652243
12.8529158441
13.4840929632
14.6049681595
16.2212533448
18.4624753586
146.6463494501
141.1377226897
56.0840395739
127.4683406489
111.6576098749
95.6713410636
190.5957538240
138.8455526943
133.7428181146
117.6337475294
150.5429039287
145.7695843364
199.9113456603
24.2515620439
19.6388782712
16.3822887176
14.3250348806
13.1828565591
12.7603948670
12.8777099694
13.7158499020
15.3180903018
17.9077448503
141.5898451686
157.7908942805
77.5465217047
84.2989630784
136.7778093332
140.8782172925
75.0262830080
168.8582492603
216.2580799400
22.5813216312
18.1359608736
15.1478592786
13.4509945783
13.4958054811
13.7460447316
15.3283633939
36.8099228780
123.3992593142
111.9545326336
154.3637731062
176.0145338394
131.6542755398
102.8634217308
17.4019535774
14.6267195536
15.2048368044
16.3005210647
91.2781105167
208.6070642283
164.6870675849
17.4560280444
18.3725739060
12.7343652243
677.6781104969