3.0950897454
3.0370546815
3.0501544461
3.1220599061
3.2529064348
3.4520054645
5.4240072624
4.1302014464
4.0485467084
4.3239495778
4.9884533264
3.8280410856
3.7398598581
3.6740688717
3.6772011339
3.7790163780
4.0109105522
4.4208953041
5.0867492293
8.7769069169
20.5670150928
25.0178294145
17.9851403536
19.3043049792
54.9213703828
23.0707682125
4.9496689885
4.0728280096
3.5504894953
3.2507809036
1.9593833489
1.9632517367
2.0080086500
2.0945508059
2.2335757415
2.4463470008
7.6027518502
8.7694869967
5.0355215519
6.9563434266
8.3833808117
13.4086110489
3.0294025728
2.9605290900
2.9455977483
3.0126668792
3.1837175454
3.4879029388
6.4196799993
32.6724119463
23.4555721665
16.6881208134
22.0839536095
24.6523940947
24.0544831097
3.2487712559
2.6718583375
2.3181201600
2.1130975417
2.0037749789
1.7702130073
1.7969347515
1.9079027439
2.1061603944
2.3761121469
4.3459534234
18.9227790131
8.7366371992
11.1317713661
12.0761301779
18.1833503401
362.1779840627
11.6891477740
17.9009936602
27.1225365772
20.4102362812
16.2832530001
23.0826103512
16.0529217981
19.2707718456
2.9045110335
2.3354231809
2.0024655823
1.8309532449
1.6926509005
1.7085740417
1.7928093021
1.9422074171
2.1572822827
2.4549475493
19.4258726926
18.7146619689
7.4445639540
16.8939224792
14.8015543737
12.6815401696
25.2544626026
18.3949242749
17.7131905003
15.5799358792
19.9434682912
19.2920446905
26.4886925433
3.2228051661
2.6106524905
2.1778898017
1.9042586597
1.7522813521
1.6959474566
1.7116563474
1.8231373122
2.0358327374
2.3788919719
18.7121876070
20.8697125332
10.2567875101
11.1528817265
18.0819892022
18.6191079239
9.9256694147
22.3056852346
28.5836472908
2.9982464460
2.4094467972
2.0130151607
1.7876606392
1.7928734580
1.8260641104
2.0356038687
4.8722837564
16.2870605286
14.7859067278
20.3724466534
23.2237803081
17.3776609876
13.5801644184
2.3104198122
1.9428198044
2.0183511106
2.1630352521
12.0472349358
27.4994363103
21.7133626369
2.3161148492
2.4363557854
1.6926509005
362.1779840627