1.2612743885
1.2356859483
1.2399932512
1.2688940614
1.3223344447
1.4041618457
2.2470837107
1.6884274675
1.6499101318
1.7696625015
2.0497559802
1.5546689699
1.5174785090
1.4899340906
1.4912302633
1.5336411922
1.6303062676
1.8015462153
2.0804933253
3.6217288393
8.6628047063
10.5858127631
7.6187247771
8.0909143329
23.4440144080
9.8563349635
2.0504426898
1.6778777398
1.4557833411
1.3280632408
0.7922131448
0.7937080299
0.8119823878
0.8473789985
0.9042757261
0.9913696024
3.1153275455
3.6094760132
2.0723538271
2.8511389064
3.4550123266
5.5122456202
1.2232313992
1.1939921740
1.1872740930
1.2144174650
1.2844082782
1.4094133014
2.6063317985
13.3560437587
9.6115065453
6.8259486001
9.0572697337
10.0373680695
9.9303353326
1.3238365426
1.0861561690
0.9402453017
0.8556691223
0.8105651795
0.7188577139
0.7303206641
0.7767766776
0.8592655640
0.9701041123
1.7651904134
7.6655346086
3.5621465651
4.5127285186
4.9004071324
7.3735565764
289.1918756274
4.7043672819
7.2030850210
10.9483421808
8.2385983271
6.5823394536
9.3209828766
6.4596310766
7.8116059601
1.1835818076
0.9506858048
0.8140140212
0.7436033703
0.6883701989
0.6953204947
0.7303452241
0.7918103131
0.8791568270
0.9984859615
7.7666490360
7.5077570740
2.9993021025
6.7664191650
5.9338108823
5.0834516204
10.1072112531
7.3603790601
7.0805391116
6.2301276779
7.9805533485
7.6953479308
10.6035819540
1.3090900652
1.0618813342
0.8860769315
0.7745100243
0.7125093258
0.6892980278
0.6959726127
0.7413819476
0.8269755521
0.9636286669
7.4262555835
8.3012824301
4.0822213957
4.4425447774
7.1835402727
7.3918009978
3.9559755912
8.8423370861
11.3481917871
1.2135565410
0.9775983383
0.8176439762
0.7263661978
0.7272266822
0.7405625178
0.8241770125
1.9461443566
6.4395639463
5.8570235940
8.0520826292
9.1721023243
6.8734710933
5.3761297527
0.9349377902
0.7875606155
0.8160694338
0.8731668669
4.7644435173
10.8315477764
8.5582836285
0.9348270734
0.9810690557
0.6883701989
289.1918756274