36.6907105679
36.0112266217
36.1756863736
37.0387819945
38.6033945389
40.9813896670
64.3506436415
48.8021351043
48.1033085872
51.1342574064
59.1050137366
45.4550895673
44.3900547315
43.5907239960
43.6158658603
44.8203597125
47.5778759627
52.4610940781
60.3990266992
104.7308715307
244.2971508581
291.8175156898
212.0123730606
230.6487557259
617.0613582813
273.6199632504
58.6273966395
48.2503195613
42.0708403263
38.5277460367
23.2427321468
23.2913676798
23.8265321287
24.8592544306
26.5177120940
29.0572486763
91.0546723074
105.1338216393
60.1198514461
83.2472553571
100.4146560989
160.8906767361
35.9759906834
35.1375516304
34.9471720258
35.7396068510
37.7770548241
41.4092741109
76.5185695069
391.5055469451
281.1150102264
199.7544242920
264.7515148548
294.7782052620
288.9780005176
38.5815120556
31.7100396058
27.5023566462
25.0658909973
23.7681463162
20.9752255869
21.2901309819
22.6012303300
24.9445803492
28.1416302538
51.6147689856
225.6701540999
104.3275888356
132.7046727257
144.1064286870
217.0842879169
816.9093373394
138.9155029421
212.8061841502
323.1163517708
242.9849690565
193.8752543911
274.8130779328
190.5855205981
229.8770596456
34.4596966488
27.6901545680
23.7333315667
21.6966606212
20.0399957634
20.2257954488
21.2192123727
22.9830084716
25.5249622031
29.0460813054
229.9121923757
221.9807327588
88.3555301660
200.2116359592
175.5087338180
150.3353748487
299.3237593569
217.9038192571
209.6515000311
184.3583039681
236.1581453982
227.9277944272
313.8455104951
38.2007731941
30.9383334784
25.8008296445
22.5526369055
20.7487398667
20.0664160600
20.2485861546
21.5625222026
24.0720496852
28.1203579505
220.4051330044
246.2693475756
120.9444922407
131.6252848521
213.1774213299
219.3767443097
117.1177912833
262.5355989464
336.8625988065
35.4846036710
28.5215987680
23.8262399911
21.1551159225
21.1998145194
21.5868024614
24.0543029462
57.4370838229
191.3060965368
173.8900477977
239.3376639215
272.7091042774
204.1592121799
159.5741392523
27.3202280137
22.9757869352
23.8479060913
25.5452888008
141.4746187123
322.3309029848
254.5542919461
27.3616489105
28.7602447773
20.0399957634
816.9093373394