0.0906624849
0.0885327496
0.0886250190
0.0905201001
0.0941861148
0.0998857877
0.1649396878
0.1214519583
0.1172279475
0.1275221631
0.1483454380
0.1101014266
0.1075223215
0.1057109985
0.1059673455
0.1091370127
0.1161644806
0.1285406383
0.1487288369
0.2573285243
0.6441856600
0.8107377717
0.5816895495
0.5911026696
1.8912141872
0.7630200784
0.1510508612
0.1226702080
0.1057029109
0.0958832607
0.0561114570
0.0561871782
0.0574487245
0.0599133469
0.0638778001
0.0699261002
0.2130366319
0.2494532072
0.1474695473
0.1968720421
0.2414124145
0.3764138771
0.0857356574
0.0837995666
0.0834432961
0.0854058946
0.0902943080
0.0989526761
0.1787402753
0.8955871854
0.6502728267
0.4624542677
0.6127115409
0.6719560004
0.6797618354
0.0938095809
0.0770685157
0.0667085767
0.0606762369
0.0574437041
0.0513991515
0.0522913358
0.0557550443
0.0618298216
0.0697377613
0.1228118752
0.5141259330
0.2418893579
0.3047810794
0.3302771119
0.4939149303
17.8175232443
0.3202143994
0.4884287132
0.7353430504
0.5573137279
0.4462377309
0.6295859348
0.4435471903
0.5245117254
0.0842260696
0.0678522364
0.0581541654
0.0531396783
0.0494966433
0.0500626858
0.0526677350
0.0571499027
0.0633607032
0.0716386339
0.5412633963
0.5151035715
0.2065114654
0.4673974897
0.4089418741
0.3509969389
0.6971884525
0.5106804247
0.4948463563
0.4373546604
0.5559869818
0.5472166674
0.7338539290
0.0933254333
0.0759307910
0.0635115151
0.0555915193
0.0511852173
0.0497355909
0.0502717228
0.0535867438
0.0597204916
0.0694182414
0.5420407414
0.5941439806
0.2953571663
0.3184994139
0.5197692235
0.5384246850
0.2859016338
0.6520996690
0.8230849516
0.0872284105
0.0703027011
0.0588747276
0.0523582116
0.0526359127
0.0536439358
0.0597250408
0.1421323086
0.4855687432
0.4350728990
0.6062385787
0.6947953317
0.5180108829
0.4051763599
0.0676447671
0.0569679934
0.0593018452
0.0635512486
0.3612438716
0.8381264352
0.6614920209
0.0680216636
0.0716866321
0.0494966433
17.8175232443