0.2055992986
0.2009817465
0.2013200302
0.2056951207
0.2140514052
0.2269839269
0.3701530052
0.2752398495
0.2661887988
0.2888140859
0.3346111236
0.2506451322
0.2449138213
0.2408413000
0.2413820391
0.2484693035
0.2642274024
0.2919625742
0.3370901135
0.5795220667
1.4316322047
1.7964232203
1.2890873023
1.3138708086
4.1721750809
1.6814629033
0.3392013852
0.2763508916
0.2387953004
0.2170919429
0.1278915314
0.1280770486
0.1309503641
0.1365564404
0.1455750514
0.1593422364
0.4845193577
0.5637992293
0.3319820672
0.4466979839
0.5442484822
0.8536247491
0.1960879534
0.1917624473
0.1909642899
0.1954275979
0.2065528781
0.2262375603
0.4100244166
2.0543727636
1.4846439189
1.0576969553
1.3975719651
1.5496709161
1.5359019691
0.2131318869
0.1752296458
0.1518128005
0.1381876941
0.1308916980
0.1167489109
0.1187202383
0.1264683989
0.1401147263
0.1580587972
0.2815368370
1.1916421805
0.5545999341
0.7040354348
0.7622894953
1.1429096921
45.5832212446
0.7429011873
1.1348898515
1.7088385289
1.2921139048
1.0328796332
1.4606186779
1.0269008801
1.2146466447
0.1912350325
0.1540163364
0.1320481871
0.1207021562
0.1122304690
0.1134720124
0.1193188587
0.1294470220
0.1436156433
0.1627005394
1.2521059295
1.1953742474
0.4770719545
1.0829971835
0.9475169882
0.8128440819
1.6168500287
1.1819480865
1.1431004813
1.0082054132
1.2851371746
1.2572627459
1.7003044629
0.2121356453
0.1723461484
0.1440554242
0.1260703128
0.1160757846
0.1126883590
0.1138800526
0.1213936997
0.1353983307
0.1576663672
1.2354975477
1.3637368021
0.6746009611
0.7298919599
1.1881543696
1.2276984854
0.6527426235
1.4800603456
1.8804974824
0.1980553636
0.1594645658
0.1334550939
0.1186516414
0.1192151940
0.1215044870
0.1353551216
0.3229309605
1.0927308148
0.9847914051
1.3653173065
1.5609337491
1.1656412233
0.9113235864
0.1532800222
0.1290466693
0.1342537136
0.1438943631
0.8107742124
1.8669933392
1.4737183669
0.1539699516
0.1621585291
0.1122304690
45.5832212446