1.2051545674
1.1812435982
1.1856225685
1.2133049182
1.2642656063
1.3421557366
2.1350893957
1.6122259885
1.5758310189
1.6890299785
1.9526450611
1.4867650239
1.4517278816
1.4257250101
1.4270034625
1.4672462145
1.5588985475
1.7211245734
1.9850905249
3.4429954174
8.1882870140
10.0102324202
7.1959303225
7.6470488877
22.2331065746
9.2795835853
1.9494144514
1.5979210398
1.3884203313
1.2680113877
0.7587640408
0.7602048139
0.7776344275
0.8113864070
0.8656332609
0.9486612104
2.9678629085
3.4322862498
1.9705524738
2.7157091675
3.2834017403
5.2442175611
1.1720087226
1.1445257944
1.1383494969
1.1643488757
1.2310999638
1.3501222905
2.4922936545
12.7369965739
9.1571005169
6.5083558388
8.6266509236
9.5880130335
9.4323441649
1.2646066261
1.0384323370
0.8996137288
0.8191418768
0.7762227374
0.6876212447
0.6984187402
0.7424688497
0.8208290592
0.9265236017
1.6885068762
7.3371428106
3.4012137619
4.3181721596
4.6870858233
7.0543136567
272.6325433462
4.5135765184
6.9111584218
10.4924570389
7.8957780146
6.3049636633
8.9319236675
6.1980480607
7.4750350871
1.1307123958
0.9085840196
0.7783473715
0.7112525502
0.6581963101
0.6647202700
0.6980089133
0.7566076474
0.8402069990
0.9548781905
7.4697018940
7.2120366118
2.8769104414
6.5034119239
5.7012164885
4.8843377016
9.7167507119
7.0765085725
6.8097808812
5.9910480099
7.6726787701
7.4065955506
10.1930377800
1.2520169085
1.0151498163
0.8470424534
0.7404904620
0.6812915667
0.6592400873
0.6655623734
0.7089974654
0.7911657837
0.9227697943
7.1600338834
7.9978035155
3.9321464021
4.2779926125
6.9237013339
7.1258453895
3.8086045928
8.5283385988
10.9395596949
1.1621081236
0.9354102275
0.7820980138
0.6947311333
0.6959912185
0.7088260175
0.7893178549
1.8723280696
6.2164417391
5.6504877665
7.7738072883
8.8573306829
6.6341183706
5.1873465876
0.8954237976
0.7538582097
0.7818534138
0.8370335337
4.5988120748
10.4690078057
8.2697395745
0.8961226667
0.9412130952
0.6581963101
272.6325433462