1.0164415930
0.9958348798
0.9993151317
1.0226113605
1.0656811446
1.1316251400
1.8106845455
1.3605586818
1.3296709290
1.4259649557
1.6516866733
1.2529413989
1.2229739899
1.2007763753
1.2018187284
1.2359929530
1.3138869276
1.4518740273
1.6766491582
2.9186296287
6.9800485334
8.5259830364
6.1371431733
6.5194356573
18.8628733333
7.9406690158
1.6521942581
1.3520518963
1.1731316549
1.0702421449
0.6384697071
0.6396762987
0.6544047461
0.6829316752
0.7287855111
0.7989756771
2.5107080577
2.9089713900
1.6700213955
2.2978816962
2.7843412316
4.4426363667
0.9858720756
0.9623091160
0.9568945220
0.9787686529
1.0351738954
1.1359147084
2.1005702998
10.7644569976
7.7463486811
5.5013963696
7.2998253608
8.0899479302
8.0029724122
1.0668614298
0.8753295287
0.7577523138
0.6896006100
0.6532564909
0.5793214026
0.5885578879
0.6259906121
0.6924578146
0.7817724805
1.4226062498
6.1782246047
2.8708340601
3.6371109103
3.9496613525
5.9429443779
260.3305814579
3.7916469503
5.8055268394
8.8244539727
6.6402950691
5.3052301388
7.5125565541
5.2064306069
6.2960779237
0.9538183043
0.7661338503
0.6559990499
0.5992613856
0.5547383591
0.5603379228
0.5885598415
0.6380883149
0.7084759000
0.8046435357
6.2599086419
6.0512788118
2.4173988264
5.4536437448
4.7827800079
4.0973277642
8.1463023549
5.9324332099
5.7068007386
5.0213967065
6.4320833459
6.2024252275
8.5465292987
1.0549812935
0.8557441763
0.7140625475
0.6241541345
0.5741909688
0.5554828807
0.5608603881
0.5974530019
0.6664321080
0.7765674452
5.9853974035
6.6908514308
3.2901921230
3.5807455627
5.7898994537
5.9575271325
3.1885121566
7.1268028610
9.1466163690
0.9780013640
0.7878276222
0.6589161863
0.5853558050
0.5860519307
0.5967988328
0.6641866349
1.5684818625
5.1901644526
4.7207088774
6.4896998134
7.3925765665
5.5397195831
4.3329812839
0.7534541279
0.6346765240
0.6576577356
0.7036770466
3.8399797956
8.7298564968
6.8975709290
0.7533712600
0.7906449188
0.5547383591
260.3305814579