0.9384483295
0.9198230723
0.9231249476
0.9444783282
0.9838455068
1.0440316236
1.6582963047
1.2552389666
1.2247131309
1.3147020944
1.5176741080
1.1564893747
1.1297420919
1.1099845525
1.1112432477
1.1425420041
1.2134960682
1.3388749964
1.5426661105
2.6626180612
6.3374053989
7.7941155304
5.5891799560
5.9011252852
17.5074519148
7.1975267413
1.5158362095
1.2432352674
1.0807125041
0.9872680853
0.5910066650
0.5920921865
0.6055686382
0.6316912571
0.6736784741
0.7379098067
2.2888490861
2.6447701380
1.5245258495
2.0964672547
2.5322965242
4.0372985825
0.9121517644
0.8913411639
0.8868901948
0.9072026533
0.9589059583
1.0508452997
1.9312593461
9.8151923620
7.0553831071
5.0203263929
6.6440899492
7.4030907160
7.2509256738
0.9826665535
0.8076864487
0.7001973587
0.6378450597
0.6045653571
0.5355968921
0.5439855575
0.5782143024
0.6391106084
0.7212112202
1.3116437945
5.6803255406
2.6284674518
3.3439880233
3.6267972828
5.4566355771
207.4559963197
3.5090699807
5.3715593205
8.1362108186
6.1268235882
4.8909493670
6.9294438549
4.8238152144
5.7861056260
0.8791896569
0.7069800099
0.6059872817
0.5539366365
0.5128432984
0.5179320874
0.5438499998
0.5894868753
0.6546283811
0.7440614192
5.8360427235
5.6191728501
2.2386881111
5.0731407170
4.4446495709
3.8085985806
7.5804876970
5.5240697736
5.3214426202
4.6827483002
5.9918313480
5.8012760280
7.9546522673
0.9747835220
0.7903042854
0.6595823373
0.5767795233
0.5307833496
0.5139677529
0.5189334102
0.5528666927
0.6171202776
0.7202092150
5.6305805000
6.2741889147
3.0867707747
3.3547398234
5.4385187145
5.6015434539
2.9878710355
6.7141357834
8.5971772162
0.9066165705
0.7292751500
0.6096589869
0.5415911679
0.5431237385
0.5532561208
0.6164431292
1.4694353131
4.9070590576
4.4523761814
6.1363415912
6.9965991205
5.2357530510
4.0927708196
0.6991217039
0.5883070534
0.6109340625
0.6544998909
3.6314084136
8.2904642780
6.5469939472
0.7006206901
0.7367077543
0.5128432984
207.4559963197