1.3251959490
1.2971715168
1.3003046308
1.3289209725
1.3827665853
1.4656382022
2.3534380959
1.7669564765
1.7162571351
1.8532645269
2.1395138606
1.6207529351
1.5848322952
1.5591094293
1.5624875914
1.6073312343
1.7070448983
1.8822864063
2.1666995085
3.6989489873
8.9825488622
11.1665572818
8.0430524012
8.2736512640
25.5053021490
10.4475389073
2.1569008968
1.7652068030
1.5312718268
1.3963090481
0.8298032294
0.8310968071
0.8496219625
0.8856949824
0.9436952179
1.0322324292
3.1151911814
3.6095226960
2.1228342936
2.8700024732
3.4788529090
5.4736158934
1.2743725600
1.2473729411
1.2426726529
1.2715756802
1.3431059963
1.4692663448
2.6559392329
13.2470886557
9.5493862274
6.8132153572
8.9828465896
10.0263798319
9.8125713054
1.3740034415
1.1317992955
0.9823540530
0.8954244835
0.8488925746
0.7544035306
0.7666133203
0.8154574035
0.9018916537
1.0167746107
1.8213167984
7.7409773313
3.5807198344
4.5686473891
4.9436086808
7.4191950769
95.7751292534
4.8481732340
7.4089249816
11.1330757167
8.4150810484
6.7179984347
9.5099874636
6.6988400227
7.8862302363
1.2324338237
0.9932747692
0.8525291665
0.7798705768
0.7240999029
0.7316914800
0.7687321013
0.8334377890
0.9249332135
1.0495692709
8.2035363745
7.8171753146
3.1081083981
7.0889833964
6.1984061128
5.3173060117
10.5914068271
7.7414193410
7.4900071973
6.6024064082
8.4149904050
8.2438447953
11.1339467297
1.3705470532
1.1120604528
0.9292078729
0.8133494005
0.7490121518
0.7272527623
0.7346750132
0.7830517472
0.8741374099
1.0202225365
8.1223663497
8.9587879568
4.4269217387
4.7889710945
7.8086630261
8.0701791994
4.2791955589
9.7340827689
12.3638059555
1.2827503634
1.0307327616
0.8617849249
0.7659355832
0.7704941521
0.7853661775
0.8760126166
2.1120657703
7.1927668181
6.4780003026
8.9904251803
10.2813244645
7.6708167912
5.9933504964
0.9925912545
0.8344772635
0.8697628791
0.9333363544
5.3344318998
12.3092542803
9.7120957859
0.9988592542
1.0537289154
0.7240999029
95.7751292534