3.9251255759
3.8515306078
3.8683617346
3.9599661721
4.1265525354
4.3800103675
6.8886918017
5.2371047833
5.1393827462
5.4836308031
6.3331293962
4.8570952615
4.7441096080
4.6596523426
4.6630981432
4.7923231178
5.0872940760
5.6092270845
6.4573859366
11.1700307653
26.1644143856
31.7149040381
22.8344032166
24.6076763614
69.1791519458
29.3257072217
6.2816790747
5.1673384624
4.5036102363
4.1228457884
2.4844646639
2.4894487828
2.5464074066
2.6564857630
2.8333115501
3.1040005312
9.6862501446
11.1795724346
6.4091364658
8.8596638075
10.6845654227
17.0991630918
3.8425433909
3.7539756093
3.7343169358
3.8192440811
4.0367210214
4.4239732036
8.1588749925
41.6341552204
29.8946762388
21.2570128939
28.1517955169
31.3819291141
30.6985804074
4.1241384700
3.3902081307
2.9403813664
2.6797526161
2.5408304880
2.2446036125
2.2785167775
2.4193586816
2.6709764529
3.0136790774
5.5167444527
24.0561895291
11.1178475726
14.1507552269
15.3570266407
23.1252988086
419.9138431404
14.8305811150
22.7142379024
34.4534424766
25.9195906285
20.6817942752
29.3150048863
20.3577794610
24.5005202127
3.6859774018
2.9627629093
2.5396667432
2.3217626895
2.1459419838
2.1661045018
2.2729136489
2.4623291458
2.7349521575
3.1121044495
24.5907199145
23.7201125042
9.4416106901
21.4006654772
18.7548740328
16.0673637837
31.9900253759
23.2967009089
22.4213030187
19.7187248682
25.2507735680
24.3937515451
33.5460147419
4.0873043044
3.3111176276
2.7619528095
2.4146030411
2.2216602606
2.1495215278
2.1693429978
2.3104763433
2.5796392702
3.0134319732
23.6197139049
26.3723174357
12.9571813863
14.0956191280
22.8369359041
23.5060300550
12.5422454223
28.1429889774
36.0903958380
3.7989289132
3.0538687508
2.5515921264
2.2658672461
2.2713963565
2.3131966012
2.5779003335
6.1561589707
20.5262927861
18.6481990820
25.6757063936
29.2609046896
21.9024314804
17.1187421345
2.9263795432
2.4613276051
2.5554998861
2.7377955908
15.1811020940
34.6118731593
27.3325864743
2.9317616582
3.0823559171
2.1459419838
419.9138431404