165.8544243972
163.5045212217
164.6575657830
168.7584210924
175.8651884623
186.4723642781
278.0224724551
217.6478194825
217.9886403189
227.6602030682
260.5511657991
207.7651691190
203.2888675682
199.8227621890
199.8566250738
204.9594768431
216.7092481675
237.4476718686
270.9014663201
461.2213426317
1007.8933206070
1149.8340518233
849.2483464111
971.5160054584
2223.0740472905
1078.2702515561
253.1176945254
211.6133436656
186.9647970469
172.9473223840
107.3274378255
107.5916071213
110.0247638767
114.6873169776
122.1605651278
133.6068148099
411.1988196175
469.2619259773
266.5353077268
375.0328348673
445.7527513132
721.7925232651
166.9718996542
163.4656377208
162.7455413948
166.3767453948
175.5464673352
191.7596468771
352.0966794240
1782.4188588705
1271.2298309319
906.3951691665
1194.9466400048
1353.1594309972
1283.5161538430
174.8215421194
144.4701030348
125.9799140016
115.2896504089
109.6063624992
95.6139006924
96.8297394155
102.3059405146
112.2781820594
126.4412323272
236.2013024053
1046.4090617687
476.1238814973
613.6739048017
665.4330017287
1005.0953763975
1422.6315828383
651.8607159662
999.5300120488
1509.5703276175
1134.0508584929
901.6496857614
1281.6318266958
893.0955626889
1064.2820608952
155.9185673683
125.5219899131
107.9256784154
98.8826018600
90.8921474005
91.5571832447
95.7789530125
103.5138494216
115.0773895953
131.6613428884
1090.3390576360
1047.2407721861
412.6355420767
947.0806973688
828.8928040706
709.9847391216
1418.8894163444
1032.5622842449
994.5978696141
873.3542290247
1118.1761711223
1083.7354441115
1486.0951338912
174.0981360410
140.4432541524
116.9844545740
102.2994506243
94.1594825974
91.0712546972
91.7795558098
97.6855614701
109.3431834470
128.6386804277
1056.2933154163
1177.2223133757
576.5563354737
627.0871018982
1020.5805193205
1051.1372595702
556.6619264285
1260.1133926099
1614.7374448966
162.8621112448
130.1113268022
108.3629254033
96.1030365155
96.6344316812
98.4147135843
110.0869081593
271.1729367017
921.1148488462
835.2687838961
1153.4821605742
1315.6339990709
982.3558884364
766.2563984830
125.2989077650
104.9129365121
109.4910449846
117.6992732338
680.3438160541
1560.7361972359
1230.9096005637
126.1538852863
133.2538240298
90.8921474005
2223.0740472905