0.0048637558
0.0047355853
0.0047357450
0.0048396094
0.0050451808
0.0053678637
0.0092048044
0.0066186341
0.0063476952
0.0069548469
0.0081796108
0.0059048036
0.0057460087
0.0056324217
0.0056399686
0.0058175775
0.0062206628
0.0069381225
0.0081178787
0.0145174021
0.0374374249
0.0474223371
0.0337776788
0.0342985238
0.1123568248
0.0446224699
0.0083995927
0.0067388383
0.0057463376
0.0051711964
0.0029619095
0.0029659987
0.0030361869
0.0031733792
0.0033944690
0.0037328868
0.0120892995
0.0142483531
0.0082411284
0.0111021792
0.0137326802
0.0216049722
0.0045404592
0.0044145435
0.0043819535
0.0044844190
0.0047566564
0.0052490712
0.0098172181
0.0512517886
0.0372560412
0.0263107359
0.0351851174
0.0380072362
0.0395098958
0.0050929193
0.0041443532
0.0035584977
0.0032183854
0.0030366590
0.0027382821
0.0027909694
0.0029885481
0.0033320832
0.0037717535
0.0066943624
0.0285661822
0.0136069814
0.0168752986
0.0183732645
0.0275503322
38.1123854039
0.0171806444
0.0262673713
0.0402989216
0.0303711316
0.0244042265
0.0343927327
0.0236194159
0.0291837593
0.0045604106
0.0036520359
0.0031121515
0.0028335286
0.0026402383
0.0026741113
0.0028200523
0.0030666493
0.0034003269
0.0038329603
0.0278146691
0.0271513212
0.0110315492
0.0243516737
0.0214163695
0.0183481491
0.0362536655
0.0263984229
0.0253373530
0.0223429867
0.0286544618
0.0273986135
0.0380803152
0.0049894006
0.0040699780
0.0034012316
0.0029707138
0.0027308300
0.0026404665
0.0026707533
0.0028468518
0.0031633363
0.0036480346
0.0260373040
0.0292679757
0.0144550031
0.0157540926
0.0252421423
0.0259284270
0.0140769909
0.0308974581
0.0398041579
0.0045735919
0.0037179517
0.0031231885
0.0027789192
0.0027672877
0.0028170414
0.0031168904
0.0069986630
0.0223433688
0.0204310940
0.0278872927
0.0317045549
0.0238797991
0.0187455555
0.0035255730
0.0029893775
0.0030710918
0.0032677334
0.0165602318
0.0371510284
0.0294298166
0.0034952842
0.0036391474
0.0026402383
38.1123854039