342.8298164317
339.1922830121
342.2960484194
351.1623561194
365.9915652865
387.7982818372
554.6936111833
446.1323359009
452.1866642860
465.3546184818
529.8683612152
433.5890481215
424.7448974371
417.7006842846
417.5786080353
427.5737759449
450.7796710404
491.6689774001
557.2466281654
938.1412749072
1929.3219022071
2123.8626599222
1576.3623437973
1908.3014994026
3762.5517848236
1968.0778591479
503.7357129826
426.7484687217
381.1705435282
355.4812932751
225.6470153653
226.2711979661
231.3440456682
241.0073302546
256.4712115436
280.1688696627
854.1454453838
967.0224527866
545.6340590104
777.5036020259
914.6253358214
1493.4871835978
352.4586008919
345.5424395080
344.2106529447
351.7876579671
370.7390937102
404.0803702171
739.7171343420
3724.1782358690
2643.7650396985
1888.5891207905
2482.0271638393
2841.1550583248
2637.7246482182
362.7167780560
300.8576278424
263.3511411732
241.7014363438
230.2134681247
199.0649060557
201.2157079561
211.7739649286
231.3523242446
260.2096968031
493.5150473610
2210.4560918110
995.5878152101
1294.0666661471
1402.2109271591
2121.9016966934
1505.2426433551
1386.4330932337
2127.3988546630
3203.8719716888
2404.7987102465
1907.2144601474
2716.1222782947
1897.1838386288
2245.7794131538
323.0684607516
260.3767129486
224.3596588297
205.8689955109
188.4920554790
189.5586602624
197.8273095880
213.4183640050
237.4620835632
272.8843979157
2332.7820601950
2234.2339411308
874.6635378327
2023.6839926631
1769.5497511351
1515.4861746501
3035.8936423988
2208.4411781144
2128.3222704219
1866.8951813601
2389.8745035687
2321.4847498989
3176.9765087597
362.5230439776
291.5894962041
242.6474696981
212.2271186424
195.3799179612
188.9267378680
190.1808799329
202.3144029232
226.9028249425
268.3608833722
2272.7117291109
2529.8086781661
1236.6131847892
1344.5856862155
2194.8232979719
2261.2485506064
1191.7561334695
2713.3349528326
3475.0062107905
340.6690162886
271.0014304946
225.1999351806
199.5327101628
201.0754557423
204.7771099445
229.6844723947
577.7737399723
1986.5128244067
1799.0684524992
2489.2422877956
2840.6254652870
2117.7695119701
1649.7762079792
261.8919432000
218.5980820711
228.9676745747
246.7199324202
1465.9552023014
3376.5286634640
2660.9174420519
264.5952672240
280.3928944174
188.4920554790
3762.5517848236