5.7283197673
5.6194245700
5.6431968405
5.7765792875
6.0197947314
6.3902424679
10.0847237078
7.6436697758
7.5006886678
8.0056956455
9.2551942800
7.0842302950
6.9183339813
6.7945119317
6.7995777135
6.9888991374
7.4210639675
8.1860075114
9.4297479921
16.3383445043
38.3975200937
46.5213223802
33.5324185874
36.1045276669
101.2607294998
43.1808065780
9.1931493219
7.5551760163
6.5794306127
6.0194452545
3.6208741485
3.6281031745
3.7112647522
3.8720151618
4.1302584254
4.5255961741
14.1475690352
16.3445554020
9.3719394879
12.9423288786
15.6256581501
24.9907213041
5.5988060266
5.4686492339
5.4394824019
5.5632618218
5.8808062207
6.4466646948
11.8978604155
60.7772380191
43.6630866919
31.0355695635
41.1197998346
45.7760266613
44.8977747008
6.0180269492
4.9451634486
4.2874799339
3.9064187834
3.7033041296
3.2735110184
3.3234200874
3.5298159825
3.8981384965
4.3986511104
8.0440364042
35.0588366587
16.2209704771
20.6247879200
22.3878704316
33.7097458843
485.4938827243
21.5928635082
33.0682982005
50.1817183514
37.7550872469
30.1333560440
42.7023767379
29.6400750692
35.7122191283
5.3785500754
4.3225159832
3.7044163295
3.3860839659
3.1303338182
3.1600883267
3.3164252928
3.5931710505
3.9906136502
4.5392589290
35.7681836020
34.5183271267
13.7488689342
31.1352464058
27.2904506838
23.3809800978
46.5362395889
33.8875531544
32.6130445104
28.6854786584
36.7362039635
35.4758742903
48.8071495861
5.9611217401
4.8301362920
4.0291857295
3.5222864390
3.2406988167
3.1352569573
3.1643633558
3.3702417391
3.7621122243
4.3926593572
34.3246624503
38.3307160786
18.8367712058
20.4935422920
33.1902156449
34.1625483762
18.2384569161
40.8930767316
52.4514484276
5.5375470465
4.4531582694
3.7213543772
3.3048129038
3.3119881182
3.3728159744
3.7577367599
8.9550885700
29.8155485664
27.0949151834
37.2942894997
42.4986346623
31.8165759120
24.8717203091
4.2655319296
3.5886093843
3.7244264867
3.9890762621
22.0535490156
50.2525833440
39.6887013337
4.2717012019
4.4895120970
3.1303338182
485.4938827243