0.6311841987
0.6185811310
0.6208423061
0.6353434570
0.6620684409
0.7029356513
1.1203354285
0.8444544890
0.8255879120
0.8847447620
1.0237894328
0.7785554169
0.7600902740
0.7463905829
0.7470375757
0.7681594673
0.8162947557
0.9015290047
1.0402811811
1.8071496364
4.3039627071
5.2573486859
3.7807461536
4.0225225759
11.6492004599
4.8834622474
1.0225840717
0.8377510438
0.7275827981
0.6642562763
0.3971110918
0.3978667775
0.4070064034
0.4247038205
0.4531474993
0.4966853719
1.5569671064
1.8020646751
1.0343879173
1.4248337502
1.7242515502
2.7530445603
0.6133527465
0.5988517295
0.5955588200
0.6091619131
0.6441559266
0.7065978594
1.3054220236
6.6795765206
4.8039469157
3.4133246163
4.5262357266
5.0245412167
4.9547350401
0.6624827107
0.5438218721
0.4709938034
0.4287798392
0.4062676113
0.3600056198
0.3656826037
0.3888025465
0.4299092623
0.4853011096
0.8841063933
3.8417688775
1.7826283170
2.2612572851
2.4549640651
3.6945258795
209.5102941817
2.3609073845
3.6150401474
5.4912368177
4.1320285790
3.3001748803
4.6743948443
3.2418252241
3.9142543154
0.5922901561
0.4758520699
0.4075665091
0.3723883384
0.3446301445
0.3480616608
0.3655189172
0.3962231817
0.4399786452
0.4999253790
3.9031757212
3.7704868224
1.5049045861
3.3992623595
2.9804611089
2.5534304550
5.0782634659
3.6983066009
3.5583554830
3.1306989274
4.0098710356
3.8690288560
5.3274071295
0.6555486341
0.5315978710
0.4435641809
0.3877422483
0.3567250786
0.3451382729
0.3484530662
0.3711853366
0.4141441177
0.4828785728
3.7374151259
4.1760470399
2.0532594672
2.2342401512
3.6145866410
3.7197901317
1.9890807323
4.4510402708
5.7106001186
0.6081640803
0.4896633873
0.4094514689
0.3637176837
0.3642841077
0.3709827876
0.4130210414
0.9780934464
3.2431056195
2.9488329510
4.0555333437
4.6202692997
3.4613295611
2.7067266825
0.4685578598
0.3945542807
0.4090625851
0.4378376311
2.3993224289
5.4590376941
4.3126720892
0.4687584308
0.4921913918
0.3446301445
209.5102941817