95.7308533586
94.0750519157
94.5745859242
96.8664624230
100.9661716137
107.1653315008
166.0309114563
126.7803043915
125.6937022996
132.8129714037
153.2605253060
119.0113669507
116.2643374489
114.1830919531
114.2260525806
117.3152190569
124.4099559105
136.9707529900
157.3577612300
272.0723738656
623.3016804652
732.4102429314
535.7874356224
593.0256094121
1499.6466565573
689.8516261749
151.1224399911
124.8802730973
109.2656408550
100.3326766441
61.0017415161
61.1375369808
62.5399027804
65.2394640307
69.5720478107
76.2079610806
238.3198009734
274.4862892072
156.5147225595
217.7134633467
261.7583382100
420.6764305038
94.5762167252
92.4116824239
91.9247182764
93.9976947148
99.3161416039
108.7850539742
200.9196261899
1026.8340263465
736.1372587880
523.3001506627
693.0135183927
774.1705739440
754.0190369717
100.7988246053
82.9461644084
72.0333170553
65.7185414043
62.3578320250
54.8455209361
55.6333452462
58.9814213196
64.9949107764
73.2907646333
135.1712741051
593.7129721623
273.5118936387
348.8751915852
378.8218879875
571.0963625858
1236.1479996619
366.2529520399
561.2261490681
851.4163757887
640.0299373886
510.2405523257
723.7325534795
502.1460404521
604.5891453710
89.9694062481
72.3154676794
62.0249333062
56.7311997922
52.3189643542
52.7740997505
55.3205314529
59.8802121849
66.5177060345
75.8005901004
607.1305002086
585.7277515636
232.5624184476
528.5377711036
463.1934213042
396.7567181990
790.6539749185
575.4599163399
553.6990784281
486.6970302870
623.4694766227
602.0387837465
828.6765628182
99.8944087893
80.8160300804
67.3685143398
58.8879563666
54.1802983054
52.3875109671
52.8413918602
56.2580368543
62.8436325563
73.5419606162
582.9535361550
651.2144023533
319.5407379132
347.7888386577
563.8342132970
580.3083764129
309.2140041239
694.6096825154
891.2255358898
92.9209354740
74.5735792049
62.2455588386
55.2470669301
55.3995224145
56.4080731988
62.9112139779
151.3466386759
506.3535712666
460.1227491541
633.6405501924
722.1064718064
540.3141826915
422.0936303808
71.5102968611
60.0711053464
62.4241884157
66.9195247161
374.3023071474
854.0474083796
674.2666961773
71.6988173166
75.4446824667
52.3189643542
1499.6466565573