0.6839521804
0.6706666861
0.6733121979
0.6890985289
0.7180285159
0.7621688509
1.2064311168
0.9142180975
0.8944964080
0.9573155084
1.1058573511
0.8446534581
0.8249060313
0.8102114434
0.8109079179
0.8336104015
0.8853371670
0.9768659550
1.1256971603
1.9489300936
4.6071715958
5.6241299011
4.0402607766
4.3110462490
12.4664789005
5.2019421502
1.1016309936
0.9042873806
0.7866903835
0.7191461318
0.4315187004
0.4323515618
0.4422460891
0.4613950489
0.4921661028
0.5392639455
1.6838574470
1.9451342009
1.1161529882
1.5405041638
1.8598993302
2.9734132188
0.6668368682
0.6513592177
0.6479150268
0.6626914195
0.7005557392
0.7680147750
1.4166256886
7.2315244911
5.1957959130
3.6940704165
4.8938902421
5.4480376771
5.3430720117
0.7178755162
0.5897984090
0.5112233289
0.4656789860
0.4413912297
0.3905860078
0.3966252536
0.4214379767
0.4656561595
0.5255357510
0.9593631565
4.1734582664
1.9317911349
2.4558070632
2.6650699678
4.0119481224
212.4481208035
2.5706434483
3.9364934745
5.9727384156
4.4941848533
3.5875435037
5.0835591872
3.5297105014
4.2511423355
0.6418040769
0.5158241851
0.4420234969
0.4040055966
0.3737071689
0.3773368415
0.3961205188
0.4292858906
0.4767754951
0.5421505892
4.2593762813
4.1100046889
1.6379208476
3.7071620379
3.2493857148
2.7837893564
5.5400541403
4.0345965458
3.8832069988
3.4159000980
4.3742388993
4.2247224652
5.8108804964
0.7111634962
0.5764118444
0.4809132943
0.4204386686
0.3868435154
0.3743358090
0.3778777483
0.4025203175
0.4492930439
0.5244032479
4.0879741647
4.5646102144
2.2437936396
2.4408239158
3.9522583643
4.0682547899
2.1725675663
4.8701512143
6.2457731532
0.6605762010
0.5314061767
0.4441854026
0.3945247895
0.3953803741
0.4026806431
0.4485825041
1.0673888363
3.5513041459
3.2270497799
4.4415538158
5.0610841755
3.7898181038
2.9626040184
0.5089713739
0.4283238555
0.4444781238
0.4760198422
2.6270296047
5.9847885320
4.7269262094
0.5096475629
0.5355633862
0.3737071689
212.4481208035