0.0043434510
0.0042370044
0.0042417815
0.0043369133
0.0045211305
0.0048080956
0.0080801244
0.0058839079
0.0056764543
0.0061770618
0.0072356772
0.0052996012
0.0051610523
0.0050607800
0.0050663952
0.0052212700
0.0055737034
0.0062004539
0.0072286027
0.0128442753
0.0324107100
0.0406429306
0.0290155252
0.0298868440
0.0944137576
0.0380743884
0.0073707815
0.0059467424
0.0050963633
0.0046046663
0.0026701285
0.0026742854
0.0027371895
0.0028597669
0.0030571469
0.0033593295
0.0108116626
0.0126780660
0.0073082523
0.0099109761
0.0121943236
0.0192717722
0.0041033694
0.0039934560
0.0039655764
0.0040576135
0.0043005873
0.0047387226
0.0088453607
0.0460024270
0.0333280029
0.0235697780
0.0314542508
0.0342327429
0.0350966831
0.0045548645
0.0037146258
0.0031967415
0.0028962848
0.0027358714
0.0024545540
0.0024993100
0.0026708343
0.0029708824
0.0033605813
0.0060168364
0.0258306004
0.0122098639
0.0152455911
0.0165922154
0.0248901403
50.0193439647
0.0156072088
0.0238753732
0.0365584584
0.0275253150
0.0220902740
0.0311644188
0.0214381448
0.0263674364
0.0040759868
0.0032663613
0.0027870154
0.0025397831
0.0023615673
0.0023898762
0.0025172604
0.0027348934
0.0030337378
0.0034274647
0.0253783655
0.0247221019
0.0099952445
0.0221977074
0.0195181984
0.0167001728
0.0330638955
0.0241019532
0.0231292255
0.0203687152
0.0261344693
0.0250406232
0.0347265581
0.0044721708
0.0036420583
0.0030420841
0.0026574178
0.0024432299
0.0023622638
0.0023880156
0.0025448630
0.0028308147
0.0032742440
0.0238799203
0.0268089749
0.0132218825
0.0144067471
0.0231424038
0.0237769424
0.0128618679
0.0283550082
0.0364904315
0.0041109198
0.0033333996
0.0027966468
0.0024871542
0.0024800178
0.0025247087
0.0027978757
0.0063711739
0.0205290828
0.0187587811
0.0256480870
0.0291658199
0.0219357216
0.0171995650
0.0031677130
0.0026810349
0.0027604593
0.0029415865
0.0152103772
0.0342317073
0.0270890010
0.0031473873
0.0032838092
0.0023615673
50.0193439647