3.8194044849
3.7496415426
3.7669222672
3.8562877621
4.0180295778
4.2636275439
6.6609937409
5.0931139653
4.9985568949
5.3301821866
6.1418253982
4.7305832603
4.6223496072
4.5412483420
4.5447335204
4.6695043144
4.9540739179
5.4571429828
6.2736159775
10.8090152839
25.1558205229
30.5152522767
21.9349445385
23.6531477448
66.7777068158
28.0560916295
6.0788642503
5.0099656633
4.3734226502
4.0085029945
2.4237549797
2.4286446482
2.4839584868
2.5908300074
2.7624814270
3.0252126099
9.3952101877
10.8217423551
6.2033521038
8.5916017627
10.3356231842
16.5606926340
3.7500087878
3.6653907387
3.6470973738
3.7299568529
3.9411456171
4.3165263715
7.9453805271
40.4250847970
28.9967496919
20.6363514027
27.2975929652
30.5247340989
29.6810004752
4.0120340305
3.3010425037
2.8653723073
2.6129215894
2.4783438802
2.1867760118
2.2192450287
2.3551445652
2.5984330249
2.9311767699
5.3743400890
23.4491499662
10.8094888735
13.7896729462
14.9578198128
22.5311206796
402.8501697374
14.4932168599
22.1989297612
33.6298395950
25.2993878829
20.1755842477
28.6113701205
19.8968856488
23.8754910594
3.5861122298
2.8837474909
2.4732403049
2.2618180762
2.0897766805
2.1089941789
2.2123231143
2.3961931541
2.6619476642
3.0311521169
24.0949613277
23.2097874295
9.2249104983
20.9533143020
18.3563382278
15.7272781121
31.3301375129
22.8166318449
21.9676710390
19.3193184300
24.7336246264
23.9217808473
32.8555370054
3.9814075508
3.2238435818
2.6890177925
2.3511785880
2.1635665133
2.0938120288
2.1129073568
2.2504012944
2.5136321327
2.9392811964
23.2064285942
25.8883395337
12.7166063456
13.8300847343
22.4273633741
23.0914759058
12.3034234171
27.6606278022
35.4544133652
3.7055591863
2.9762606008
2.4858494222
2.2072830618
2.2141746346
2.2551634554
2.5148007482
6.0345062231
20.1925687385
18.3347873848
25.2631640188
28.7964943957
21.5432090551
16.8326517993
2.8548818859
2.3997556470
2.4940003148
2.6735384646
14.9338240373
34.0957790095
26.9191860895
2.8628998561
3.0125744939
2.0897766805
402.8501697374