13.2205407006
12.9705873058
13.0264210453
13.3350061480
13.8969747922
14.7525245850
23.2563317589
17.6248791059
17.3165024660
18.4606396287
21.3435607392
16.3565276426
15.9732977359
15.6868432886
15.6978346048
16.1341131434
17.1307946644
18.8952187186
21.7639610518
37.7198772833
88.4766491107
106.8030569224
77.1345520736
83.2937347098
230.7486534760
99.5072205613
21.1985229863
17.4264542570
15.1796015141
13.8903874978
8.3603021585
8.3771966485
8.5693598549
8.9406535906
9.5370866965
10.4502377346
32.6976254115
37.7683715453
21.6380370730
29.9055414128
36.0971215533
57.7634378871
12.9306948738
12.6296824894
12.5619132831
12.8474846040
13.5806781461
14.8874495143
27.4869956476
140.4935867367
100.9197997071
71.7247165937
95.0477799222
105.8033735589
103.7793121517
13.8918134546
11.4155456372
9.8979716587
9.0188334186
8.5503232503
7.5548480873
7.6696025654
8.1449328782
8.9935019615
10.1477990397
18.5724770881
81.0157886326
37.4796135006
47.6569140539
51.7373106192
77.9090031821
658.9170555410
49.8855529269
76.4047744599
115.9674163823
87.2362084981
69.6230144436
98.6678019787
68.4661525970
82.5257769440
12.4131580351
9.9754477293
8.5491358204
7.8146769136
7.2227551007
7.2910018855
7.6510710669
8.2889181386
9.2057389618
10.4724089889
82.6035686361
79.7324749466
31.7551738648
71.9164971066
63.0390763770
54.0026599313
107.4952093344
78.2714816661
75.3206986647
66.2433945284
84.8426086079
81.9146867322
112.7320732006
13.7578295527
11.1463407011
9.2973474245
8.1274417902
7.4775986108
7.2335413341
7.3003367824
7.7749857531
8.6791613304
10.1348822377
79.2371673440
88.5051940455
43.4862110597
47.3162077061
76.6253797561
78.8651431991
42.1051652406
94.3955017947
121.0911636145
12.7794268973
10.2758274094
8.5864885293
7.6250288975
7.6413046336
7.7814210330
8.6697022669
20.6680101155
68.8125424209
62.5385262317
86.0719166674
98.0770336813
73.4324562186
57.3994439035
9.8425649456
8.2799392864
8.5932946067
9.2040351014
50.8923296709
115.9568272190
91.5793655086
9.8566678412
10.3592999087
7.2227551007
658.9170555410