0.0074727018
0.0072782234
0.0072802091
0.0074411391
0.0077581531
0.0082550066
0.0141129359
0.0101656345
0.0097624148
0.0106800253
0.0125586241
0.0090840976
0.0088393506
0.0086635542
0.0086739193
0.0089457604
0.0095640792
0.0106651363
0.0124755846
0.0223275158
0.0573311055
0.0724717253
0.0516545429
0.0526494996
0.1708956679
0.0680982251
0.0128724639
0.0103353227
0.0088194157
0.0079414133
0.0045579439
0.0045644782
0.0046726770
0.0048839756
0.0052244294
0.0057456508
0.0186464560
0.0219602411
0.0126803101
0.0171101270
0.0211575732
0.0333367736
0.0069921395
0.0067974550
0.0067465662
0.0069039542
0.0073230774
0.0080815136
0.0151401025
0.0791173211
0.0574831650
0.0405805294
0.0543173634
0.0586767443
0.0608637545
0.0078336627
0.0063747890
0.0054743300
0.0049517457
0.0046726244
0.0042100388
0.0042903473
0.0045926888
0.0051189323
0.0057943476
0.0103066214
0.0440783772
0.0209811142
0.0260432020
0.0283657262
0.0425263835
63.7178163685
0.0264857339
0.0404954698
0.0621729386
0.0468274973
0.0376197458
0.0530506472
0.0364014696
0.0450353697
0.0070127479
0.0056150780
0.0047849881
0.0043566767
0.0040575009
0.0041089301
0.0043323266
0.0047104967
0.0052234219
0.0058900448
0.0428179575
0.0418354006
0.0169891005
0.0375073474
0.0329907399
0.0282595845
0.0558407042
0.0406614855
0.0390186772
0.0343938782
0.0441344313
0.0421617176
0.0586597389
0.0076725706
0.0062572238
0.0052282218
0.0045660618
0.0041971037
0.0040571741
0.0041031913
0.0043733530
0.0048598777
0.0056059543
0.0400188684
0.0450264089
0.0222259842
0.0242376363
0.0388223285
0.0398651123
0.0216483557
0.0474908752
0.0611875976
0.0070311027
0.0057148402
0.0047999296
0.0042703707
0.0042518478
0.0043279674
0.0047888346
0.0107602347
0.0343222229
0.0313975141
0.0428433564
0.0486801330
0.0366817708
0.0287890179
0.0054181314
0.0045935754
0.0047186243
0.0050207007
0.0254355844
0.0570019105
0.0451507485
0.0053707790
0.0055913674
0.0040571741
63.7178163685