0.2764986734
0.2704214090
0.2709456711
0.2768559606
0.2880858811
0.3054313122
0.4949939107
0.3697876637
0.3579512686
0.3879388297
0.4485022316
0.3375256328
0.3299412062
0.3245344470
0.3252633815
0.3347276317
0.3557638704
0.3927568955
0.4528582824
0.7750922735
1.9032625067
2.3851805425
1.7125846240
1.7460438948
5.5289054804
2.2289799648
0.4538374484
0.3703821146
0.3205214645
0.2917230581
0.1724121684
0.1726673638
0.1765292731
0.1840614446
0.1961787619
0.2146772853
0.6501625481
0.7543337290
0.4441285701
0.5990514709
0.7276727931
1.1433322068
0.2646521486
0.2589339064
0.2579036789
0.2639193101
0.2788713310
0.3052879219
0.5531200786
2.7654283688
1.9944629956
1.4225257986
1.8765354092
2.0919361808
2.0527573855
0.2866149008
0.2358188501
0.2044500650
0.1861998316
0.1764279834
0.1571336118
0.1597489012
0.1700894720
0.1883369744
0.2124361872
0.3799106171
1.6133084728
0.7471349949
0.9520111764
1.0301725673
1.5459741732
60.8846868903
1.0077428708
1.5402067282
2.3172842351
1.7510510864
1.3986683182
1.9797428051
1.3922644099
1.6438170253
0.2571458339
0.2071373620
0.1776632179
0.1624459156
0.1509481791
0.1525905851
0.1604105860
0.1740005852
0.1930973412
0.2189488937
1.6996101476
1.6229174563
0.6462363786
1.4701603034
1.2859639909
1.1030536531
2.1957582081
1.6042777767
1.5509951231
1.3670395710
1.7436642975
1.7038825074
2.3083763350
0.2855411149
0.2318302181
0.1937334834
0.1695539540
0.1561246279
0.1515540035
0.1531434720
0.1632526967
0.1821669421
0.2123414941
1.6721232475
1.8487368600
0.9130732783
0.9887118133
1.6091210932
1.6616257420
0.8831023693
2.0009810972
2.5466876552
0.2667060447
0.2145786959
0.1795133195
0.1595837003
0.1603771038
0.1634708499
0.1821944251
0.4361210528
1.4742861334
1.3305141307
1.8425723420
2.1053075676
1.5724664156
1.2290295256
0.2063099843
0.1736240987
0.1806936165
0.1937397371
1.0929388804
2.5128895691
1.9834133945
0.2072824251
0.2183649790
0.1509481791
60.8846868903