1.1741929743
1.1507346626
1.1549383937
1.1819200351
1.2316495950
1.3076980632
2.0846694984
1.5710941534
1.5359528163
1.6461109559
1.9049726340
1.4483487920
1.4139661205
1.3884574543
1.3896535737
1.4289575551
1.5185381874
1.6771702037
1.9354229603
3.3631145909
8.0105830266
9.7857922586
7.0371954230
7.4875280369
21.6895291118
9.0880449197
1.9026286746
1.5586348032
1.3536013323
1.2357445293
0.7387019226
0.7401074233
0.7571130183
0.7900419420
0.8429664945
0.9239777807
2.8973577135
3.3536200098
1.9249758552
2.6513914959
3.2088333730
5.1232888132
1.1409414886
1.1139357367
1.1077940299
1.1330973502
1.1982088035
1.3144028749
2.4285851270
12.4291201101
8.9396233360
6.3510222485
8.4226741957
9.3485590874
9.2216013936
1.2325210497
1.0117086039
0.8761856444
0.7976320942
0.7557407270
0.6697150519
0.6802795162
0.7233015664
0.7997913889
0.9028546835
1.6447297751
7.1469771490
3.3168337654
4.2068078311
4.5673150939
6.8733276727
271.5279482305
4.3914518444
6.7243119407
10.2146005561
7.6864263442
6.1391879859
8.6954156260
6.0300162130
7.2820779877
1.1019267065
0.8852753380
0.7582140352
0.6927559691
0.6411215021
0.6475070729
0.6799885757
0.7371139338
0.8185120249
0.9300149954
7.2590089776
7.0128921056
2.7991470099
6.3221615135
5.5432353146
4.7488515608
9.4450087363
6.8781213505
6.6177573557
5.8224819021
7.4574979723
7.1948919023
9.9081357165
1.2195400154
0.9889695417
0.8251926103
0.7213348864
0.6636249730
0.6420573329
0.6482233061
0.6905092958
0.7704109760
0.8982363459
6.9494889699
7.7657172210
3.8182408653
4.1547781848
6.7212639851
6.9168106232
3.6990808333
8.2763255669
10.6192284303
1.1313017121
0.9109055674
0.7617007763
0.6766221959
0.6776488063
0.6901034848
0.7682792719
1.8189280693
6.0299713705
5.4827549053
7.5404378411
8.5903673557
6.4356087499
5.0327737106
0.8715933256
0.7339548034
0.7609019843
0.8143997604
4.4610353905
10.1491231424
8.0178282560
0.8719185134
0.9154612470
0.6411215021
271.5279482305