27.8493462758
27.3335064097
27.4564123216
28.1079119576
29.2898647844
31.0864660412
48.7525313341
37.0589229369
36.4674726810
38.8138424525
44.8134011316
34.4806160829
33.6822967789
33.0844532804
33.1080922821
34.0214568405
36.1068911757
39.7962433289
45.7892150010
79.1463413204
184.6708487464
221.8322885920
160.6748981065
173.9538156556
475.4845860193
207.0291172922
44.4611570367
36.6044021615
31.9250153689
29.2414192866
17.6454681666
17.6816272647
18.0860583742
18.8670512777
20.1213576416
22.0414964448
68.7262924745
79.2866907962
45.4272130718
62.8564799966
75.7496752721
121.2954464379
27.3008611068
26.6750710812
26.5368460507
27.1395319546
28.6813816897
31.4256857762
57.9321100901
295.4645361712
212.0979888660
150.8225714732
199.7062270905
222.7597650846
217.6522412318
29.2508629959
24.0544499115
20.8708237800
19.0265731623
18.0437944276
15.9248319655
16.1635359650
17.1576841208
18.9349376151
21.3596328305
39.1389424553
170.8235763946
78.8747264724
100.4617143147
109.0357668566
164.2271629096
783.3878992561
105.4032005594
161.4409965525
244.7899809253
184.1540782408
146.9076966285
208.2602457569
144.6764230689
173.9794643515
26.1362633743
21.0105530449
18.0141759712
16.4714626284
15.2179841427
15.3592695364
16.1135764559
17.4532077687
19.3847893580
22.0621624270
174.9067038457
168.6311762217
67.0708690042
152.1835112375
133.3612679411
114.2497458098
227.5307490114
165.6905112530
159.4978068969
140.2691799476
179.6070539903
173.5972359624
238.6064498731
28.9957221339
23.4821746400
19.5854844215
17.1227481732
15.7551974745
15.2433726065
15.3826085850
16.3823657085
18.2928186086
21.3774771373
168.2143304263
187.7316813197
92.2272561513
100.3201360328
162.6096738976
167.4067099398
89.2642975587
200.4799047912
257.0294015944
26.9641839929
21.6653275940
18.0974595825
16.0694169018
16.1125957621
16.4090341139
18.2911361985
43.7889541485
146.2834135126
132.8568869944
182.9933597856
208.5763383432
156.0905028571
121.9775134294
20.7694091843
17.4624367684
18.1381039912
19.4367697398
108.1870118309
246.8439279988
194.9106016809
20.8163097244
21.8939127246
15.2179841427
783.3878992561