358.0829855889
356.8442140583
361.5029642377
371.4014810038
386.9016898377
409.0032337122
529.0463055736
462.0373295157
472.8419257655
479.1651252460
529.5688630041
460.7899023604
453.0478614926
446.4007922719
446.0449828237
455.2147776529
476.7388772584
514.3393230977
573.4666898102
926.0226654664
1659.6175254633
1741.8629733904
1280.0414063804
1679.5834155727
2732.2505790435
1443.4401291966
483.2058841871
422.3204861345
386.5787660341
366.9518581062
243.9448128723
244.7132267625
250.0129116854
260.0266179869
276.0153447382
300.5200932277
885.8749681106
976.0664119293
540.2651106953
800.4982086528
910.0688293103
1526.2013210394
383.9506663167
377.9406225333
377.1345607967
385.2450944212
404.8719664173
438.8595487723
795.9631238949
3931.7605345251
2752.5296297143
1981.6857544800
2576.5238230487
3049.9755453760
2641.0971731636
380.5565481030
318.5630852934
281.2729264396
259.7864082399
248.4076691947
211.2482581237
212.7921004994
222.3380018155
240.8074690457
270.1967576136
528.5452335518
2415.9423329839
1058.8264948919
1407.7190544346
1520.6537492777
2311.3930569496
346.3863785333
1541.5282635663
2369.2649885351
3540.8686774647
2651.8529469748
2091.7518403521
2992.9018117087
2104.2290136624
2447.2465557915
338.5064784928
273.7636919682
237.1529087239
218.3919355635
198.5761838828
199.1186306785
206.9138898708
222.5434327434
248.1814540096
287.9100779580
2631.8159162025
2504.5250492607
966.5106656882
2275.8693360118
1985.5095478395
1700.0112745222
3423.3418682740
2488.0355061562
2400.6658132012
2100.8432047497
2688.6190408638
2623.7891459143
3576.0638298271
384.4701440146
307.3455073826
255.3523895911
223.5486435130
205.9885674888
199.3019541300
200.2718377580
212.9703967495
239.9985063625
287.1539845048
2593.8649742887
2880.5141999177
1401.9511851180
1523.8167835036
2501.8257793687
2579.2756733660
1345.3416983871
3099.5854283928
3966.4498053721
365.3737047621
287.9793909181
238.2363592825
210.7548888252
213.5952197668
217.6657297337
245.7011047405
646.4001075178
2276.3756227226
2056.6849528708
2856.2365270003
3262.4671945414
2424.1427059866
1883.4526377225
280.6605339899
232.7622475880
245.9145239968
266.4808308582
1676.7691393451
3891.4364923012
3061.3242799417
285.8687752702
305.1944674261
198.5761838828
3966.4498053721