112.4623368273
110.7126781008
111.4020818682
114.1324642128
118.9328756436
126.1396366031
191.1311985362
148.2223983097
147.6062820975
155.1687654826
177.9930506794
140.3452192608
137.2575987376
134.8933238276
134.9423823244
138.4742636972
146.5803966628
160.8960464511
184.0385959869
314.6526793572
702.8274946272
816.3809119601
599.2825133620
671.7510886045
1636.1407804016
764.1753992028
174.1279077670
144.8563212670
127.4547004261
117.5291577545
72.2933249242
72.4614801241
74.1048589232
77.2620595502
82.3258602095
90.0801383116
278.1596616608
318.4491694233
181.4235092874
253.9109305762
303.0528236699
488.9873245544
112.2715212683
109.8537943672
109.3472891749
111.8010013020
118.0181153582
129.0310153521
237.1367694743
1202.6792569747
859.4279733944
612.3360949632
808.2524356831
911.2824318204
871.8770999824
118.3804847662
97.6859344043
85.0546259076
77.7466313537
73.8582215873
64.6650660316
65.5340688710
69.3429010961
76.2358858525
85.8957696539
159.4671320589
703.0630168408
321.2689287009
412.6626798166
447.5629612562
675.4390710369
1176.0055150187
436.8363253909
669.5931618497
1012.3327851348
760.8388599172
605.5437395677
860.0446846683
598.8696877998
715.3681633488
105.6467035992
85.0171988912
73.0376532720
66.8774691336
61.5743331635
62.0637352112
64.9848458097
70.2819143103
78.1091109043
89.2157192134
729.1455663155
701.0095611144
276.9663759144
633.5936605846
554.7342454784
475.1780813949
948.6696696519
690.5384972519
665.0533087114
584.2584301526
748.0373423149
724.4971641906
994.0107855329
117.7378554212
95.0935742668
79.2438207597
69.2928849896
63.7742042619
61.6921765379
62.1991917426
66.2151758700
74.0614798054
86.9509850209
705.0747073166
786.0101753764
385.3226118139
419.0980166976
681.2923888955
701.6363089212
372.2995574419
840.9248948960
1077.6395545040
109.9517971226
87.9935737266
73.3526835128
65.0792010093
65.3858633000
66.5913114987
74.4106764941
181.7479313478
614.4371426727
557.3914583184
769.2048666421
877.2018295446
655.3878839282
511.4902215013
84.6275264638
70.9483160449
73.9412729632
79.4106788832
454.0292258378
1040.0009532815
820.4979528286
85.0925397376
89.7691721645
61.5743331635
1636.1407804016