0.8257796127
0.8093638974
0.8121105119
0.8306187309
0.8648310704
0.9171637032
1.4533168527
1.1038036522
1.0743634668
1.1561369832
1.3306441747
1.0159967951
0.9932290574
0.9765258168
0.9779904279
1.0054786646
1.0673552833
1.1764009904
1.3533076140
2.3167323505
5.5246248340
6.8418024358
4.9013240066
5.1124098626
15.5605080527
6.2986828415
1.3311310098
1.0926659464
0.9504283854
0.8685934472
0.5201824362
0.5210907733
0.5328214465
0.5555956342
0.5922072596
0.6481732228
1.9844384197
2.2880687699
1.3265005497
1.8195768652
2.1931603536
3.4892061749
0.8020908390
0.7845851149
0.7811414211
0.7990985199
0.8442300858
0.9241467908
1.6879197623
8.5071990070
6.1102303442
4.3563597379
5.7500977630
6.4391899284
6.2505224073
0.8617454539
0.7093298793
0.6155812036
0.5611454903
0.5320596982
0.4713598966
0.4787343821
0.5087828532
0.5622378949
0.6342165080
1.1506931044
4.9625284848
2.2877829257
2.9216582908
3.1646224583
4.7601445543
170.2001533607
3.0848838044
4.7210191030
7.1262344989
5.3707295193
4.2848850943
6.0733231498
4.2464444092
5.0532921925
0.7717024067
0.6211929355
0.5329140110
0.4873967062
0.4515046631
0.4560094729
0.4788241227
0.5189980198
0.5763688336
0.6552332358
5.1659236982
4.9555882192
1.9698042216
4.4810013641
3.9224111001
3.3621289574
6.6972513673
4.8840644210
4.7111648353
4.1463610308
5.2999787615
5.1502378742
7.0303591782
0.8573025931
0.6949123813
0.5801411244
0.5075285377
0.4672132637
0.4528582801
0.4572962792
0.4873012329
0.5441795375
0.6356652080
5.0240691541
5.5823533138
2.7480374847
2.9829072691
4.8459143103
4.9957611202
2.6575874874
5.9982351711
7.6645371145
0.7996098706
0.6425508086
0.5370321554
0.4771240018
0.4791559381
0.4882573001
0.5444908485
1.3071352584
4.3971405984
3.9815822391
5.4987643585
6.2743902419
4.6902212451
3.6647187130
0.6172281213
0.5190380322
0.5399605603
0.5790355129
3.2548756096
7.4557404744
5.8852474908
0.6197030041
0.6526363943
0.4515046631
170.2001533607