4.4380435068
4.3552090357
4.3739520037
4.4766713714
4.6635442271
4.9478200695
7.7587856590
5.9164171924
5.7995225356
6.1938484838
7.1380010290
5.4874510989
5.3625912636
5.2695468460
5.2746076648
5.4202731774
5.7513168009
6.3360397722
7.2849272975
12.5324561784
29.3306951737
35.6806131168
25.6701472326
27.4933941353
78.4692695660
32.9417618933
7.0853533654
5.8338055857
5.0881696833
4.6603085377
2.8110929308
2.8165946938
2.8805579741
3.0042705454
3.2030064423
3.5070929085
10.8489111110
12.5025626665
7.1899110055
9.9298019637
11.9540260098
19.1135989359
4.3455140910
4.2483491709
4.2278543629
4.3241913566
4.5687719385
5.0030459518
9.1883320210
46.6312963051
33.4616517341
23.8224005058
31.4938607571
35.2277469972
34.2516498460
4.6530578648
3.8291329800
3.3237975243
3.0308319317
2.8745720949
2.5386347498
2.5768013238
2.7354630178
3.0190394599
3.4053888427
6.2264962453
27.0847493512
12.4854095202
15.9319160170
17.2772423422
26.0139018966
378.7493240276
16.7699548839
25.6800163887
38.8617357439
29.2512757335
23.3291428168
33.0780326599
23.0390022429
27.5784124770
4.1608608198
3.3469059619
2.8707947425
2.6255286283
2.4273354179
2.4501023378
2.5707025126
2.7847518673
3.0932273081
3.5207205439
27.9389685524
26.8803113690
10.6817418921
24.2784658033
21.2651769903
18.2208806545
36.2988014775
26.4466069752
25.4768409733
22.4110850669
28.6756374702
27.7763572376
38.0759331636
4.6206237938
3.7423071738
3.1221529228
2.7303006571
2.5127183210
2.4327267125
2.4553007586
2.6153668373
2.9211157675
3.4150009222
26.9926719678
30.0741097598
14.7815956471
16.0673160485
26.0696288547
26.8540131699
14.2998643107
32.1913153159
41.2178347545
4.3034395432
3.4566120187
2.8874290944
2.5642033436
2.5731274007
2.6210726149
2.9229728833
7.0186152363
23.5324884448
21.3470769500
29.4353015343
33.5648932321
25.1030315179
19.6143085781
3.3172295570
2.7884847011
2.8990331378
3.1081649966
17.4067483988
39.7863022820
31.4078850672
3.3279382316
3.5029901494
2.4273354179
378.7493240276