61.2730053303
60.1618706904
60.4508407819
61.9004862411
64.5172393031
68.4879136481
107.0962506386
81.3928362370
80.3720941126
85.2734324348
98.5286751266
75.9934045085
74.2203320341
72.8857185187
72.9229366298
74.9238318477
79.5093537837
87.6293426505
100.8229717188
174.6868249751
405.1668390714
481.7054116545
350.5311420435
383.5254894219
1008.8667350252
452.1486515163
97.5382123205
80.3750316395
70.1570352340
64.3024576162
38.8871865248
38.9702126144
39.8652316908
41.5910264899
44.3619518072
48.6053258487
152.2312491983
175.6446211183
100.3499435811
139.1462264333
167.6781564121
268.9111510301
60.2216803253
58.8254585578
58.5092060071
59.8336625198
63.2369606913
69.3018334702
128.0405376506
654.9322276371
470.0619523334
334.0570233921
442.6362667774
493.3099464927
482.7162671060
64.4605952528
52.9992068116
45.9848437472
41.9240652839
39.7617238583
35.0524272058
35.5713617365
37.7460494891
41.6389587410
46.9689432574
86.2927105967
377.8489666371
174.4979404709
222.1462969467
241.2157825887
363.4613457471
1083.5558901248
232.7346080142
356.5636909411
541.2400266053
406.9758017161
324.6563188311
460.2440680206
319.2277880805
384.8566511597
57.5614422106
46.2572846409
39.6555713878
36.2580870273
33.4732830499
33.7774539422
35.4271411941
38.3640295443
42.6101037286
48.5096717918
385.3692512665
371.9936475383
147.9505781047
335.5583531919
294.1257883076
251.9356298547
501.7596476520
365.2518098819
351.4410272573
308.9910524666
395.8211019191
382.0676734650
526.0449895058
63.8411308577
51.6868636317
43.0983248670
37.6724381344
34.6594954973
33.5172582342
33.8170131263
36.0087799342
40.2070903942
46.9946038194
369.6108166239
412.9602832283
202.7548912721
220.6667496509
357.4875316927
367.9165691638
196.2741629118
440.3150625386
565.0073696662
59.3269466087
47.6629377700
39.8061552494
35.3393661048
35.4208347901
36.0666678313
40.2001016918
96.2075345324
320.9075149291
291.6567315659
401.4764455075
457.4858708643
342.4566170437
267.6250659095
45.6703680605
38.3944069940
39.8658968543
42.7134775588
237.2744786470
540.8551749255
427.0954715418
45.7550987181
48.1095535674
33.4732830499
1083.5558901248