64.9358850821
63.7516663337
64.0550701987
65.5913417023
68.3670506431
72.5806539130
113.6663033039
86.2601285081
85.1954937328
90.3899687856
104.4966850176
80.5255997257
78.6381255300
77.2177703245
77.2556085650
79.3796736134
84.2496547551
92.8759154910
106.8969238183
185.4189369511
430.6571927488
511.5217039247
372.5827274610
407.7527658240
1068.1475693396
481.0483326985
103.4987993807
85.2496489262
74.3848280745
68.1588402553
41.1884009217
41.2764507032
42.2257837201
44.0562643144
46.9953297740
51.4964540595
161.5341514153
186.4706947650
106.5158604523
147.6541626844
178.0362308673
285.4602136776
63.7837053122
62.2959511761
61.9563205009
63.3588142816
66.9680240314
73.4033256979
135.7055293643
694.7956389525
498.8078173318
354.3737709610
469.7482065386
523.0737855481
512.6404220197
68.3239017939
56.1620284444
48.7190166502
44.4103572226
42.1161910985
37.1367877362
37.6888295960
39.9979999536
44.1295980242
49.7809070058
91.4375686058
400.3881235151
185.0342371050
235.4055560931
255.6747670230
385.2126921654
1098.2514376745
246.4369098797
377.5490424099
573.3071864825
431.0810973104
343.9205794441
487.5284804673
337.9870306965
407.8443148829
61.0073572276
49.0200236991
42.0180705434
38.4147509256
35.4659307519
35.7897271959
37.5401406005
40.6538655195
45.1511447791
51.3935326205
407.7089955366
393.7204712928
156.6578999801
355.0899380805
311.2893009416
266.6405767534
530.9420757693
386.4859465546
371.7951813321
326.9097617225
418.8124260203
404.1072509645
556.6374484946
67.6406145588
54.7684610091
45.6677179187
39.9164926782
36.7227262254
35.5092502540
35.8273993560
38.1489294912
42.5918599288
49.7691765314
390.6959199236
436.6443223397
214.3850504326
233.3604473532
377.9513930888
388.9389206810
207.5756787636
465.4025466055
597.2677890362
62.8329713944
50.4903876665
42.1709581491
37.4393429847
37.5182278035
38.2008705274
42.5717067542
101.7549836560
339.0638848189
308.2565567419
424.1970607191
483.3242816132
361.8554130119
282.7960812311
48.3657504717
40.6663551651
42.2134924246
45.2211936222
250.7036773709
571.2416592586
451.1265025933
48.4423765529
50.9229313212
35.4659307519
1098.2514376745