16.1322624364
15.8252967016
15.8924015832
16.2685775844
16.9544872148
17.9992355114
28.4147712106
21.5040773557
21.1311290716
22.5270962441
26.0556250757
19.9538530177
19.4848147600
19.1343817631
19.1477035052
19.6809206946
20.8992393188
23.0564176630
26.5646169299
46.0785829596
108.2333528546
130.5389770904
94.3696358516
101.8839572877
281.3617497230
121.9443555913
25.9013910038
21.2830238212
18.5318965238
16.9530428278
10.1950070843
10.2155908944
10.4501541963
10.9033945024
11.6314848813
12.7462354801
39.9218813305
46.1327532364
26.4284831836
36.5145947602
44.0966781442
70.5485325247
15.7672850165
15.3986370057
15.3152017714
15.6634251815
16.5583704348
18.1540320007
33.5319597399
171.5008582014
123.2166123790
87.5552621425
116.0555134795
129.1043134931
126.7904353145
16.9503650553
13.9262963110
12.0728944750
10.9992332720
10.4270750471
9.2151649424
9.3556910998
9.9367203743
10.9734808337
12.3823199141
22.6545601052
98.8138067843
45.7366592344
58.1280807131
63.1125096869
95.0370109528
701.1825772993
60.8119016970
93.1388568454
141.4065758394
106.3707521330
84.9009794417
120.3152113987
83.4600878482
100.6603665550
15.1454235787
12.1700311220
10.4287857369
9.5321757689
8.8107060886
8.8943501728
9.3342044984
10.1127770666
11.2307813105
12.7739351044
100.6400581441
97.1701736866
38.7102259066
87.6319760658
76.8215626355
65.8094291593
130.9804092528
95.3698379235
91.7650667703
80.7115511393
103.3764286056
99.7841263641
137.3632134235
16.7817467277
13.5974783105
11.3419561032
9.9144615436
9.1215103348
8.8232996597
8.9049630231
9.4838834417
10.5857616608
12.3585531819
96.4814296554
107.7879035469
52.9616027424
57.6295733554
93.3122828640
96.0327555271
51.2854422891
114.9313071217
147.4511984615
15.5838306421
12.5329518675
10.4732729979
9.3007020303
9.3192067687
9.4898560361
10.5717394643
25.1773035117
83.7627545940
76.1385056737
104.7730574801
119.3800390195
89.3925480018
69.8798336533
12.0019846314
10.0977220581
10.4777378886
11.2209623465
61.9520004614
141.1132513025
111.4528739942
12.0167524285
12.6272438751
8.8107060886
701.1825772993