14.2862235474
14.0225151661
14.0839068544
14.4142079214
15.0140711045
15.9258681395
24.8935787259
19.0149188592
18.6571554266
19.9086702132
22.9157897042
17.6667241611
17.2693541508
16.9732058807
16.9905563671
17.4576510846
18.5176769605
20.3885003525
23.4220295596
40.1807729568
93.7801762844
113.7253005199
82.0391304900
87.8710692019
248.3488408922
105.2993727387
22.7458116618
18.7461037097
16.3631322962
14.9959637812
9.0586571442
9.0764573787
9.2819332796
9.6792744590
10.3175072075
11.2939048912
34.8045283747
40.0686127709
23.0621054241
31.8589171126
38.3079426337
61.2550802737
14.0039181352
13.6956061970
13.6321557557
13.9427402552
14.7281793863
16.1208332534
29.5529150639
149.6060891061
107.3115905275
76.4435515980
100.9819831147
113.1480811480
109.6499214530
14.9647893488
12.3230348438
10.7027722688
9.7633226270
9.2621989288
8.1738718166
8.2957883908
8.8040443177
9.7130967389
10.9532820628
20.0329840948
87.1139940647
40.0933333552
51.2379571953
55.5455586800
83.6451900812
530.7616696339
54.0523417921
82.7678605436
125.1190095651
94.1933170492
75.1023003878
106.5052371139
74.2813549440
88.6941746241
13.3826795491
10.7685556372
9.2402651375
8.4530194821
7.8136820089
7.8862556570
8.2730613900
8.9605618647
9.9531085562
11.3313551040
90.2581496098
86.7244512231
34.4261527984
78.3785497983
68.6306531937
58.8099440417
117.2082188200
85.4092737260
82.3172156056
72.4046897968
92.6181141514
89.8294706145
122.9489880141
14.8742647735
12.0435612052
10.0477794905
8.7878071345
8.0883805630
7.8327493070
7.9050719806
8.4204168481
9.4067526097
11.0033324107
87.4568434597
97.3383867787
47.8499490652
51.9865675786
84.4322160884
86.9969959848
46.2709248193
104.3561242224
133.5265466493
13.8687972444
11.1328675763
9.2973985335
8.2562287629
8.2895039383
8.4445824945
9.4210478535
22.7030955916
76.3707256842
69.2224761006
95.5350043077
108.9747861432
81.4675992290
63.6375167845
10.6928157134
8.9844263518
9.3477816023
10.0264675874
56.4965160297
129.3244569294
102.0760422717
10.7358445202
11.3082921052
7.8136820089
530.7616696339