0.5136376840
0.5029623286
0.5043314334
0.5155698529
0.5366000098
0.5689058360
0.9097285957
0.6864281754
0.6662996318
0.7194950359
0.8291779778
0.6295340550
0.6155157746
0.6053772078
0.6065334894
0.6238289548
0.6624774542
0.7304801959
0.8408284061
1.4367361003
3.4711159259
4.3252219926
3.1021987419
3.1957839291
9.9371435122
4.0081380773
0.8339783589
0.6830167091
0.5928965798
0.5409496229
0.3221800033
0.3226991892
0.3299226979
0.3439787202
0.3665817473
0.4011062489
1.2182590236
1.4080376664
0.8229029415
1.1198131987
1.3537377834
2.1408645076
0.4956392478
0.4849877629
0.4830196939
0.4942040437
0.5220847649
0.5713529172
1.0380862407
5.2026736543
3.7433978265
2.6704314985
3.5220619416
3.9390667366
3.8368366079
0.5339801173
0.4396294650
0.3814765394
0.3476722413
0.3295887500
0.2926509542
0.2973512394
0.3162474172
0.3497430084
0.3944513576
0.7104878448
3.0393612100
1.4032655034
1.7914835399
1.9392090842
2.9136298647
110.0481706079
1.8963825038
2.9001630661
4.3673945771
3.2965412555
2.6311125160
3.7268137544
2.6157195325
3.0956549956
0.4786757139
0.3855498532
0.3308089615
0.3025637906
0.2807025800
0.2836132124
0.2979447701
0.3230375149
0.3586254646
0.4072373072
3.1919492608
3.0521931367
1.2136541064
2.7635321536
2.4177379092
2.0734495391
4.1293971179
3.0146433684
2.9121840081
2.5650176548
3.2743268407
3.1939480910
4.3381303632
0.5319516454
0.4314809471
0.3604072106
0.3153909280
0.2903957107
0.2817396992
0.2845904403
0.3033231643
0.3386468750
0.3953054062
3.1297961306
3.4657973130
1.7092280442
1.8523488447
3.0139924669
3.1107776690
1.6526697398
3.7426228157
4.7695694682
0.4969070466
0.3993954166
0.3339217305
0.2967543001
0.2982432116
0.3039696814
0.3389762686
0.8144817707
2.7535974070
2.4873200879
3.4424051310
3.9318463225
2.9368690828
2.2947371527
0.3840619636
0.3229970237
0.3362685683
0.3606851692
2.0401038047
4.6876514258
3.6995416755
0.3859620060
0.4067383158
0.2807025800
110.0481706079