349.3006749399
345.5955868104
348.7606236260
357.7984659103
372.9136073321
395.1405661864
565.2466385702
454.5779783269
460.7713407626
474.1621536962
539.9634037931
441.7959892638
432.7734166558
425.5866137733
425.4575933062
435.6426997200
459.2949806783
500.9744567675
567.8243704788
956.2301480109
1966.5273526968
2164.4893828592
1606.4517811855
1945.6218333685
3833.1097112509
2005.4451770416
513.2718535105
434.8160769537
388.3697509921
362.1918616009
229.9065916772
230.5431733925
235.7135366287
245.5621216142
261.3223883631
285.4747098326
870.6699122630
985.8276491846
556.1832207657
792.5323160088
932.4133880809
1522.5498944984
359.1177604843
352.0598948990
350.6969524101
358.4165351178
377.7314734541
411.7161764114
753.8245554231
3796.0935462319
2694.9579699760
1925.0318011122
2530.1425815632
2895.6698259907
2689.2782449860
369.6078829671
306.5589156656
268.3324558589
246.2678273414
234.5600778092
202.8250286460
205.0162913202
215.7746438863
235.7241613118
265.1297233031
502.8676124716
2252.5468331080
1014.6956410927
1318.7215156733
1428.9607504196
2162.4166760699
1521.1110250045
1412.6255135226
2167.7604444738
3264.7167223115
2450.1992770706
1943.3684347698
2767.6159519714
1932.9447564984
2288.5441718052
329.1994896109
265.3094109722
228.6035546725
209.7593349120
192.0512481819
193.1373571015
201.5618262654
217.4468699117
241.9436341715
278.0318701611
2376.2789457490
2276.2563430583
891.1468873238
2061.6572268717
1802.6740783683
1543.8952208321
3092.7316003362
2249.8162546291
2168.0753326040
1901.7489425251
2434.6253270377
2364.7504980555
3236.4462692232
369.3804556413
297.1077896929
247.2374624342
216.2386434983
199.0706207527
192.4899637649
193.7665749844
206.1270980110
231.1751104537
273.4052848372
2314.7389819221
2576.7186548885
1259.4602901848
1369.5454100966
2235.4668745117
2303.2561099490
1213.8880301224
2763.4228921678
3539.6392269194
347.0846452468
276.1135070994
229.4497149907
203.2972596281
204.8602757235
208.6291261635
233.9985694818
588.5179510552
2023.0106038755
1832.1930201552
2535.0626840384
2892.9327217128
2156.6893380712
1680.0650593876
266.8161367796
222.7127677814
233.2652270211
251.3432910917
1492.9933327304
3438.4365249442
2709.4946727836
269.5556991452
285.6370048798
192.0512481819
3833.1097112509