4.5315196872
4.4455609602
4.4644900805
4.5700913507
4.7625551228
5.0556488386
7.9747857328
6.0479471023
5.9341089418
6.3338606861
7.3215938445
5.6049276628
5.4736779204
5.3756751292
5.3796150047
5.5293020388
5.8710693651
6.4760252489
7.4596077496
12.9246111117
30.3590883828
36.8028665496
26.5100042768
28.5510118980
80.1933025150
34.1113987135
7.2698269264
5.9752338799
5.2040713033
4.7615345086
2.8649944232
2.8707206110
2.9365218670
3.0637097935
3.2680336224
3.5808328015
11.1957355856
12.9324783920
7.4140687940
10.2413710545
12.3625049715
19.7757058224
4.4302469795
4.3272546726
4.3041591680
4.4020877015
4.6533436172
5.1010802102
9.4144167444
48.0987011686
34.5503824516
24.5594200870
32.5424406173
36.2267183206
35.5295715467
4.7614888077
3.9126641669
3.3923494844
3.0908859845
2.9302014853
2.5899785903
2.6294166990
2.7926254896
3.0839313449
3.4799357222
6.3650233300
27.7458003511
12.8371819218
16.3228461597
17.7189708383
26.6782217362
446.7798191894
17.0874980156
26.1712975984
39.7157158689
29.8808101830
23.8466598204
33.7949478766
23.4553057412
28.2615755033
4.2554940305
3.4199463367
2.9309222384
2.6790637103
2.4766274745
2.5001274337
2.6237655712
2.8426869109
3.1571818921
3.5914366043
28.3050697881
27.3170765868
10.8799856025
24.6393168360
21.5965570839
18.5016113468
36.8253811327
26.8167689849
25.8074560204
22.6987337557
29.0686383897
28.0712941908
38.6250225375
4.7164773710
3.8215692912
3.1878330397
2.7867701906
2.5639706969
2.4805107166
2.5035106393
2.6663841463
2.9764715282
3.4754871316
27.1601041810
30.3310805971
14.9049647658
16.2160405359
26.2629418019
27.0301372388
14.4309329682
32.3559785076
41.5001285944
4.3812996529
3.5232882509
2.9442634781
2.6146832821
2.6203501947
2.6684683900
2.9730483733
7.0853417362
23.5897725704
21.4374569896
29.5074295491
33.6238550299
25.1737590510
19.6780522604
3.3748269176
2.8392281043
2.9466885269
3.1560968327
17.4481704023
39.7558946320
31.3984380013
3.3797020251
3.5520395036
2.4766274745
446.7798191894