4.4671868939
4.3828433747
4.4017038465
4.5058685382
4.6955450422
4.9842889986
7.8529938937
5.9614038392
5.8495341576
6.2426275752
7.2135605783
5.5263660042
5.3973012589
5.3008817540
5.3047728904
5.4521281689
5.7885473927
6.3839580421
7.3518284422
12.7291415590
29.8684811394
36.2058302068
26.0738904875
28.0886906762
78.9317746156
33.5277724118
7.1596031574
5.8866006737
5.1283273159
4.6932423492
2.8256352195
2.8312904290
2.8961397849
3.0214803166
3.2228311376
3.5310731875
11.0314989983
12.7387501306
7.3026103506
10.0903526589
12.1757434129
19.4819521400
4.3697125309
4.2684707476
4.2458535155
4.3424294622
4.5900368526
5.0311503484
9.2827616624
47.4034441227
34.0469510167
24.2053649371
32.0626407258
35.7138209118
34.9914581693
4.6938220564
3.8576452188
3.3451095148
3.0481502170
2.8898646852
2.5537683278
2.5925320385
2.7531800637
3.0400231440
3.4302628889
6.2767084751
27.3627134117
12.6547160237
16.0963431546
17.4705872769
26.3075045881
442.4785828384
16.8583487235
25.8191701873
39.1743571088
29.4711807262
23.5199118211
33.3354326375
23.1412057704
27.8701114167
4.1950664450
3.3716158054
2.8897558499
2.6415871570
2.4418088735
2.4648864766
2.5866386102
2.8023551980
3.1124839139
3.5410378081
27.9360285737
26.9545580563
10.7337503835
24.3157676708
21.3136758479
18.2578527813
36.3457393072
26.4655562972
25.4698077211
22.4022478328
28.6906957258
27.7103092020
38.1184749446
4.6504607474
3.7677675713
3.1429128148
2.7475601584
2.5279415949
2.4457382825
2.4683652630
2.6289520999
2.9348996096
3.4275426280
26.8176134489
29.9447653949
14.7147994087
16.0090933257
25.9304180295
26.6903297023
14.2462533780
31.9499743458
40.9805172618
4.3209519404
3.4742391361
2.9030856507
2.5780660801
2.5839384281
2.6314286247
2.9320899716
6.9934873238
23.2979773078
21.1698949106
29.1433010411
33.2091403303
24.8627904363
19.4323183107
3.3283911757
2.7998697706
2.9063054969
3.1131588059
17.2316761840
39.2723483225
31.0149803817
3.3337246533
3.5042193854
2.4418088735
442.4785828384