43.3096334462
42.5004761037
42.6906727400
43.7076965710
45.5545261355
48.3633602880
76.0921797537
57.6271454066
56.7783013972
60.3870601203
69.8308583247
53.6336292443
52.3725533823
51.4270883916
51.4573390164
52.8825654544
56.1449658057
61.9231305952
71.3186853699
123.7685268295
289.3734456323
345.9492653425
251.3097624964
273.0303336530
732.8983806592
324.6000598675
69.3226337881
57.0194272015
49.6923150760
45.4901005934
27.4130817105
27.4701238299
28.1018055912
29.3210520709
31.2791799173
34.2775915155
107.5052477011
124.1876941964
71.0312168017
98.2974370756
118.6397718618
190.0180279654
42.4233844636
41.4303011023
41.2039164532
42.1388107314
44.5443966032
48.8344163957
90.2689406229
462.0951113929
331.8813097312
235.7877882248
312.6022381349
347.7872328147
341.4298535402
45.5383757456
37.4195454159
32.4472363324
29.5679042105
28.0342043931
24.7506134247
25.1244054734
26.6764885346
29.4486827050
33.2252575822
60.8989187683
266.1402145199
123.1187389384
156.5141211356
169.9820037809
256.0312333922
991.4957045643
163.7579949211
250.8365263374
380.9115387146
286.4818188316
228.6045447461
324.0063872236
224.6535783645
271.1239282191
40.6748064704
32.6815600385
28.0078651595
25.6021113226
23.6512474869
23.8722723004
25.0474892603
27.1316737053
30.1311929123
34.2804530459
270.8565023789
261.5881760735
104.1605464759
235.9018091669
206.8047553453
177.1518298562
352.6647618363
256.7365168974
246.9917059166
217.2022609706
278.2445648227
268.4803227920
369.7897764152
45.0774180138
36.5129993773
30.4509202144
26.6167095710
24.4872267191
23.6815330879
23.8976278061
25.4487224823
28.4074416524
33.1754338659
259.5057893564
290.0292213805
142.4477555128
155.0313911652
251.0266289907
258.3299891363
137.9493185847
309.1200385979
396.6779909595
41.8597215695
33.6537171313
28.1166603546
24.9655475287
25.0146170036
25.4709252341
28.3778881209
67.6702294709
225.2166928804
204.7481759198
281.7416181480
320.9877175904
240.3604264452
187.8747972697
32.2288261073
27.1084350448
28.1309546502
30.1286952974
166.5479292254
379.3523629371
299.6092313928
32.2704159048
33.9128570454
23.6512474869
991.4957045643