0.1435650049
0.1404987179
0.1408795945
0.1440844535
0.1500939413
0.1593399839
0.2574262900
0.1929111383
0.1871630498
0.2021815420
0.2340511663
0.1762355800
0.1720529922
0.1689926575
0.1692106089
0.1740992461
0.1851629007
0.2047322362
0.2366106167
0.4106165306
0.9977256584
1.2422533134
0.8875531995
0.9223760976
2.8537574292
1.1479201372
0.2354452479
0.1921313307
0.1662883007
0.1513960868
0.0897353335
0.0898876343
0.0919442370
0.0959412016
0.1023703719
0.1122048703
0.3501287524
0.4059525320
0.2344788104
0.3208782597
0.3893354328
0.6187916940
0.1382621898
0.1349999185
0.1342785796
0.1373713500
0.1452926933
0.1594172726
0.2937178953
1.4982171379
1.0790811538
0.7670820082
1.0168127226
1.1272984380
1.1148791828
0.1501912219
0.1232163279
0.1066172642
0.0969834907
0.0918383034
0.0816928990
0.0830396782
0.0884132136
0.0979193147
0.1105716400
0.1999285855
0.8621711245
0.4009430602
0.5079437417
0.5511210033
0.8285053635
208.2339632073
0.5303174101
0.8115712630
1.2316425076
0.9276796021
0.7414596535
1.0495998627
0.7292591079
0.8786273522
0.1344432264
0.1080386281
0.0925045692
0.0844949160
0.0783568769
0.0791893228
0.0832369974
0.0902934531
0.1002429174
0.1137352426
0.8783294527
0.8475348109
0.3388422708
0.7642982820
0.6700139399
0.5741416945
1.1412103810
0.8316377534
0.8006810910
0.7048774470
0.9022308123
0.8717826206
1.1979384608
0.1486924562
0.1207122392
0.1007845297
0.0881196458
0.0810807236
0.0785075870
0.0793037427
0.0845074558
0.0942472079
0.1097260590
0.8432195979
0.9409234930
0.4632781866
0.5037104296
0.8149201307
0.8389823747
0.4488989583
1.0046430185
1.2875651695
0.1379380689
0.1111927811
0.0930530449
0.0826981314
0.0828308007
0.0843736553
0.0938854420
0.2212788492
0.7330040623
0.6659313579
0.9162918884
1.0441771219
0.7822896271
0.6119640288
0.1063858865
0.0896641705
0.0929287762
0.0994311031
0.5426095069
1.2349569232
0.9757427328
0.1064050125
0.1116832661
0.0783568769
208.2339632073