4.7545904170
4.6635960201
4.6830367744
4.7936846448
4.9956965401
5.3035462232
8.3843326405
6.3473124876
6.2265975437
6.6485459488
7.6900832507
5.8786787250
5.7403813591
5.6372176537
5.6413580728
5.7988176736
6.1583592989
6.7949289814
7.8302971987
13.5822919972
31.9784682621
38.7702773866
27.9387763928
30.0639523139
84.4174343069
35.9894528639
7.6417014856
6.2769839110
5.4639859714
4.9973245538
3.0033848414
3.0093642477
3.0784269327
3.2119401168
3.4264377251
3.7548196913
11.7544039360
13.5868128850
7.7900424453
10.7535069378
12.9905177572
20.7709371613
4.6435221572
4.5349384074
4.5104285561
4.6130882525
4.8768211984
5.3470350732
9.8738236615
50.4812560768
36.2741819566
25.7778377944
34.1694467656
38.0024843944
37.3373925914
4.9958418866
4.1041343223
3.5574654795
3.2407319393
3.0719077516
2.7163865423
2.7579973948
2.9297350165
3.2360443382
3.6518139850
6.6757515208
29.0876793705
13.4684998803
17.1149143590
18.5801725446
27.9722462966
458.7074594273
17.9014652802
27.4154639959
41.6211651333
31.3122960210
24.9946042084
35.4180997764
24.5739824585
29.6329725180
4.4649631237
3.5878561350
3.0743361873
2.8098582048
2.5979221168
2.6227601317
2.7527538058
2.9826549117
3.3124384898
3.7671393026
29.6313733397
28.6073476689
11.3998489971
25.8005008824
22.6169406556
19.3752530177
38.5581664797
28.0771396626
27.0175091848
23.7632737159
30.4384505242
29.3826696504
40.4405012888
4.9468720240
4.0088580475
3.3441474242
2.9233077778
2.6895049102
2.6018231223
2.6260526367
2.7969049187
3.1217524710
3.6439440469
28.4126473965
31.7391843529
15.5969860899
16.9707743388
27.4767457079
28.2785116695
15.1030054028
33.8446564150
43.4204222288
4.5935371236
3.6949397475
3.0880665667
2.7424838703
2.7478923790
2.7982779635
3.1170758077
7.4178763122
24.6694909649
22.4234482983
30.8572632871
35.1568480817
26.3278172789
20.5814629184
3.5382078560
2.9772389192
3.0890308502
3.3079481589
18.2474932071
41.5622382257
32.8266161611
3.5423044272
3.7219669870
2.5979221168
458.7074594273