17.2784231045
16.9498882367
17.0218396605
17.4246998711
18.1591847556
19.2778610040
30.4254664580
23.0300200801
22.6312334420
24.1259864274
27.9012612352
21.3717456036
20.8698147850
20.4947872821
20.5091359442
21.0800531471
22.3844008516
24.6937783861
28.4492596339
49.3369543867
115.8643656144
139.7265947800
101.0250826981
109.0581099116
301.0642856589
130.5307845874
27.7363529704
22.7923360902
19.8472109225
18.1570383228
10.9201532222
10.9422063609
11.1933957744
11.6787574039
12.4584441708
13.6521811511
42.7480624589
49.3936215919
28.2972158459
39.0986984100
47.2124994398
75.5369837597
16.8889862443
16.4945496498
16.4054068503
16.7784139682
17.7367942176
19.4453940954
35.9133242797
183.6506849298
131.9366413670
93.7597096086
124.2703082216
138.2630738212
135.7444288292
18.1534322372
14.9154238441
12.9309055969
11.7812814407
11.1686387638
9.8700155159
10.0204498476
10.6425510991
11.7526536517
13.2613183075
24.2640999027
105.8352498674
48.9792792098
62.2574861289
67.5946494343
101.7862932380
725.6441862870
65.1416059900
99.7707879440
151.4652439951
113.9379272188
90.9409025605
128.8738508978
89.4035524931
107.8142277313
16.2204438144
13.0341721824
11.1695989472
10.2094930270
9.4366363179
9.5261707732
9.9971646996
10.8309379504
12.0283689689
13.6814093243
107.8225655755
104.0950026022
41.4655440145
93.8817942912
82.2987623491
70.5018416832
140.3253282641
102.1745601865
98.3136816359
86.4699177814
110.7525790712
106.9084045089
147.1599544305
17.9739913605
14.5631891289
12.1474693424
10.6186902021
9.7694988979
9.4502422423
9.5376908619
10.1577626207
11.3381279965
13.2374774440
103.3827875958
115.4916477955
56.7459564166
61.7471270186
99.9837104776
102.9014708177
54.9508625312
123.1542633023
157.9946076161
16.6921696098
13.4237389038
11.2174812878
9.9615671842
9.9817460006
10.1645962233
11.3237374104
26.9747717680
89.7621496347
81.5877430150
112.2751898618
127.9298631379
95.7930933977
74.8814500914
12.8557150566
10.8156838641
11.2232864067
12.0197654320
66.3884645029
151.2285931222
119.4411980249
12.8721867072
13.5267443546
9.4366363179
725.6441862870