0.8665506735
0.8493968779
0.8524153199
0.8720389946
0.9082272604
0.9635490091
1.5278323046
1.1587521238
1.1296343426
1.2135794821
1.3990671894
1.0674472297
1.0430810457
1.0251160033
1.0264097459
1.0552624149
1.1205083977
1.2356815482
1.4227267931
2.4473010270
5.8236153033
7.1803297829
5.1461885365
5.4107585138
16.2102536938
6.6195740406
1.3977454137
1.1469855179
0.9974636227
0.9114819079
0.5459545239
0.5469411267
0.5593362165
0.5833751546
0.6220155876
0.6811118107
2.1020433705
2.4262188997
1.4011798382
1.9258141062
2.3236009412
3.7028647219
0.8424337634
0.8235543275
0.8196367801
0.8384289285
0.8860313101
0.9705387994
1.7796634713
9.0157943319
6.4777284671
4.6129350542
6.0983008258
6.8109218904
6.6426251764
0.9063060621
0.7453761967
0.6464782827
0.5890898598
0.5584479572
0.4946531482
0.5023813570
0.5339293868
0.5900707825
0.6657735315
1.2103008252
5.2355314833
2.4183144046
3.0819005951
3.3407422242
5.0262506353
189.3388954493
3.2420968830
4.9627337337
7.5069667529
5.6543573003
4.5124089770
6.3947341936
4.4587966706
5.3319836114
0.8111216371
0.6525042194
0.5594930566
0.5115500951
0.4736656349
0.4783632099
0.5022818586
0.5444178335
0.6046075475
0.6873293476
5.4059266917
5.1980445056
2.0687202446
4.6955027928
4.1123967507
3.5243697105
7.0170429431
5.1145643379
4.9293009651
4.3376765624
5.5483970977
5.3786777074
7.3641513113
0.9000539074
0.7296119849
0.6089809458
0.5326160233
0.4902056824
0.4748407695
0.4794461977
0.5108375955
0.5703304529
0.6659047998
5.2296937741
5.8219602407
2.8647005298
3.1120239761
5.0487877772
5.2017144373
2.7717561417
6.2382440802
7.9824908817
0.8380190655
0.6737940235
0.5632066314
0.5003380402
0.5020286827
0.5114609677
0.5700874060
1.3629434517
4.5637378859
4.1381366585
5.7069281018
6.5087839657
4.8687094821
3.8052522799
0.6464341777
0.5438095273
0.5651190907
0.6056630462
3.3773630185
7.7193262339
6.0947582189
0.6482832010
0.6820898252
0.4736656349
189.3388954493