44.4704530301
43.6435351937
43.8410493389
44.8863978014
46.7828786385
49.6661616436
78.0599410848
59.1578399614
58.3026686827
61.9882805277
71.6671463522
55.0833805364
53.7904282622
52.8205068343
52.8511543027
54.3126747466
57.6585287510
63.5841440084
73.2180804260
127.0244240741
296.5891266971
354.3521085936
257.4592674040
279.9474383122
749.6690463169
332.4192271188
71.1157124112
58.5122544468
51.0066937857
46.7027580302
28.1602649078
28.2190526347
28.8677176118
30.1195839501
32.1300262914
35.2085583822
110.3824050960
127.4818284206
72.9039197477
100.9199939431
121.7730374399
195.0618336255
43.5839946889
42.5659608417
42.3343107036
43.2944928385
45.7642760823
50.1680761308
92.7170756354
474.5211726035
340.7789565576
242.1370375929
320.9647927907
357.2426943221
350.4621908408
46.7616602319
38.4289641160
33.3261880247
30.3713892612
28.7975407922
25.4184735066
25.8011079168
27.3922810179
30.2353334765
34.1115378132
62.5465735280
273.4081565651
126.4438036221
160.7887821804
174.6107357410
263.0164738477
1001.3838892999
168.2654199401
257.7569094399
391.3947007113
294.3314731093
234.8849015489
332.9011989247
230.8591551338
278.5252110037
41.7662214102
33.5597325900
28.7622753723
26.2928785963
24.2869805670
24.5129466790
25.7181723450
27.8569120390
30.9372562410
35.2014535035
278.3973762731
268.8469306359
107.0258837467
242.4536986809
212.5436209706
182.0737727590
362.4742051713
263.8554821150
253.8625958880
223.2498895525
285.9771131417
275.9686962795
380.0565484887
46.2937130883
37.4952015935
31.2693023993
27.3322655575
25.1457458286
24.3184480168
24.5396941260
26.1321925016
29.1719871816
34.0733513281
266.8163643523
298.1440214759
146.4299050229
159.3690238906
258.0835922345
265.5779258634
141.7809645676
317.8165950489
407.8014718782
42.9953440256
34.5624617473
28.8741173390
25.6375045010
25.6897284860
26.1584562963
29.1462567606
69.5505214759
231.5722371214
210.5006205772
289.6889903203
330.0744577673
247.1386195175
193.1517369389
33.1027835349
27.8410473786
28.8945521913
30.9488751502
171.2437829203
390.1278647295
308.0973413439
33.1492662276
34.8401810559
24.2869805670
1001.3838892999