370.5142949079
369.8285357273
374.8484466143
384.9912792280
400.6476666368
422.7916644011
530.4884797229
475.1750970489
486.5157713826
492.3570870770
537.5431818293
477.2425696799
470.2900950588
464.2083682567
464.1150662281
473.2540828207
494.3676719237
530.8801792843
587.5997075046
921.4104446531
1581.8605128721
1645.5944291200
1214.3011983871
1594.6707066229
2515.6519556761
1321.4359766011
487.0939916930
430.1162271806
396.7140007051
378.5070268679
254.4854363378
255.2723417660
260.6443090172
270.7972252874
287.0022116105
311.8034587427
887.5960579679
965.9778605120
539.2067541688
802.4998126611
899.4057851939
1512.6463530015
400.6250336207
395.4372714529
395.1758519875
403.6895504838
423.6215514363
457.6811275887
818.8040082692
3959.4175342377
2755.8445717023
1996.3499664959
2573.3084186175
3107.6160726242
2585.3187898163
391.3160437672
329.2691176614
291.9391815611
270.3969758614
258.9701667362
219.3191801615
220.7323246441
230.1577142363
248.6200482929
278.5515861595
546.7831446678
2494.1723067832
1076.6447827889
1451.4100322277
1562.8147563269
2377.8010346058
249.7307563307
1616.2223973424
2484.0341477264
3683.5919123697
2760.9986859748
2172.5687187582
3114.5781048544
2210.1849973314
2523.2414647525
348.5392890846
282.6877050983
245.6175663358
226.6194232699
205.9264532560
206.3658408920
214.2130263601
230.2060107396
256.8679417897
298.7592072858
2799.9682027404
2644.6917785203
1013.1026672125
2411.3037039957
2099.3795715239
1798.3654275738
3630.4706583056
2641.1414085532
2554.5859914156
2234.8468399404
2855.4367650747
2805.4530769764
3793.4954665596
398.6118987545
318.0109213275
264.2461976606
231.5759353113
213.5736779185
207.0544164381
208.0290138592
221.2843073602
249.8553725355
300.2607753610
2799.7727106163
3094.6667766515
1506.1666091728
1633.8162912012
2694.3013780489
2781.5627976768
1442.0112123339
3351.9119904601
4276.4089779571
381.8188657319
299.7068770380
247.5497251085
218.9534969369
222.7966558344
227.2158549480
257.2629610574
691.6909431233
2473.6591773482
2227.5398318384
3104.5461746191
3550.6004686441
2632.5054083681
2043.1477753416
293.7500991409
242.9435677794
258.0100385258
280.4298913271
1822.1503278495
4253.8864955866
3343.5184646371
300.7392353985
322.4560406996
205.9264532560
4276.4089779571