5.5722073981
5.4683709454
5.4921212555
5.6213720235
5.8563758704
6.2138103201
9.7438398324
7.4289472616
7.2844846586
7.7770834963
8.9646359463
6.8916427223
6.7343082723
6.6169467475
6.6229886373
6.8058645060
7.2218537376
7.9568481764
9.1498246366
15.7533739184
36.8531738621
44.7874154390
32.2247349003
34.5684567726
98.2856439083
41.3579415424
8.8959746442
7.3244755186
6.3882898628
5.8511544112
3.5298023709
3.5367576512
3.6171774907
3.7726847171
4.0224909402
4.4047593030
13.6480958536
15.7300042732
9.0378707294
12.4881960600
15.0356592527
24.0510619076
5.4573532440
5.3347334394
5.3086236737
5.4295122078
5.7368914019
6.2829337004
11.5487934158
58.6600940497
42.0965751572
29.9670212365
39.6279621875
44.3031558073
43.1100999698
5.8447303656
4.8090710542
4.1739917184
3.8058562353
3.6095311027
3.1874767403
3.2353656917
3.4345520220
3.7905947847
4.2758459695
7.8215164245
34.0446471104
15.6995297378
20.0243779211
21.7183822625
32.7033162140
426.0511735339
21.0628246908
32.2547544472
48.8318357068
36.7505870657
29.3138779290
41.5612835192
28.9320026504
34.6668152960
5.2258166517
4.2030297444
3.6048103022
3.2966608404
3.0474897890
3.0760206401
3.2273835554
3.4960747703
3.8833491678
4.4200643638
35.0631217260
33.7494265333
13.4142531726
30.4779265228
26.6976194381
22.8748445327
45.5663156239
33.1938057591
31.9739797796
28.1224158520
35.9903093932
34.8470648736
47.7948592215
5.8020532065
4.6991709252
3.9202766958
3.4280801667
3.1547672397
3.0539552102
3.0822190769
3.2830588002
3.6667087531
4.2863285405
33.8428105113
37.7184450253
18.5383505181
20.1531281689
32.6910147304
33.6698818705
17.9348892084
40.3548858390
51.6847523229
5.4020688254
4.3394424680
3.6249304421
3.2190837125
3.2297697644
3.2898144854
3.6684192849
8.8021901389
29.4869837517
26.7562751383
36.8862234343
42.0566422006
31.4618154056
24.5813557751
4.1635341291
3.5001029162
3.6381616605
3.9002029205
21.8123426718
49.8371945344
39.3439146724
4.1761246955
4.3950518653
3.0474897890
426.0511735339