0.0074821700
0.0072870214
0.0072887375
0.0074496911
0.0077669820
0.0082643809
0.0141343802
0.0101785522
0.0097731802
0.0106945587
0.0125752612
0.0090939689
0.0088488827
0.0086729156
0.0086834167
0.0089557855
0.0095751788
0.0106781360
0.0124918028
0.0223599091
0.0574445281
0.0726343399
0.0517312198
0.0527288969
0.1713230506
0.0682527894
0.0128951311
0.0103519215
0.0088323427
0.0079521478
0.0045623978
0.0045689029
0.0046771973
0.0048887074
0.0052295099
0.0057512725
0.0186663766
0.0219858626
0.0126947137
0.0171302199
0.0211768567
0.0333770038
0.0069983859
0.0068034726
0.0067525494
0.0069101089
0.0073296856
0.0080889618
0.0151515572
0.0791986936
0.0575087340
0.0406063981
0.0543700039
0.0587462078
0.0610049743
0.0078428602
0.0063819200
0.0054801547
0.0049568058
0.0046772673
0.0042146740
0.0042951554
0.0045980108
0.0051250691
0.0058013322
0.0103208799
0.0441143067
0.0210013698
0.0260661858
0.0283856370
0.0425534639
63.0884075837
0.0265028084
0.0405274660
0.0622180140
0.0468586963
0.0376525645
0.0530926673
0.0364356254
0.0450593666
0.0070208799
0.0056215263
0.0047903542
0.0043614792
0.0040621722
0.0041137386
0.0043375064
0.0047162103
0.0052297047
0.0058968653
0.0428541936
0.0418729941
0.0170041727
0.0375411357
0.0330237567
0.0282876926
0.0558765010
0.0407016704
0.0390357414
0.0344245563
0.0441659067
0.0421896632
0.0587098699
0.0076809192
0.0062642883
0.0052342072
0.0045712888
0.0042019039
0.0040618490
0.0041079776
0.0043784820
0.0048654726
0.0056120734
0.0400450515
0.0450533519
0.0222437788
0.0242549956
0.0388486685
0.0398929953
0.0216660418
0.0475233603
0.0612224134
0.0070384422
0.0057211160
0.0048053407
0.0042752417
0.0042566289
0.0043328415
0.0047940795
0.0107673821
0.0343433217
0.0314129229
0.0428666851
0.0487139912
0.0367057199
0.0288137400
0.0054239357
0.0045986621
0.0047237034
0.0050259709
0.0254507301
0.0570472821
0.0451828970
0.0053763893
0.0055970411
0.0040618490
63.0884075837