255.6083193849
252.8825029708
255.1355372529
261.6409470447
272.5387025393
288.5643314796
410.8317889928
332.1368837540
335.8709618973
346.4628083348
392.5524340231
322.6999201448
316.4009377161
311.3975612249
311.4280657515
318.8489042387
335.9316483070
365.9263860382
413.8873405473
689.4328934498
1416.8896989349
1569.5254825658
1166.7739202329
1389.0406641531
2832.0950414466
1453.8733131631
374.6185612861
317.7207423257
284.0114274713
264.9935166541
168.2679215272
168.7178558634
172.4543365783
179.5825743687
190.9919240914
208.4626781191
626.4672042696
706.6416859268
400.5982852485
570.5883265533
668.5016594827
1091.0670206703
262.6542714111
257.7896417918
256.9617171109
262.6377032443
276.6381081898
301.1478816916
547.9395267991
2734.0898730647
1937.7628866297
1387.5743969527
1817.7569088891
2095.0816654912
1919.8315826880
269.3110264378
223.7655784030
196.1153485383
180.1379710145
171.6500183096
148.3765036340
149.9773760259
157.8202538290
172.3662324534
193.7845564959
366.9817377217
1638.3917370090
734.1275859260
958.8579777015
1037.5384377564
1570.2392012771
1453.4574372630
1034.2588594209
1586.8219279751
2381.5269581228
1788.5454130133
1417.4978517245
2019.8634128047
1416.8503474743
1663.8393265780
240.0732652432
193.7088524592
167.0815262809
153.4081454448
140.5263160127
141.3307134951
147.4945675757
159.1195903420
177.0622813171
203.5414655496
1751.6037831734
1671.9659155191
652.8264032599
1516.5897067932
1324.9518352665
1135.0198722065
2275.7844694650
1656.4307747584
1598.2347328239
1401.9973900748
1793.1912051604
1747.3548092849
2382.1957127253
270.0103308019
217.0962704422
180.7050468067
158.1247409493
145.6296465093
140.9631981319
141.9225305532
151.0166309160
169.4658842320
200.6517089317
1718.2317563703
1908.1517918127
932.9599573064
1013.4977660193
1657.4082010673
1708.8420592266
898.2965185668
2053.1993504145
2625.4230347764
254.4936444583
202.2077302357
167.9794445702
148.8499116330
150.2312271829
153.0565521696
171.8424914565
435.4865477628
1506.8926992905
1362.4694605907
1888.3723876760
2156.3258472301
1605.9649656492
1250.5543665572
195.8260804482
163.3289630803
171.4013176355
184.8883571119
1112.2092378310
2568.6866797135
2023.4350682200
198.2284733244
210.4005155125
140.5263160127
2832.0950414466