1.1826954019
1.1585995700
1.1625827820
1.1896586724
1.2397707346
1.3165292671
2.1090469260
1.5838266303
1.5470795702
1.6600765625
1.9231257782
1.4575106889
1.4225800599
1.3967228905
1.3979456947
1.4377640546
1.5285161785
1.6892950005
1.9512410950
3.3981985949
8.1380402981
9.9545330226
7.1614300114
7.5974771720
22.0610162659
9.2651966023
1.9244169167
1.5742795828
1.3655469977
1.2454962885
0.7425362264
0.7439319768
0.7610673058
0.7942622072
0.8476220813
0.9293019947
2.9216545390
3.3858951349
1.9440861788
2.6740279833
3.2413077594
5.1704160430
1.1464180769
1.1189511923
1.1126263309
1.1380707370
1.2037118743
1.3209721425
2.4432082795
12.5238814884
9.0140140328
6.4011180555
8.4946322879
9.4101816616
9.3162683411
1.2413488298
1.0183525816
0.8814433983
0.8020832185
0.7597597900
0.6739678203
0.6847483943
0.7283798999
0.8058256381
0.9098027939
1.6548767601
7.1848352056
3.3399485000
4.2300205166
4.5936391128
6.9113809863
279.3144422447
4.4080530423
6.7491245772
10.2599350864
7.7208545698
6.1689333298
8.7353051990
6.0527363319
7.3221818869
1.1098643741
0.8914326847
0.7632242033
0.6971718858
0.6454495637
0.6519928992
0.6848761769
0.7425473987
0.8244388036
0.9362281695
7.2752830862
7.0338992130
2.8105770020
6.3388170353
5.5590927442
4.7624911834
9.4679328988
6.8948566656
6.6324823089
5.8361436225
7.4757571470
7.2078740373
9.9329234868
1.2273523188
0.9956625462
0.8308397130
0.7262192499
0.6680764570
0.6463052274
0.6525802832
0.6951638316
0.7753736182
0.9033557563
6.9540404164
7.7743584591
3.8232403410
4.1609215028
6.7269852780
6.9217955724
3.7054006229
8.2796362533
10.6267803357
1.1375858175
0.9165243422
0.7666133722
0.6810486103
0.6817974496
0.6942954794
0.7726165137
1.8230580233
6.0291896972
5.4842502858
7.5388306796
8.5871319801
6.4353791204
5.0337827847
0.8764131184
0.7383347301
0.7649604569
0.8184129042
4.4608970218
10.1394305942
8.0115620363
0.8761950365
0.9194268968
0.6454495637
279.3144422447