0.0024294310
0.0023652347
0.0023651284
0.0024167914
0.0025191964
0.0026800087
0.0045983980
0.0033044507
0.0031688452
0.0034731139
0.0040849306
0.0029480192
0.0028689403
0.0028124207
0.0028163345
0.0029050641
0.0031062233
0.0034641387
0.0040526216
0.0072446809
0.0186923883
0.0237227167
0.0168938754
0.0171259741
0.0561136369
0.0223229334
0.0041964483
0.0033666428
0.0028706595
0.0025831775
0.0014789340
0.0014809565
0.0015159430
0.0015843401
0.0016945563
0.0018632155
0.0060175080
0.0070974179
0.0041123417
0.0055305290
0.0068478720
0.0107746335
0.0022663927
0.0022037132
0.0021875875
0.0022387675
0.0023744838
0.0026197923
0.0048946837
0.0254809337
0.0185478734
0.0131079008
0.0175137292
0.0189084099
0.0196216271
0.0025411246
0.0020684809
0.0017764452
0.0016068602
0.0015162273
0.0013675363
0.0013939088
0.0014926475
0.0016642545
0.0018836295
0.0033374230
0.0142166211
0.0067684365
0.0084035079
0.0091542917
0.0137284613
15.0753706539
0.0085699005
0.0130855051
0.0200619777
0.0151189538
0.0121477054
0.0171418866
0.0117793434
0.0145278675
0.0022761021
0.0018232065
0.0015539735
0.0014150122
0.0013188278
0.0013358084
0.0014087567
0.0015319451
0.0016985133
0.0019143354
0.0138801571
0.0135470064
0.0055010874
0.0121532221
0.0106793389
0.0091588634
0.0180656733
0.0131638240
0.0126691009
0.0111573009
0.0143165502
0.0136921357
0.0189975020
0.0024912827
0.0020322597
0.0016985143
0.0014836853
0.0013639958
0.0013192420
0.0013344378
0.0014224823
0.0015806664
0.0018229816
0.0130565223
0.0146413263
0.0072348134
0.0078830398
0.0126394737
0.0129869814
0.0070477138
0.0154894263
0.0199551020
0.0022854590
0.0018574843
0.0015602874
0.0013883473
0.0013830406
0.0014080117
0.0015581453
0.0035058598
0.0112278011
0.0102508317
0.0140030561
0.0159225859
0.0119960689
0.0094236251
0.0017623288
0.0014940468
0.0015355688
0.0016342824
0.0083197985
0.0186723321
0.0147865276
0.0017480232
0.0018206774
0.0013188278
15.0753706539