0.0120620480
0.0117441118
0.0117447236
0.0120027844
0.0125133806
0.0133148093
0.0228400969
0.0164192061
0.0157476843
0.0172549633
0.0202951260
0.0146468640
0.0142515994
0.0139685664
0.0139866080
0.0144272661
0.0154281526
0.0172101206
0.0201407571
0.0360569699
0.0929723478
0.1178118291
0.0839034458
0.0852167322
0.2787983055
0.1107311712
0.0208374698
0.0167155541
0.0142523028
0.0128249530
0.0073449138
0.0073551317
0.0075294345
0.0078700756
0.0084190237
0.0092593525
0.0300366834
0.0353994103
0.0204640009
0.0275702023
0.0341203340
0.0537025902
0.0112610627
0.0109470973
0.0108653011
0.0111192921
0.0117952430
0.0130184073
0.0243761867
0.1273600975
0.0925519451
0.0653577989
0.0874628096
0.0944461193
0.0981592898
0.0126356598
0.0102803227
0.0088258074
0.0079814895
0.0075304107
0.0067910106
0.0069217869
0.0074121049
0.0082645858
0.0093557014
0.0166146931
0.0709276454
0.0337851520
0.0419199781
0.0456388580
0.0684109023
65.7900638716
0.0426123280
0.0651539808
0.1000233836
0.0753482581
0.0605445802
0.0853620599
0.0585941721
0.0724474998
0.0113137873
0.0090589955
0.0077189217
0.0070273826
0.0065477567
0.0066318114
0.0069938815
0.0076055875
0.0084331494
0.0095058095
0.0689162670
0.0673185636
0.0273526139
0.0603494956
0.0530946157
0.0454783311
0.0898323667
0.0654381895
0.0627753200
0.0553521642
0.0710215117
0.0678569734
0.0944005676
0.0123749626
0.0100948705
0.0084358778
0.0073677173
0.0067725202
0.0065476289
0.0066227050
0.0070592525
0.0078435200
0.0090439399
0.0644108001
0.0724625091
0.0357750491
0.0390136023
0.0624830301
0.0641675583
0.0348536594
0.0764411388
0.0984663182
0.0113388118
0.0092190889
0.0077447002
0.0068910011
0.0068607850
0.0069838828
0.0077262378
0.0173316405
0.0552526759
0.0505369126
0.0689686725
0.0783783014
0.0590504519
0.0463621832
0.0087394458
0.0074112150
0.0076117580
0.0080979436
0.0409479755
0.0917765690
0.0727028561
0.0086618780
0.0090161793
0.0065476289
65.7900638716