0.0027682886
0.0026977240
0.0026982697
0.0027562614
0.0028705166
0.0030494607
0.0051703702
0.0037375584
0.0035939707
0.0039271812
0.0046070703
0.0033529043
0.0032665416
0.0032054463
0.0032112924
0.0033107951
0.0035342901
0.0039306214
0.0045813195
0.0081113080
0.0207580311
0.0262030438
0.0187381324
0.0190504544
0.0615271968
0.0247453726
0.0047226777
0.0038048477
0.0032561281
0.0029381406
0.0016949623
0.0016971894
0.0017363437
0.0018128846
0.0019360874
0.0021243185
0.0067129438
0.0079155962
0.0046251509
0.0061856936
0.0076501397
0.0119639802
0.0025855409
0.0025185865
0.0025031483
0.0025618237
0.0027134827
0.0029856505
0.0054853754
0.0281583046
0.0205219458
0.0145166054
0.0193943294
0.0208791820
0.0217992568
0.0028791456
0.0023529792
0.0020274320
0.0018380880
0.0017367361
0.0015633174
0.0015922800
0.0017020955
0.0018933380
0.0021385651
0.0037445174
0.0157037230
0.0075304525
0.0093289744
0.0101507997
0.0151609721
0.5752259060
0.0095500864
0.0145593908
0.0221964148
0.0167966063
0.0135019610
0.0189854199
0.0131776744
0.0160480857
0.0025820178
0.0020748153
0.0017730397
0.0016169840
0.0015084887
0.0015270053
0.0016086204
0.0017471759
0.0019355742
0.0021810527
0.0157538245
0.0151716693
0.0061731100
0.0136980098
0.0120300506
0.0103185334
0.0203885992
0.0149249443
0.0144131182
0.0127596876
0.0162351003
0.0158609988
0.0214433347
0.0028393664
0.0023168283
0.0019386048
0.0016955255
0.0015599886
0.0015137205
0.0015305591
0.0016310822
0.0018135031
0.0020960707
0.0156034306
0.0171131459
0.0085508841
0.0092193518
0.0149743769
0.0155184899
0.0083059835
0.0188117045
0.0236652966
0.0026337886
0.0021336348
0.0017906232
0.0015932037
0.0015961223
0.0016255112
0.0018034711
0.0041623763
0.0140744588
0.0125685615
0.0175445919
0.0201430035
0.0150292913
0.0117826114
0.0020429122
0.0017259973
0.0017883435
0.0019102874
0.0105152262
0.0244785050
0.0193394682
0.0020455466
0.0021473999
0.0015084887
0.5752259060