0.0068158356
0.0066381245
0.0066396487
0.0067861491
0.0070749793
0.0075277700
0.0128723317
0.0092728335
0.0089015919
0.0097428053
0.0114536203
0.0082834291
0.0080606072
0.0079007065
0.0079105051
0.0081586507
0.0087226608
0.0097267950
0.0113777197
0.0203527927
0.0522913945
0.0661922083
0.0471348399
0.0479911720
0.1562472627
0.0621371228
0.0117442019
0.0094287157
0.0080451778
0.0072437653
0.0041564103
0.0041623026
0.0042608841
0.0044534542
0.0047637505
0.0052387849
0.0169893479
0.0200058030
0.0115545361
0.0155887929
0.0192764617
0.0303660633
0.0063751946
0.0061980584
0.0061519488
0.0062955748
0.0066776514
0.0073688516
0.0138012351
0.0720681894
0.0523646523
0.0369833178
0.0494779107
0.0534738071
0.0555081330
0.0071433732
0.0058132586
0.0049921670
0.0045156059
0.0042610384
0.0038396845
0.0039130361
0.0041889872
0.0046692143
0.0052852608
0.0093969385
0.0401772105
0.0191136408
0.0237306644
0.0258510018
0.0387445335
56.8089928852
0.0241459258
0.0369239368
0.0566721938
0.0426942468
0.0342904848
0.0483602897
0.0331873296
0.0410400844
0.0063951522
0.0051208315
0.0043639218
0.0039733607
0.0037008729
0.0037478967
0.0039518099
0.0042968914
0.0047647716
0.0053726634
0.0390580803
0.0381511819
0.0154922555
0.0342102158
0.0300881893
0.0257719501
0.0509370855
0.0370888199
0.0355798607
0.0313735949
0.0402482789
0.0384583795
0.0535108332
0.0069972964
0.0057066477
0.0047683402
0.0041645383
0.0038281131
0.0037007669
0.0037428571
0.0039894072
0.0044332772
0.0051138683
0.0365267700
0.0410801140
0.0202787048
0.0221099602
0.0354217143
0.0363767256
0.0197513784
0.0433365516
0.0558428688
0.0064131059
0.0052124728
0.0043780527
0.0038951295
0.0038785217
0.0039480741
0.0043686127
0.0098154391
0.0313190776
0.0286497861
0.0391020426
0.0444433732
0.0334773012
0.0262752709
0.0049423065
0.0041901560
0.0043045623
0.0045802981
0.0232114389
0.0520425277
0.0412257744
0.0048995418
0.0051011111
0.0037007669
56.8089928852