1.0588057316
1.0372351737
1.0408027731
1.0650445882
1.1099102015
1.1786318235
1.8881224274
1.4176627933
1.3850506178
1.4859659588
1.7215241826
1.3048516350
1.2735758274
1.2504223656
1.2515145337
1.2871628645
1.3684140543
1.5123626905
1.7468903739
3.0424740768
7.2861277217
8.9054670459
6.4093679998
6.8024177982
19.7170407280
8.2951962539
1.7228264819
1.4093684535
1.2225018245
1.1150272838
0.6647450311
0.6659963067
0.6813384115
0.7110581084
0.7588312174
0.8319594976
2.6158291652
3.0315036214
1.7405601348
2.3941389687
2.9020598123
4.6294050422
1.0263362974
1.0017390527
0.9960712321
1.0188476390
1.0776130815
1.1825941785
2.1873821623
11.2132259621
8.0706200489
5.7308851994
7.6054150443
8.4250245814
8.3415608038
1.1112930194
0.9116573848
0.7890935250
0.7180498190
0.6801623987
0.6033396166
0.6129904407
0.6520479868
0.7213744705
0.8144519793
1.4815459631
6.4324708887
2.9902085672
3.7870058521
4.1126415193
6.1879044645
268.0439606426
3.9462838399
6.0421971040
9.1855854325
6.9121648724
5.5228288113
7.8203197205
5.4187358145
6.5553422892
0.9935625388
0.7980143232
0.6832405292
0.6241110967
0.5777986991
0.5836555099
0.6130905368
0.6647144200
0.7380196351
0.8380899268
6.5129856552
6.2971206137
2.5160883705
5.6746983011
4.9766806865
4.2635086244
8.4760264892
6.1724867532
5.9374559290
5.2245998712
6.6927038502
6.4526025343
8.8924916316
1.0987341328
0.8913160277
0.7437616154
0.6501037981
0.5980542895
0.5785592902
0.5841752703
0.6222932494
0.6940932257
0.8086589656
6.2251041670
6.9594831952
3.4226325234
3.7247702746
6.0222175585
6.1964599338
3.3169606366
7.4119874872
9.5127388997
1.0183622697
0.8204639918
0.6862608420
0.6096622034
0.6103288683
0.6215149517
0.6916244822
1.6319584509
5.3971033366
4.9094269319
6.7486206894
7.6868331577
5.7608471192
4.5060984962
0.7845514788
0.6609422819
0.6847740210
0.7326214882
3.9932502577
9.0764046929
7.1717279425
0.7843523050
0.8230494998
0.5777986991
268.0439606426