0.0005613954
0.0005463039
0.0005461572
0.0005580697
0.0005817920
0.0006191086
0.0010684233
0.0007646553
0.0007325807
0.0008038909
0.0009470676
0.0006805516
0.0006620247
0.0006488210
0.0006497208
0.0006703753
0.0007172215
0.0008006329
0.0009379162
0.0016827561
0.0043647480
0.0055410634
0.0039483212
0.0039986503
0.0131524564
0.0052190348
0.0009745119
0.0007805485
0.0006646099
0.0005973867
0.0003409382
0.0003413950
0.0003494948
0.0003653364
0.0003908678
0.0004299451
0.0013960334
0.0016485818
0.0009551720
0.0012827381
0.0015912758
0.0024968983
0.0005221009
0.0005074133
0.0005035908
0.0005154057
0.0005468516
0.0006037787
0.0011302134
0.0059057021
0.0042977820
0.0030338568
0.0040627227
0.0043737923
0.0045722989
0.0005876813
0.0004778934
0.0004100490
0.0003706561
0.0003496044
0.0003157540
0.0003219164
0.0003448951
0.0003847760
0.0004356040
0.0007710304
0.0032793348
0.0015668258
0.0019396906
0.0021123247
0.0031628083
3.1810784933
0.0019682896
0.0030085677
0.0046200091
0.0034834717
0.0028001047
0.0039446111
0.0027089461
0.0033504453
0.0005263451
0.0004214214
0.0003589809
0.0003267483
0.0003046643
0.0003086405
0.0003255866
0.0003541289
0.0003925792
0.0004421779
0.0031845965
0.0031093794
0.0012651638
0.0027877205
0.0024523600
0.0021010803
0.0041474406
0.0030230849
0.0029006756
0.0025601134
0.0032815953
0.0031390303
0.0043613884
0.0005753342
0.0004695846
0.0003924980
0.0003428012
0.0003151001
0.0003046952
0.0003082308
0.0003285602
0.0003649420
0.0004204472
0.0029824562
0.0033515360
0.0016563033
0.0018053350
0.0028916534
0.0029704825
0.0016140938
0.0035421675
0.0045566576
0.0005270333
0.0004287689
0.0003603162
0.0003206408
0.0003192002
0.0003249236
0.0003593295
0.0008037090
0.0025630713
0.0023425656
0.0031984023
0.0036370917
0.0027397135
0.0021511225
0.0004063941
0.0003447558
0.0003539936
0.0003765020
0.0019015375
0.0042649224
0.0033790074
0.0004027203
0.0004190988
0.0003046643
3.1810784933