212.9639451236
210.6174329504
212.4444992465
217.8299579257
226.8846644514
240.2201092423
343.3481959144
277.0547550769
279.6027856650
289.1169619157
327.4554746693
268.5446388100
263.3031814951
259.1559550288
259.2095871151
265.4277798746
279.7106881646
304.7815444384
344.8795419940
574.3220072706
1189.8906704589
1325.1695538698
984.0855999090
1159.9198617404
2430.0609842286
1225.1052697832
313.2064073765
265.3155571271
236.9312186355
220.9004729362
139.9738838772
140.3415486192
143.4471019707
149.3770246597
158.8702362896
173.4031813323
520.4972463499
587.3022186780
333.4397904757
474.2184605134
555.9052984436
906.3410064227
218.3664767469
214.3257831318
213.6458261018
218.3752857804
230.0285473061
250.4255956859
455.3795033466
2270.4481281671
1609.6314579493
1152.8008865346
1509.9457948711
1740.0452063455
1595.1401998514
224.2166929439
186.2664194694
163.2102393768
149.8828737152
142.7999708783
123.5661540130
124.9297627972
131.5246141855
143.7259337601
161.6012824669
305.3982700422
1360.9314847261
610.0152063429
796.5844831883
861.8400812820
1304.0622304962
1437.0722079284
859.2865105019
1318.2267054064
1978.0190138947
1485.8037463297
1177.7564159752
1678.0411781317
1177.5332120521
1382.1461263785
199.9442581098
161.3372280347
139.1464410758
127.7498717928
117.0889142281
117.7856118834
122.9605530076
132.6837024228
147.6333636949
169.6283898850
1455.8144553235
1389.3172439205
542.6445648424
1260.2674290236
1100.9798808043
943.2003578438
1890.9502742742
1376.5008085557
1328.3160418769
1165.3582712531
1490.3558612933
1452.6164907536
1979.6594922013
224.8310338608
180.8223839377
150.5351860577
131.7318371881
121.3274341270
117.4629702378
118.2830240088
125.8771386268
141.2352826551
167.1484679958
1428.6478067303
1586.2123669687
775.7561954280
842.6180624158
1377.9007289507
1420.7539533082
746.9963654037
1707.2787433835
2182.6866720543
211.8968587247
168.4160045799
139.9378362958
124.0180420080
125.1667752099
127.5297323251
143.1592307189
362.3233114369
1253.2319443550
1133.0039533176
1570.4042174894
1793.3077521241
1335.6384754657
1040.1314739720
163.0873969088
136.0574783563
142.7627731983
153.9791886448
925.1037812346
2136.4765749733
1683.0160125934
165.0698822643
175.1828509836
117.0889142281
2430.0609842286