270.7432057212
270.4855903749
274.2082982247
281.5277058314
292.7314757551
308.4974011057
379.7829971430
345.5136449108
353.8157038433
357.8677393012
387.6592506162
348.6022543694
344.0899445250
340.0987664940
340.2132518348
346.7409368848
361.5898428245
387.0480513093
426.2177485008
653.7274320482
1090.3901049214
1128.2675310999
836.8847146944
1095.0164905636
1694.9084870715
890.2256081863
350.0751314568
311.2017200823
288.4238977717
276.0647017879
186.8351135342
187.3998099771
191.2563886408
198.5499979663
210.1881234460
227.9768238342
630.8137204630
680.7821257470
383.7698551343
571.1585654629
634.0275029951
1065.9984112515
293.9836548344
290.7685201474
290.9062302150
297.1942999883
311.5311388178
335.7676432649
593.7912072519
2820.8856169116
1955.9541474147
1423.6500788169
1822.5780195178
2233.7609384660
1804.2806329949
284.3366363539
240.1710027872
213.5786986579
198.2098007752
190.0445543728
160.5612242338
161.5115884239
168.1867222199
181.3640053026
202.9637259298
398.5362603807
1811.0212105598
773.3448873753
1053.1952217282
1131.2478799961
1721.8026954690
140.1211763321
1188.1476918582
1825.7855550007
2690.4281004258
2018.7444459435
1585.8095123100
2276.1990430351
1627.9288257600
1830.6295483542
253.5725050092
206.1288454910
179.4937040564
165.8390713525
150.6888394810
150.9596013124
156.5955076869
168.1969294769
187.7269821510
218.6727205736
2082.9125639295
1955.3023742150
745.1005278420
1787.4574954528
1553.9494591183
1331.7051462631
2693.1495021887
1961.0673793040
1900.7435895991
1662.9322830704
2121.4744960728
2096.2427247513
2815.2189155345
291.4920592755
232.2581282839
193.0363551083
169.3102200487
156.2548122659
151.7436901852
152.4513449292
162.2046984773
183.3870597263
221.0263643129
2107.9011855000
2320.4950356239
1129.8501192404
1223.4863929001
2024.5777535567
2092.7710627054
1080.0745163378
2527.9404967026
3216.4304945145
280.9251974756
219.8763654030
181.4230869993
160.4545862573
163.7749941645
167.1203868386
189.6260030585
517.7445556261
1873.2357744927
1682.1853558871
2351.1555696566
2691.8960930996
1992.7040936708
1545.5125983487
216.4446897466
178.6582397692
190.4777708077
207.4776766012
1380.1591387310
3237.0167603046
2542.6806728098
222.4547588144
239.2781939491
140.1211763321
3237.0167603046