604.5824057658
599.1661554147
605.3915644087
621.6532080793
648.3919719017
687.4442478640
966.6162901599
787.5728548324
802.0740914177
820.0916601083
932.4173785028
769.7446087762
753.6066776345
740.4830256514
739.6814310650
756.9008377217
797.5714913052
869.5328698857
985.0524856969
1672.0246474647
3345.9470854633
3619.4379805266
2672.3162933212
3358.8864108333
6153.2442749321
3280.8789980045
876.0343671294
745.6166827873
668.6089940082
625.4638732508
400.9191132278
402.1219901843
411.2407270861
428.5392721408
456.1985121567
498.6370931689
1545.5896745469
1748.8376644465
972.0517263568
1402.4198760075
1646.0338526869
2711.1113601319
628.0567061655
615.1824569147
612.4081650329
625.7371493337
659.5950972297
719.4304599344
1327.7166114819
6755.4969975725
4793.0310900879
3416.2367843610
4503.1787705272
5134.9068884374
4795.5483907270
644.6002473276
534.2845753249
467.6475752170
429.2634817760
408.9427099041
352.3955900566
355.9375987428
374.1225521893
408.1264326583
459.1320719807
879.0493388316
3977.3226455252
1796.0118345519
2327.2520498152
2525.8465980457
3825.4747648099
1492.8987854584
2477.7437055068
3804.5054627406
5751.5017861077
4310.5029029081
3418.7144004174
4868.6298440839
3382.0655766916
4040.6087791122
573.0915528959
461.3828630813
397.3906567238
364.5641399815
332.9772241859
334.6079361831
348.8795846749
376.1329437475
418.6805134846
481.9231111768
4138.5158496501
3980.0749528332
1559.7752060497
3599.2410603691
3150.0545191397
2696.4582966521
5400.3015017920
3924.0473615345
3775.4214602833
3309.9379243383
4242.5796488917
4104.4168788258
5646.0588310998
642.4046528629
516.3000903339
429.3003836099
375.2695414593
345.3273173638
333.4028398826
335.3933821111
356.6191976619
400.0458112461
473.5592960523
3999.7351061663
4466.1304911502
2179.8970783632
2373.9103582876
3868.6094998454
3982.1054626127
2101.8550023773
4769.4824619842
6121.9387865467
602.3063714220
479.0320305900
397.8622223901
352.3248191873
354.6276987021
360.9836828466
404.8494395648
1017.0020213953
3481.3392711112
3159.0638055454
4363.7213281927
4976.1070168013
3711.8566577384
2891.8529076647
462.2430564304
385.7241588714
403.5974284562
434.7155216217
2567.5589954217
5899.7042176610
4649.9169009560
466.4551347850
493.9001883640
332.9772241859
6755.4969975725