0.0000418184
0.0000407144
0.0000407114
0.0000415974
0.0000433542
0.0000461134
0.0000791406
0.0000567677
0.0000545033
0.0000596773
0.0000702612
0.0000506902
0.0000493237
0.0000483479
0.0000484134
0.0000499371
0.0000533925
0.0000595436
0.0000696658
0.0001246523
0.0003219343
0.0004065448
0.0002904264
0.0002953396
0.0009571587
0.0003842050
0.0000721921
0.0000579288
0.0000494033
0.0000444616
0.0000254681
0.0000255025
0.0000261028
0.0000272762
0.0000291663
0.0000320582
0.0001035174
0.0001222215
0.0000708758
0.0000952315
0.0001180627
0.0001854025
0.0000389412
0.0000378589
0.0000375799
0.0000384568
0.0000407832
0.0000449908
0.0000839167
0.0004369227
0.0003178555
0.0002245379
0.0003009135
0.0003230624
0.0003384694
0.0000437007
0.0000355898
0.0000305770
0.0000276653
0.0000261088
0.0000235556
0.0000240072
0.0000257007
0.0000286427
0.0000323985
0.0000570968
0.0002419065
0.0001160655
0.0001433843
0.0001561902
0.0002340568
0.0148893162
0.0001451177
0.0002217352
0.0003405727
0.0002571726
0.0002068129
0.0002910151
0.0001999438
0.0002473021
0.0000391453
0.0000313808
0.0000267594
0.0000243721
0.0000227306
0.0000230204
0.0000242712
0.0000263829
0.0000292337
0.0000329177
0.0002352637
0.0002293259
0.0000936411
0.0002063041
0.0001810822
0.0001550671
0.0003066701
0.0002235027
0.0002144918
0.0001897231
0.0002428876
0.0002334561
0.0003216830
0.0000428461
0.0000349836
0.0000292574
0.0000255668
0.0000235086
0.0000227624
0.0000230209
0.0000245328
0.0000272492
0.0000314083
0.0002250447
0.0002497429
0.0001244836
0.0001348741
0.0002172300
0.0002242802
0.0001211728
0.0002696670
0.0003429572
0.0000394251
0.0000320411
0.0000269193
0.0000239554
0.0000239067
0.0000243358
0.0000269355
0.0000607502
0.0001991626
0.0001795160
0.0002484167
0.0002844400
0.0002132305
0.0001672419
0.0000304951
0.0000258330
0.0000266240
0.0000283584
0.0001486939
0.0003425941
0.0002708297
0.0000303581
0.0000317141
0.0000227306
0.0148893162