38.0989673931
37.3800184480
37.5431029969
38.4354611435
40.0592388863
42.5307714656
67.0547400834
50.7203070675
49.9377124698
53.1512723322
61.4857806297
47.1563940867
46.0447141920
45.2124023351
45.2402210906
46.4972677821
49.3735528523
54.4681880044
62.7543766225
108.9622237010
255.4351299827
305.9081590976
222.0901739566
240.7774301445
650.7082018287
287.0607646802
61.0962457901
50.2217201253
43.7447148589
40.0288572033
24.0927986705
24.1424999919
24.6979044429
25.7702759080
27.4926638139
30.1300139757
94.5414060638
109.2605349655
62.5175953052
86.4531021909
104.4025554238
167.1355214021
37.2761131269
36.4007305344
36.2007417894
37.0227402855
39.1389181272
42.9137624043
79.3387282383
406.2340408618
291.8500789686
207.3219118258
274.8963619667
305.6704066896
300.4237380591
40.0517952851
32.9046111335
28.5263345866
25.9907772983
24.6400575700
21.7649614853
22.0958799722
23.4656750727
25.9104576414
29.2354464094
53.5407159102
233.8304819236
108.2348386909
137.5347969172
149.3644342027
224.9541098726
944.3515742865
143.8114380800
220.2918418586
334.5936055436
251.6325718697
200.8390556125
284.6198228578
197.3276017281
238.2163939871
35.7771176452
28.7447841119
24.6312934311
22.5137662377
20.8029018632
20.9991508802
22.0357190911
23.8716463506
26.5098250221
30.1537852523
237.8079529348
229.7025882034
91.5026151604
207.1255076981
181.5908334563
155.5573290948
309.6145652380
225.4061879282
216.8448926931
190.7130986986
244.2919105787
235.7002242285
324.6328313892
39.6391413516
32.1132948819
26.7832432674
23.4107083088
21.5375306232
20.8293562482
21.0207390350
22.3858171146
24.9860165702
29.1716337389
227.7859602838
254.5592855616
125.0457019631
136.1101490568
220.3458844940
226.7359664148
121.1094409428
271.3190232291
348.1488780576
36.8009544229
29.5937389375
24.7277985628
21.9576866472
21.9984296888
22.3998284482
24.9527635440
59.4308403730
197.6496175105
179.7029744824
247.2545424545
281.6644882263
210.9439092813
164.8964452829
28.3355964867
23.8379298058
24.7323450409
26.4853654644
146.1755812521
332.8605496403
262.8977648503
28.3669158709
29.8054506573
20.8029018632
944.3515742865