47.9075926590
47.0493262510
47.2786289853
48.4099997026
50.4486872790
53.5396123981
83.4206361077
63.6269129782
62.7872536494
66.6382593330
76.8723106911
59.4220282746
58.0548098150
57.0258153640
57.0600133236
58.6181361176
62.1822803971
68.4874869646
78.7225273198
135.9146827590
314.3872388056
374.7991237750
272.2560464534
297.2199551737
789.7647897774
350.2466402838
76.0333114735
62.7208717831
54.7953785956
50.2552196618
30.4429969248
30.5075075336
31.2050531855
32.5503709780
34.7103497209
38.0174018155
118.4818774517
136.5244655425
78.0903701239
108.3163333335
130.3242264802
209.0312504492
47.1422571029
46.0694501798
45.8328595703
46.8707308132
49.5246116555
54.2459543509
100.0006881860
509.9611978414
365.7730893854
260.1353764079
344.3559801863
384.7000492383
374.7318839818
50.3599174241
41.4355395340
35.9729030901
32.8096334655
31.1247195880
27.4242236121
27.8267223879
29.5195185147
32.5528136572
36.7132428363
67.4643943679
295.2058893114
136.0815958135
173.5478072865
188.3514338562
283.8179328543
927.3831295463
182.2879308693
279.2621679852
423.3208735259
318.3736170462
253.8833229418
360.0308457949
250.1058602928
300.6234840212
44.9812536284
36.1631109400
31.0152202610
28.3655967280
26.1864271147
26.4222347559
27.7087870213
30.0029640464
33.3267698467
37.9551847709
302.6301126905
291.7251100672
115.8900579481
263.3076813234
230.7162704547
197.6383677600
393.7981642368
286.6762822694
275.9742334043
242.6489699614
310.7152419715
300.3429466127
412.8310767893
49.9367387509
40.4200895431
33.7054531088
29.4668819903
27.1136940101
26.2288530449
26.4630075569
28.1796635408
31.4744787071
36.8120576742
291.1393082158
324.9288472698
159.5521957521
173.5715763430
281.4625990797
289.7526911421
154.3899483616
346.9886451898
444.9112549224
46.4632085628
37.3063152170
31.1504224770
27.6545766502
27.7356930840
28.2449090770
31.4968784766
75.6549082460
253.1843757599
229.9399886220
316.7798317917
361.0661708091
270.1401094942
211.0602621126
35.7790725332
30.0666472259
31.2451488066
33.4935457148
187.2176567150
427.3655100984
337.4025869226
35.8761552854
37.7503508416
26.1864271147
927.3831295463