95.0670123553
93.4390524089
93.9434980580
96.2222596359
100.2915869375
106.4404645873
164.5358680034
125.8572583846
124.8117257514
131.8280731385
152.0270796790
118.2283145150
115.5131981311
113.4541274283
113.4971628885
116.5566674802
123.5822151935
136.0170713156
156.1913474895
269.7227830218
616.4416156986
723.9407142181
529.5566799706
586.6546794318
1481.8972416304
681.0417153596
149.7851792875
123.8573889921
108.4310688464
99.6082723254
60.6323450636
60.7677554845
62.1598086913
64.8391160691
69.1389592860
75.7245317000
236.4745426260
272.1900075523
155.1952559749
216.0132072160
259.5030425004
417.2344763571
94.0175040368
91.8796171221
91.4022337278
93.4626003772
98.7412112720
108.1339197459
199.5989022737
1019.2295962443
730.4361107087
519.3974833711
687.5689014947
768.8772213434
747.4106179804
100.0954196619
82.3913489424
71.5706203940
65.3091192703
61.9767494643
54.4866554866
55.2642680137
58.5788228251
64.5365980260
72.7683952867
134.2878161003
590.0321019856
271.5857637245
346.6655891096
376.3715002301
567.4605395269
1218.5371162960
364.2603574797
558.2040729130
846.5064542406
636.3123763123
507.1879713074
719.4849976570
499.4161255637
600.7774330673
89.3422338264
71.8207846436
61.6111082655
56.3590589677
51.9681291524
52.4163965049
54.9395408514
59.4631721107
66.0580805015
75.2949461877
604.3025591430
582.7675758717
231.2653364096
525.9620172849
460.8935006687
394.7815808324
786.8558861433
572.7186847962
551.1062401320
484.4050715829
620.5126275504
599.3812137031
824.6896801950
99.2368608847
80.2710641775
66.9124655345
58.4917242656
53.8176734168
52.0400806119
52.4888212676
55.8825297350
62.4327785131
73.0857234436
580.6951304925
648.5439446018
318.2073808042
346.3038724325
561.5952128677
578.0446794623
307.8670688730
691.9982194804
887.7829425685
92.3486429544
74.0930831016
61.8366924810
54.8821605689
55.0452225727
56.0489421866
62.5233357620
150.6506524921
504.6063821921
458.4251260372
631.4542498515
719.6629112930
538.4142923236
420.5588002824
71.0719352092
59.6908564122
62.0481653660
66.5293547193
372.9876321758
851.4133772826
672.1272788048
71.2809573089
75.0256103630
51.9681291524
1481.8972416304