154.2425360164
151.9800923354
153.0112477485
156.8086440873
163.4219362143
173.3132043622
260.0746233232
202.6766099560
202.7328706318
212.0838967486
243.0956141176
193.0015792417
188.7877744210
185.5360162241
185.5697330048
190.3531055601
201.3671194593
220.8200110481
252.2362628320
430.7444689048
948.6284566419
1086.7488759059
801.9136924113
912.8731379227
2117.3745072430
1020.7250868871
236.7226954690
197.5188111607
174.2293445856
160.9715704474
99.5662420333
99.8082363361
102.0719700017
106.4125881614
113.3711989215
124.0296418328
382.9742018478
437.7699873672
248.7635850978
349.3704168217
416.1020070698
672.9950151648
154.8215344345
151.5155885917
150.8223432607
154.1923664613
162.7303753365
177.8470964147
326.9606501390
1658.4211143598
1183.8679631130
843.5777151125
1113.1269453758
1257.3779975420
1198.4597083654
162.5815752603
134.2533980823
116.9875875622
107.0044215681
101.6964970026
88.8283934707
89.9812460391
95.1226244572
104.4635685833
117.6675480067
219.3877592183
970.8081666803
442.6840018392
569.5224493922
617.7254738030
932.7776942891
1381.2816116886
603.6297205913
925.5203018079
1399.0117147601
1051.0746513034
836.0546146466
1187.9631968106
827.0683332213
987.5999352046
145.0120568389
116.7053468780
100.3007137333
91.8689507657
84.4862804936
85.1226615940
89.0765669196
96.2934382496
107.0360172346
122.3806283862
1007.9169243035
968.9302644790
382.2747950999
875.8902040090
766.7839354444
656.7736136972
1311.8902976467
954.6931815211
919.3753820242
807.4225873559
1033.9082819414
1001.3084328097
1374.1718317522
161.7564851486
130.5484641971
108.7536782181
95.0933139461
87.5193341940
84.6399167492
85.3092454824
90.8016088155
101.6015908949
119.4236214231
974.7203498450
1086.8497117192
532.4361726045
579.2105594860
941.9921107781
970.0434580852
514.2697987317
1162.5125445651
1490.1469044535
151.1582278027
120.8544228830
100.6896017550
89.3083502411
89.7555931732
91.4040222614
102.1914485709
250.7005391578
849.3048487268
770.4570059309
1063.4239545834
1212.7122651362
905.8461395689
706.7589172935
116.2930898172
97.4258305614
101.5982903785
109.1613099028
627.3587465313
1437.8018016933
1134.1717900623
116.9978433043
123.4977053004
84.4862804936
2117.3745072430