387.9829509362
383.9746668059
387.5717763405
397.6791395259
414.5332570049
439.2888947083
626.6887429091
504.9754445352
512.3857890467
526.6098906101
599.8759829613
491.2752533745
481.1801757524
473.1163901413
472.9111201471
484.1861990743
510.4417549830
556.7419017274
631.0226826408
1064.4369464714
2179.5248729960
2391.2651057509
1773.8013191171
2163.9977530537
4201.1677849886
2207.2248870981
568.8158853775
482.2336704368
430.9986093350
402.1497806230
255.6870522559
256.4051785840
262.1674224104
273.1353513716
290.6837383370
317.5813221353
971.1750851744
1099.9750041698
619.6608021974
883.8033948724
1040.0428787673
1699.4161304410
399.5587441494
391.6414732433
390.0815234696
398.6534182487
420.1556654332
458.0184467119
839.6029323145
4235.0488054792
3006.6870208160
2146.8764958272
2823.2051824466
3228.3801669744
3002.8335707307
411.0984938018
340.9223336265
298.4016900518
273.8670384673
260.8536857695
225.4429611633
227.8479953161
239.7498723420
261.8507131335
294.5212168891
559.3844838328
2509.4525153706
1130.9697441455
1469.0413777790
1592.2026644890
2409.7802164699
1541.6308800041
1572.0055255497
2412.4980831460
3635.6491551654
2728.1187690205
2163.9131100554
3081.3102293012
2150.4065666612
2549.5506481531
366.0614887918
294.9603711846
254.1284104871
233.1672316880
213.3989050401
214.5756142697
223.8975455501
241.5131224519
268.7337652115
308.8930472415
2641.6674367098
2531.9596641973
991.4352835155
2292.7513926215
2005.1148884483
1717.0864365378
3439.4227985680
2501.6109294438
2410.2394332892
2114.0605561737
2706.8263997735
2627.3721238663
3598.7595900546
410.6649116744
330.2775721319
274.8030120535
240.3221609974
221.2217431778
213.8527025455
215.2431981110
228.9508609128
256.7753026384
303.7185815047
2570.0803533534
2862.5260825701
1398.8819460202
1521.5541955225
2482.7464659608
2557.3876362668
1348.3010560124
3067.8633729282
3931.0279363005
385.7305075462
306.8515969669
254.9705629642
225.8856169022
227.5737912080
231.7369800554
259.9057586329
653.5074531353
2244.7955416987
2033.7736462161
2813.1631065594
3209.9905322733
2393.1981364922
1864.4559064012
296.4432052364
247.4305587081
259.1036189426
279.1592553904
1656.5072128513
3813.9759124374
3005.5885452479
299.4234160397
317.2382011696
213.3989050401
4235.0488054792