36.5268626537
35.8401369179
35.9976346106
36.8532850074
38.4092495909
40.7768972835
64.2248922150
48.6205629512
47.8715852954
50.9453558752
58.9163244048
45.2152876999
44.1523808168
43.3563828420
43.3834667184
44.5872074561
47.3409170694
52.2176337192
60.1477769808
104.3626267955
244.4007804370
292.7525164744
212.4925074072
230.3888639867
623.1879554841
274.5281731670
58.5263289115
48.1230785206
41.9268782803
38.3724221650
23.1072406327
23.1549183447
23.6871569344
24.7147809713
26.3652688988
28.8924491372
90.5758120338
104.6436985638
59.8823970696
82.8257843515
99.9842415550
160.0821556466
35.7525774249
34.9160364077
34.7257751909
35.5141803280
37.5420899941
41.1583416361
76.0602496930
389.2511364596
279.6009277675
198.6572832030
263.3481376892
292.9832247115
287.6615106992
38.3950657628
31.5484761255
27.3544122591
24.9254686299
23.6315018635
20.8702120555
21.1866657667
22.4981406951
24.8395886802
28.0260990468
51.3369107196
224.2126696142
103.7366978227
131.8698197039
143.1977520976
215.6767167314
937.6098832895
137.9674730623
211.3359627606
320.8784294033
241.3584742537
192.6147230050
272.9790792442
189.2990213107
228.4078897867
34.2980230886
27.5586074618
23.6170330577
21.5879925325
19.9465356820
20.1340980783
21.1269721480
22.8864483399
25.4164584361
28.9133918117
228.2487950851
220.4017697949
87.7781983716
198.7718799573
174.2541683999
149.2754837087
297.1491278965
216.3331671653
208.1273899304
183.0454025738
234.4805502317
226.2741583828
311.5843083891
38.0085346551
30.7899642506
25.6794345588
22.4465065127
20.6509544669
19.9729504308
20.1561903878
21.4652371790
23.9602417372
27.9787450465
218.7363413885
244.4372914462
120.0695850258
130.6658916768
211.5682400302
217.7390255717
116.2617057371
260.5678726769
334.3283936735
35.2957738899
28.3792254345
23.7115863334
21.0550490841
21.0967693450
21.4821873257
23.9331697422
57.0531907283
189.8824974515
172.6017615019
237.4975855113
270.5834028250
202.6261749950
158.3789349277
27.1776771864
22.8615056315
23.7234926436
25.4078190579
140.4094877977
319.8411718598
252.5982328138
27.2125373703
28.5971066270
19.9465356820
937.6098832895