798.9542794544
794.8205886220
804.6252249069
826.6880725966
861.7593602601
912.1618106527
1214.2828506161
1035.1933383432
1058.4605512175
1074.7796166377
1200.7731254323
1025.6161800675
1006.6042823781
990.5740517651
989.4842670144
1010.6988775967
1060.8579358802
1149.0439009048
1288.9486087447
2126.8823758477
3961.9402781092
4195.7894251137
3082.7255088196
4012.0556695709
6744.5513066061
3589.0244211937
1104.8345083350
956.6350302695
869.4839876194
821.2899887159
539.6755935978
541.3742039878
553.3425736466
575.9706615995
612.1146662119
667.5527037327
2015.0081628599
2243.1426236391
1239.0914368882
1822.2009338998
2096.8653199320
3499.0529725015
848.5341114979
833.5079061750
830.8420725638
848.7388315565
893.0458608565
970.4818557565
1775.7030669066
8896.4833267150
6259.6472110488
4486.7640315770
5869.2880277348
6841.6737329890
6110.8120991666
851.8169666393
710.1944678058
624.9427831144
575.8532830458
549.8750229086
469.6032820674
473.4432418747
495.6572581056
538.1403336817
604.4726617453
1175.6622197971
5367.0435896124
2380.6199954836
3131.8326759793
3390.4092879619
5147.7490657128
1082.3240424156
3387.6924397706
5205.8478102088
7821.7539082463
5857.0129015973
4629.2492841290
6612.1369659584
4621.1296839860
5442.5084249670
757.2153629265
611.1406110709
528.1771406733
485.6543442186
442.0849528249
443.5792091893
461.4397973176
496.6801244631
553.5648585954
640.5227253845
5725.2859966000
5475.8638219537
2125.9170230017
4965.0275949679
4337.4410129153
3713.0280569229
7461.2103151991
5420.5599031461
5222.1099797958
4572.4272693363
5857.2377726659
5690.9625622574
7794.7640873801
855.4366790637
685.1141147108
569.2746406948
498.0140354702
458.6061759428
443.1754255740
445.4488260381
473.6182317045
532.8200219615
635.0478993713
5589.1209502922
6224.8862109148
3031.6499748027
3298.8915297268
5398.7600340784
5560.9241725988
2914.5253530176
6671.3352227609
8552.0101960685
808.2390307925
639.2217483022
529.5499814929
468.5870507997
473.4977136331
482.2599374899
543.0126886042
1403.3088911823
4884.2137653659
4422.3998477823
6126.4321307841
6992.0909427004
5203.7891323102
4047.3781945451
620.3543163429
515.6734273289
542.6420128731
586.6103790567
3598.7199495597
8315.6430467929
6546.5226640107
629.4157545359
669.7155785570
442.0849528249
8896.4833267150