0.0841989919
0.0823468168
0.0825383812
0.0844006948
0.0879188327
0.0933465422
0.1519076139
0.1132806700
0.1097039718
0.1187695393
0.1377013221
0.1031716652
0.1006986208
0.0988981809
0.0990351482
0.1019274256
0.1084644410
0.1200298582
0.1388870659
0.2415539062
0.5919160237
0.7396391074
0.5282453777
0.5459858675
1.7094680836
0.6850914262
0.1389453857
0.1131535220
0.0977597136
0.0888805487
0.0524604277
0.0525463428
0.0537505120
0.0560932588
0.0598625284
0.0656276074
0.2051048870
0.2382480343
0.1378573502
0.1880872217
0.2287404140
0.3627874391
0.0807534483
0.0788256636
0.0783965323
0.0802073921
0.0848520759
0.0931409642
0.1716386863
0.8762768322
0.6318290969
0.4489432079
0.5954995200
0.6585560143
0.6545129001
0.0880192366
0.0721627798
0.0623976912
0.0567286486
0.0536999871
0.0478493787
0.0486542597
0.0518372818
0.0574548327
0.0648906696
0.1169571851
0.5030227618
0.2344861254
0.2965056286
0.3217583010
0.4834636584
140.7673859703
0.3090365272
0.4728215580
0.7178869641
0.5409055387
0.4325594129
0.6120240079
0.4251446714
0.5127463526
0.0788114280
0.0633223341
0.0541971938
0.0494909463
0.0459306707
0.0464316721
0.0488245045
0.0529789042
0.0588062693
0.0666670943
0.5114104973
0.4936316209
0.1976382022
0.4450634158
0.3902244725
0.3344151331
0.6643337701
0.4842275093
0.4662162293
0.4105599751
0.5254484196
0.5076781776
0.6975382375
0.0870882166
0.0707409799
0.0590747440
0.0516501491
0.0475227069
0.0460189293
0.0464944529
0.0495490595
0.0552394420
0.0642489475
0.4908570812
0.5476440075
0.2698247496
0.2933236390
0.4743374566
0.4883823767
0.2615395706
0.5848627464
0.7493773437
0.0807330459
0.0651306624
0.0545278592
0.0484683023
0.0485300234
0.0494337608
0.0549797894
0.1290762785
0.4267942797
0.3877255801
0.5334255456
0.6078993242
0.4555349946
0.3564555373
0.0622818881
0.0525213154
0.0544017485
0.0581838022
0.3160466009
0.7190244387
0.5681816977
0.0622594835
0.0653130176
0.0459306707
140.7673859703