11.2567722376
11.0475198693
11.0934688821
11.3502772181
11.8181123281
12.5298134026
19.5763424771
14.9687633352
14.6638562880
15.6761898483
18.0117363823
13.8975871896
13.5921059353
13.3659484842
13.3837398354
13.7518272245
14.5820960447
16.0443026728
18.4121998522
31.4029299904
73.5049795164
89.5053569401
64.6085808280
68.5494746034
197.0023111741
82.8988170634
17.9116501076
14.7669634733
12.8925498187
11.8163748019
7.1353526940
7.1488333400
7.3093227349
7.6200615486
8.1192411995
8.8824091551
27.0929579182
31.1613167020
18.0292586129
24.8308139246
29.8279043657
47.5794429363
11.0194072366
10.7848398068
10.7399151257
10.9854789951
11.6002107699
12.6866272821
23.1364913902
116.3438839711
83.4366400056
59.5192748653
78.4776004765
88.2009610515
85.0235770355
11.7567601121
9.6918039466
8.4238515548
7.6880611272
7.2952219655
6.4396146599
6.5359210806
6.9362129300
7.6517240585
8.6257572621
15.7307093086
68.1164413663
31.2820792307
40.0762827881
43.4055198875
65.3395111501
387.2542197586
42.4757828838
65.0186475620
98.0196653581
73.8555018577
58.8651392322
83.4904217784
58.4448243241
69.3424031866
10.5217533911
8.4735437770
7.2756585928
6.6583754757
6.1584920110
6.2162098659
6.5213759316
7.0633442377
7.8452694298
8.9310349695
71.3266998187
68.3179947168
27.0790167669
61.8279280470
54.1005021997
46.3720249186
92.4694424161
67.4303900521
65.0681993931
57.2488312926
73.1588770812
71.1899545576
97.0368329979
11.7116518460
9.4823022488
7.9131938736
6.9232858704
6.3739669609
6.1777369763
6.2355804399
6.6431419370
7.4232662944
8.6878782860
69.6222503009
77.2789006248
38.0185819163
41.2550935943
67.1269375747
69.2265073661
36.7407948313
83.1805302380
106.2144735713
10.9451745922
8.7796878883
7.3311585247
6.5108434537
6.5446398697
6.6687604684
7.4444627280
18.0352292329
61.0533596684
55.2286634718
76.3723822376
87.1841165425
65.1144366019
50.8493029154
8.4466153523
7.0934357984
7.3908591446
7.9333824601
45.1848280772
103.7523905600
81.8644085018
8.4935539357
8.9576316721
6.1584920110
387.2542197586