0.2422007884
0.2367944194
0.2371999413
0.2423408481
0.2521522060
0.2673304281
0.4350048783
0.3239220490
0.3133614807
0.3399018921
0.3934857954
0.2952676659
0.2886018088
0.2838740123
0.2845407149
0.2928715239
0.3113563189
0.3438585633
0.3966952671
0.6798169999
1.6769081321
2.1040044872
1.5110449300
1.5382278226
4.8842094813
1.9709614073
0.3987728974
0.3251184145
0.2811037235
0.2556677578
0.1507733900
0.1509908280
0.1543664286
0.1609537818
0.1715511318
0.1877253318
0.5679968215
0.6603152325
0.3897232114
0.5239164259
0.6377388315
0.9994432718
0.2312005113
0.2261928636
0.2253019376
0.2305711945
0.2436476633
0.2667472180
0.4824934211
2.4099219955
1.7404308003
1.2409466055
1.6376605552
1.8211652504
1.7960488457
0.2508378344
0.2063523060
0.1788635343
0.1628659424
0.1542976871
0.1375577012
0.1398681737
0.1489647791
0.1649952744
0.1860975870
0.3316904437
1.4036053227
0.6514446681
0.8289503098
0.8970123883
1.3451884249
49.6163555526
0.8773635565
1.3404185038
2.0155918110
1.5241952169
1.2178831712
1.7229785043
1.2131788274
1.4304407614
0.2251130290
0.1813555966
0.1555394107
0.1422062412
0.1322148974
0.1336704234
0.1405438480
0.1524631417
0.1691640872
0.1917051099
1.4820448587
1.4134958110
0.5632554511
1.2811151786
1.1204727286
0.9612676366
1.9130492992
1.3984765511
1.3528574125
1.1929715163
1.5206311283
1.4884051287
2.0118926495
0.2499265547
0.2029902166
0.1696667746
0.1484999851
0.1367409869
0.1327760175
0.1341795361
0.1430395623
0.1595803194
0.1859291468
1.4634990571
1.6154441568
0.7986907088
0.8641910649
1.4073422046
1.4540926868
0.7725317659
1.7528603313
2.2277471564
0.2335281179
0.1879299763
0.1572468726
0.1398012187
0.1405202970
0.1432327101
0.1596176803
0.3819300234
1.2937595619
1.1662131435
1.6166987545
1.8481284092
1.3799277328
1.0786324414
0.1807384685
0.1521178275
0.1583360244
0.1697638770
0.9596106886
2.2096144390
1.7439664811
0.1816370288
0.1913773232
0.1322148974
49.6163555526