0.3508342668
0.3433792282
0.3443889500
0.3523407125
0.3671988723
0.3900398346
0.6311306896
0.4711646162
0.4587470065
0.4939341124
0.5734702909
0.4314117769
0.4208932163
0.4131480026
0.4135375503
0.4254948747
0.4527292694
0.5010133041
0.5797923452
1.0136266579
2.4553704837
3.0269300953
2.1705054979
2.2851634284
6.8180754805
2.8156569057
0.5759840095
0.4697876944
0.4064539022
0.3699826187
0.2193066192
0.2197016317
0.2247803725
0.2346330974
0.2504773211
0.2747305400
0.8673774860
1.0075878703
0.5791359239
0.7941983860
0.9655284317
1.5372035587
0.3382402171
0.3299573300
0.3280128017
0.3355389413
0.3550363385
0.3899291186
0.7223805198
3.7122665886
2.6755507871
1.8985738472
2.5224505374
2.7843995809
2.7755521702
0.3681393320
0.3016494203
0.2607894043
0.2370983229
0.2244593601
0.1995975754
0.2028825282
0.2160174092
0.2392591807
0.2702442220
0.4898287154
2.1211281088
0.9894663726
1.2494822779
1.3574012549
2.0411342999
388.9167072644
1.2976752545
1.9864811065
3.0236846250
2.2757700817
1.8198111897
2.5752703372
1.7822506102
2.1623940084
0.3292330603
0.2643244517
0.2261534558
0.2064816252
0.1913491030
0.1933637614
0.2032339118
0.2204477622
0.2447210960
0.2776185596
2.1360516248
2.0679639281
0.8282546112
1.8622649226
1.6339111282
1.3997470843
2.7802928246
2.0247990460
1.9470182660
1.7137034833
2.1956798665
2.1144902209
2.9173329029
0.3635154911
0.2951373083
0.2463365270
0.2152953485
0.1980367777
0.1915721281
0.1934823969
0.2061300067
0.2297927181
0.2673318892
2.0357188881
2.2776153675
1.1207775769
1.2200662131
1.9700238571
2.0265106292
1.0869331164
2.4227488887
3.1108432308
0.3363886992
0.2713781557
0.2271362511
0.2018325553
0.2019004868
0.2055935448
0.2285986073
0.5355980584
1.7626169888
1.6044649973
2.2034478284
2.5090492622
1.8817028828
1.4725288499
0.2591873400
0.2185616069
0.2261672209
0.2417823484
1.3044150577
2.9594848122
2.3392110328
0.2588109474
0.2712777333
0.1913491030
388.9167072644