12.4835991388
12.2486316281
12.3019002002
12.5934779946
13.1240189067
13.9314440438
21.9381976624
16.6411700471
16.3507117000
17.4287150412
20.1441909929
15.4475602931
15.0864686655
14.8164404420
14.8268229206
15.2382557663
16.1781304175
17.8417921116
20.5462112334
35.5903733290
83.3857473278
100.6655055342
72.6777683715
78.5112722586
217.6289957333
93.6939188541
19.9984609756
16.4450652756
14.3285496494
13.1142742664
7.8977825901
7.9137669235
8.0951852626
8.4456957529
9.0087292223
9.8707302193
30.8634766391
35.6405214116
20.4174103905
28.2274264237
34.0591366870
54.5122082979
12.2161651824
11.9326370647
11.8690196134
12.1387824023
12.8309402812
14.0642608073
25.9601120729
132.6367489766
95.2581562523
67.7097889816
89.7147091946
99.9099568915
97.9122391981
13.1176057117
10.7807978550
9.3487698684
8.5191853763
8.0770808931
7.1352700207
7.2433303599
7.6915452756
8.4919977470
9.5816452397
17.5416404127
76.5287339611
35.3910620876
45.0146720063
48.8659499573
73.5890051895
636.8192820129
47.1386390288
72.1994642398
109.5657701687
82.4194899377
65.7733906748
93.2197585640
64.6973044175
77.9509063208
11.7214451003
9.4201534356
8.0738731539
7.3806236665
6.8211168410
6.8853264629
7.2249918113
7.8270518725
8.6930580220
9.8903737740
78.0862341053
75.3564772905
30.0054570296
67.9764543666
59.5819868089
51.0423224561
101.6110592629
73.9865400109
71.2002374218
62.6193142504
80.1969785598
77.4422380304
106.5588119960
12.9935294127
10.5263482793
8.7801047935
7.6754323172
7.0618417025
6.8315513892
6.8945016278
7.3427661787
8.1972383104
9.5736803484
74.9325688074
83.6876550380
41.1156705916
44.7362940212
72.4579474293
74.5789678192
39.8077939692
89.2702697585
114.5074809813
12.0718671160
9.7056170105
8.1095567699
7.2013791058
7.2174603808
7.3499087880
8.1897239444
19.5376724346
65.0839400907
59.1453922600
81.4125447104
92.7706709553
69.4537109539
54.2870187612
9.2977635375
7.8209088245
8.1180618798
8.6958267496
48.1350960474
109.6958333916
86.6319841026
9.3124129280
9.7885567811
6.8211168410
636.8192820129