1.1813063146
1.1584458414
1.1626487989
1.1891435940
1.2378729639
1.3122559296
2.0651298034
1.5756395677
1.5356046406
1.6500362085
1.8954719360
1.4543751520
1.4224793409
1.3990741711
1.4013019742
1.4403046300
1.5278898825
1.6820168824
1.9316872938
3.2906065828
7.7929420762
9.6277209101
6.9062795422
7.2168977234
21.7930263715
8.8549387538
1.8922406205
1.5566476173
1.3564942530
1.2414043878
0.7462089664
0.7475230169
0.7642450659
0.7966969113
0.8488526209
0.9285544316
2.8215183758
3.2478627244
1.8864893850
2.5882349061
3.1130489140
4.9522841341
1.1506595601
1.1263005891
1.1217709766
1.1475503654
1.2118518107
1.3254029316
2.4118595678
12.0968057453
8.6821029068
6.1964739696
8.1666934995
9.1742426922
8.8532396994
1.2314080301
1.0149064584
0.8817498226
0.8044132823
0.7630821953
0.6750770700
0.6854327435
0.7279649314
0.8037779284
0.9062731145
1.6451984075
7.0895299661
3.2596391799
4.1737224416
4.5180585271
6.7964954168
163.4213479475
4.4253414414
6.7715089006
10.1998610988
7.6901939856
6.1317442689
8.6936200247
6.0949076535
7.2171020952
1.1029644749
0.8884679154
0.7627811725
0.6979712901
0.6463735718
0.6526699795
0.6850599206
0.7423003963
0.8244074029
0.9378007541
7.4441014854
7.1227941330
2.8257599403
6.4483446840
5.6412785688
4.8362461573
9.6408322122
7.0335586979
6.7909272225
5.9770752985
7.6340733801
7.4385882518
10.1210614170
1.2273935212
0.9943975916
0.8301756800
0.7264410270
0.6688648289
0.6486266396
0.6549003988
0.6978623665
0.7796728976
0.9118281167
7.2844443101
8.0763071642
3.9770562674
4.3129736705
7.0192211082
7.2415798006
3.8432786008
8.7068710372
11.1074295977
1.1473726412
0.9209202165
0.7693255926
0.6834302048
0.6870958036
0.7002400922
0.7815305799
1.8894348364
6.3987927423
5.7839043539
8.0023626437
9.1380019016
6.8240804150
5.3298273058
0.8861064015
0.7444842243
0.7756896604
0.8325483609
4.7376339012
10.8858457823
8.5896748008
0.8910866487
0.9397399781
0.6463735718
163.4213479475