0.0966947385
0.0944088776
0.0945112731
0.0965525399
0.1005004102
0.1066395383
0.1765337019
0.1298422308
0.1252907006
0.1363299268
0.1586931783
0.1175801041
0.1147785621
0.1127964709
0.1130425299
0.1164338053
0.1239914491
0.1373241848
0.1590855285
0.2762539502
0.6922963569
0.8712228865
0.6245251240
0.6351820010
2.0332340770
0.8188783666
0.1615935657
0.1310868566
0.1128527880
0.1023024146
0.0597788018
0.0598619865
0.0612183229
0.0638671597
0.0681295745
0.0746376734
0.2296812997
0.2686744370
0.1580455448
0.2118491842
0.2596383666
0.4062519337
0.0915089884
0.0893790499
0.0889542703
0.0910400586
0.0962954517
0.1056354834
0.1922122038
0.9700946229
0.7032862610
0.4998532519
0.6627631048
0.7278631519
0.7343173512
0.1003213091
0.0823012430
0.0711601810
0.0646782537
0.0612075476
0.0547790826
0.0557391269
0.0594569508
0.0659762761
0.0744660786
0.1318809480
0.5562098294
0.2611376471
0.3290948793
0.3568039810
0.5343384111
20.4452350770
0.3444534929
0.5259320725
0.7944362076
0.6009728567
0.4811581303
0.6794106934
0.4761867838
0.5673894490
0.0900102911
0.0724273528
0.0620198106
0.0566426830
0.0527294104
0.0533386466
0.0561287520
0.0609246920
0.0675644914
0.0764056971
0.5773740332
0.5525204151
0.2216059977
0.5000460135
0.4378808169
0.3756372212
0.7458851781
0.5454067509
0.5272318248
0.4654154141
0.5931963344
0.5796071121
0.7846300348
0.0995534699
0.0809906401
0.0677148646
0.0592443699
0.0545326776
0.0529247126
0.0534980872
0.0570268581
0.0635401976
0.0738043889
0.5684050357
0.6273840313
0.3109179628
0.3363348384
0.5466636296
0.5649311686
0.3012350236
0.6811595377
0.8648495920
0.0926908563
0.0747897622
0.0626510052
0.0557160780
0.0559060217
0.0569665300
0.0633684326
0.1494706312
0.5031050941
0.4533027195
0.6282854956
0.7184194895
0.5368396286
0.4200661007
0.0717494826
0.0604901828
0.0628084167
0.0672291821
0.3736591042
0.8597286781
0.6789615790
0.0719411006
0.0756387466
0.0527294104
20.4452350770