64.3756908977
63.2076219038
63.5110894164
65.0344316487
67.7844155391
71.9574330791
112.5500130524
85.4924871959
84.4489353850
89.5791547410
103.5195651130
79.8418726614
77.9773137705
76.5738238261
76.6124697206
78.7151902824
83.5346407780
92.0694271672
105.9380096811
183.6037572035
425.8626066626
505.7511986317
368.3650748405
403.2381855309
1056.1321729882
475.3918245125
102.4930832025
84.4534338757
73.7136098354
67.5599799980
40.8528048700
40.9402069935
41.8808329966
43.6944367801
46.6063111028
51.0655979888
159.9917268182
184.6163372480
105.4777356590
146.2420901052
176.2513780804
282.6531470139
63.2668320106
61.7982393348
61.4650070178
62.8561853615
66.4321403015
72.8054851506
134.5306020364
688.2486051170
494.0132798226
351.0375709539
465.1997689264
518.3464713972
507.4115646435
67.7247576490
55.6809682707
48.3104166254
44.0435660604
41.7715857921
36.8239869816
37.3694218134
39.6545042801
43.7446500667
49.3438250455
90.6569032613
396.9799561288
183.3505324798
233.3927014359
253.4430206230
381.8860675474
1086.1710646033
244.4989900625
374.5634280656
568.5925800958
427.5685980258
341.0527568804
483.5364920730
335.3368397427
404.3511692766
60.4742471269
48.5967527578
41.6602581742
38.0906061272
35.1644559494
35.4840890180
37.2172146809
40.3022987381
44.7619867989
50.9575409639
404.7559698109
390.7337568117
155.4204522446
352.4550960344
308.9548827837
264.6335921277
527.0313808680
383.6461915664
369.1188432210
324.5532639796
415.7557549565
401.2840344104
552.5567092403
67.0683159663
54.2998414007
45.2766954514
39.5761053365
36.4106493246
35.2098087515
35.5245867035
37.8266393145
42.2358096920
49.3637479427
388.1715050388
433.7178660677
212.9478469441
231.7650824174
375.4566202546
386.3981531151
206.1488956563
462.4375317539
593.3922178690
62.3219728449
50.0700907171
41.8165949053
37.1240505589
37.2083498697
37.8863239994
42.2270861455
101.0449882751
336.9940054990
306.3023978649
421.6344491333
480.4217010021
359.6392172813
281.0421301039
47.9747231641
40.3320741377
41.8761090037
44.8660630119
249.1751195940
567.9631765053
448.5035070628
48.0617972298
50.5332064845
35.1644559494
1086.1710646033