0.0070730408
0.0068920165
0.0068929313
0.0070407984
0.0073325477
0.0077896622
0.0132139512
0.0095583601
0.0091810845
0.0100433491
0.0117767695
0.0085664294
0.0083469415
0.0081921082
0.0082079912
0.0084628805
0.0090343611
0.0100471015
0.0117089686
0.0207040339
0.0530484616
0.0671866209
0.0479830509
0.0486221989
0.1586020147
0.0632998381
0.0120767708
0.0097271633
0.0083223577
0.0075081356
0.0043281566
0.0043337802
0.0044337964
0.0046293942
0.0049442871
0.0054253532
0.0171064911
0.0201680395
0.0118031132
0.0157682624
0.0194987182
0.0304529506
0.0066069814
0.0064374188
0.0063989662
0.0065494967
0.0069373759
0.0076327523
0.0140134924
0.0718154087
0.0523351375
0.0370479160
0.0494279248
0.0533366327
0.0554985386
0.0073557042
0.0060106487
0.0051782955
0.0046941642
0.0044350062
0.0039926087
0.0040669460
0.0043482740
0.0048381592
0.0054662292
0.0095875922
0.0402367210
0.0192200569
0.0238775581
0.0259575887
0.0387852024
5.0725331839
0.0245433579
0.0374354186
0.0569768533
0.0431135819
0.0346269754
0.0487541592
0.0339014228
0.0410850311
0.0065976620
0.0053002661
0.0045286025
0.0041296696
0.0038520830
0.0038997680
0.0041089337
0.0044639193
0.0049467237
0.0055763927
0.0406209366
0.0390848195
0.0158464816
0.0352949234
0.0309741805
0.0265673288
0.0525510695
0.0384508240
0.0371293711
0.0328367234
0.0418353996
0.0407864802
0.0553010074
0.0072569014
0.0059188093
0.0049512680
0.0043298207
0.0039834921
0.0038638420
0.0039073047
0.0041647086
0.0046316682
0.0053552171
0.0398889833
0.0439698506
0.0218907865
0.0236579732
0.0383523693
0.0396622747
0.0212621989
0.0478873988
0.0606080875
0.0067236141
0.0054465028
0.0045705183
0.0040665197
0.0040709881
0.0041463615
0.0046002462
0.0106202074
0.0354927587
0.0319027384
0.0442651886
0.0506641138
0.0378876163
0.0297035257
0.0052078968
0.0044015101
0.0045550978
0.0048641892
0.0264270069
0.0608658523
0.0481172507
0.0052062074
0.0054583443
0.0038520830
5.0725331839