386.6287062003
382.5955791837
386.1743206385
396.2663879212
413.1073054475
437.8542022095
625.8425974865
503.4876251041
510.9448743685
525.0742263279
598.7043319534
489.6054299217
479.4342042670
471.3108719912
471.0702828841
482.3313903501
508.5985346692
554.9574566871
629.3941031076
1064.5323302291
2183.7229756225
2395.3771084343
1775.8684615828
2170.4350925601
4205.8686235980
2212.3887039423
567.8304289894
481.0763366216
429.7414255026
400.8328206468
254.6538994546
255.3720534450
261.1277313650
272.0814114704
289.6068479366
316.4730745808
971.1189365349
1101.0664761215
619.7592773960
883.6976675859
1041.1521258790
1700.9676919841
397.9597440049
389.9621288375
388.3478077302
396.8786752359
418.3489136840
456.2011616014
837.4833171188
4233.2986391665
3006.9358223183
2145.7258406444
2823.9008801438
3223.2604245139
3008.6066988489
409.9847633265
339.8339970712
297.3345276947
272.8165704007
259.8146392480
224.6141524684
227.0233263931
238.9184799874
260.9938643070
293.5960474868
557.5627289639
2502.1784863991
1129.3856416126
1465.0324052411
1588.4721705182
2403.8412106489
1482.2567544111
1565.0190282029
2401.7113016468
3622.2528256960
2718.0362930604
2156.3816078686
3070.1688388294
2140.3451351469
2542.6545336057
365.0140085575
294.0320993153
253.2561220445
232.3239141860
212.6260969954
213.8051028040
223.1092272309
240.6754785816
267.7900363440
307.7469091845
2625.5035832217
2518.6584817372
987.0615752841
2279.8888091744
1994.2547419671
1707.7024477988
3419.8076081445
2487.0027666822
2395.5859999054
2101.2955795652
2691.0168807096
2610.0921789173
3578.3042766863
409.2237804445
329.1730971778
273.8750693297
239.4835612010
220.4284157559
213.0381461313
214.4217083343
228.0670980872
255.7383089192
302.3730967088
2550.3570158958
2841.9518553839
1388.7728280104
1510.8838913965
2464.1184548119
2538.1617523650
1338.9587972286
3043.4409044953
3900.7948271296
384.0731001775
305.6502059340
254.0052048246
225.0298815226
226.6201736932
230.7453181167
258.7174507497
649.0727046286
2225.8001370375
2017.1275008415
2789.2455943023
3182.1956764924
2373.2014124267
1848.9939055900
295.1151737855
246.3838070821
257.8729106929
277.7482984609
1642.4295826499
3778.8699647534
2978.3088569597
297.9267151652
315.5118673566
212.6260969954
4233.2986391665