1.4389800042
1.4106330986
1.4157883061
1.4485356588
1.5088260815
1.6009462387
2.5372838567
1.9248088908
1.8773689233
2.0155602401
2.3244480291
1.7737219270
1.7329806924
1.7028692915
1.7048420388
1.7527164204
1.8611873699
2.0527822570
2.3640432493
4.0731671651
9.6776049359
11.9182062931
8.5372547973
9.0051439895
26.8332438155
10.9759244875
2.3202124010
1.9041154965
1.6560495503
1.5134446070
0.9069570621
0.9086210986
0.9292619119
0.9692732477
1.0335834120
1.1319574037
3.5039892369
4.0451290442
2.3319970610
3.2090344303
3.8722734860
6.1763072817
1.3999516946
1.3682888607
1.3615943152
1.3927719204
1.4719794754
1.6127238427
2.9616899123
15.0335299473
10.8013076929
7.6889030465
10.1702175620
11.3481846081
11.0850560549
1.5064735909
1.2386384992
1.0741102760
0.9786634763
0.9277154648
0.8215852231
0.8343894411
0.8867452231
0.9799487299
1.1057567056
2.0121098138
8.7153670954
4.0283856650
5.1300346595
5.5625738180
8.3699725766
622.7370596092
5.3894012741
8.2502399087
12.4897575110
9.4051754939
7.5065260399
10.6372407910
7.4088861508
8.8763174795
1.3479376587
1.0840990555
0.9294171275
0.8496945574
0.7865919941
0.7943543849
0.8340341603
0.9039738317
1.0039352137
1.1413627827
8.9719802034
8.6345868643
3.4378264992
7.7970280268
6.8301040186
5.8529012535
11.6517162047
8.4910734211
8.1807730897
7.1983527653
9.2099612167
8.9201867297
12.2264485487
1.4951712141
1.2120195626
1.0115380090
0.8846068271
0.8141058527
0.7883968601
0.7959986560
0.8480667720
0.9467767932
1.1053239618
8.6633805888
9.6512491774
4.7477826525
5.1594147079
8.3665174200
8.6182358764
4.5946528844
10.3312496649
13.2266707813
1.3912973808
1.1188216924
0.9352057589
0.8307760556
0.8333347033
0.8489252456
0.9460942654
2.2590413012
7.5525847179
6.8514635318
9.4448926148
10.7696387676
8.0579267761
6.2981149693
1.0729454413
0.9027032698
0.9377455850
1.0048378641
5.5889364531
12.7646318685
10.0790700307
1.0756098382
1.1313556170
0.7865919941
622.7370596092