2.1459373099
2.1032293325
2.1098817143
2.1570892100
2.2446264382
2.3786144698
3.7615068857
2.8577682045
2.7820817354
2.9948917136
3.4412801299
2.6347062840
2.5778180095
2.5365387611
2.5415143696
2.6128145149
2.7718346184
3.0511249626
3.5032668667
5.9431959834
14.1912439332
17.5687504290
12.6479773096
13.0855158277
39.8861838032
16.3005480653
3.4498943596
2.8349948997
2.4679994410
2.2566781305
1.3520990026
1.3543505538
1.3844475331
1.4429542434
1.5370057727
1.6806319473
5.0590763868
5.8269307799
3.4096633130
4.6498207895
5.5988843433
8.8659077343
2.0818765323
2.0389344619
2.0315429309
2.0784715158
2.1944802424
2.3987885875
4.3430035587
21.6458713917
15.5447855623
11.1064135861
14.6150064212
16.4445556771
15.8361195276
2.2287628600
1.8381025732
1.5974560646
1.4575611263
1.3827244577
1.2246349229
1.2437120146
1.3213626589
1.4594649381
1.6451249032
2.9729662503
12.7391012600
5.8505809741
7.5034954123
8.1156026236
12.2010161520
165.1399472225
7.9875336375
12.2171272986
18.3561099725
13.8540158928
11.0459668251
15.6598880189
11.0181008743
12.9689557832
1.9979303749
1.6104742706
1.3831908886
1.2659470851
1.1734923464
1.1852105924
1.2443523191
1.3485167903
1.4973658754
1.7023132208
13.5048393951
12.8841075199
5.1067662676
11.6783244663
10.2105515463
8.7561945197
17.4600055843
12.7481104753
12.3228232068
10.8502279623
13.8449085999
13.5314872257
18.3394467165
2.2253442276
1.8033290874
1.5060513822
1.3182625076
1.2140644068
1.1782951998
1.1899590213
1.2682400621
1.4169242595
1.6569749794
13.3007439628
14.7099595859
7.2507256252
7.8543482003
12.8015403619
13.2175543200
7.0042320109
15.9154114446
20.2664015352
2.0838876872
1.6721562020
1.3970070429
1.2412585304
1.2489965085
1.2731712736
1.4213683178
3.4464430945
11.7258559403
10.5811389206
14.6628294798
16.7548490295
12.5033564667
9.7641057779
1.6108922023
1.3531759189
1.4112594131
1.5153730654
8.6855262812
20.0045966963
15.7814960809
1.6216893176
1.7116502329
1.1734923464
165.1399472225