13.6327247415
13.3740728880
13.4311693166
13.7491950675
14.3287526921
15.2113215421
23.9996125991
18.1753696050
17.8566807678
19.0385160153
22.0168896845
16.8640454399
16.4682371853
16.1724853130
16.1838237309
16.6341422813
17.6629285269
19.4843463813
22.4461553519
38.9193431559
91.3684346817
110.2833176209
79.6657481897
86.0094274597
238.1442895957
102.8393081266
21.8750940469
17.9782805933
15.6570479250
14.3250213685
8.6179583951
8.6353513313
8.8335296695
9.2164667566
9.8316167937
10.7734337318
33.7247275743
38.9645426586
22.3238481887
30.8468074501
37.2438557499
59.5878876109
13.3284878391
13.0175171419
12.9473291522
13.2417094890
13.9978832335
15.3458701931
28.3385734414
144.8956249424
104.0890300613
73.9721964158
98.0371843272
109.0937304773
107.0763230557
14.3246226003
11.7700152932
10.2043579226
9.2973653214
8.8140118128
7.7890070648
7.9075882134
8.3982585474
9.2739726415
10.4645087462
19.1481554808
83.5170485367
38.6485133365
49.1294161698
53.3387849575
80.3196782757
666.5180683875
51.4119209662
78.7412055561
119.5298872539
89.9166853256
71.7653689098
101.7017089719
70.5600348788
85.0772300490
12.7997897726
10.2856874783
8.8144959900
8.0569261192
7.4470274610
7.5175963412
7.8891684376
8.5470946233
9.4922523764
10.7973606698
85.1076803028
82.1613087105
32.7274990179
74.1018100762
64.9566230611
55.6464652283
110.7582084642
80.6461741249
77.6009837089
68.2538742452
87.4186495221
84.3898543088
116.1536979448
14.1843777699
11.4925699455
9.5862313912
8.3798567390
7.7097400844
7.4579381038
7.5269185951
8.0163035439
8.9480873905
10.4476442318
81.6157575195
91.1696468093
44.7942688223
48.7433116599
78.9291460830
81.2336618727
43.3770712497
97.2247715024
124.7253448050
13.1736692452
10.5938877285
8.8526483675
7.8614891671
7.8776817882
8.0220513445
8.9371556935
21.2932902666
70.8667433446
64.4106417268
88.6413971598
101.0016799034
75.6281451957
59.1177768641
10.1460853519
8.5358727307
8.8579501982
9.4868486579
52.4143341586
119.4011237461
94.3027113744
10.1595293959
10.6765664415
7.4470274610
666.5180683875