0.0073903221
0.0072001331
0.0072032806
0.0073629602
0.0076764662
0.0081672383
0.0139164664
0.0100454622
0.0096551919
0.0105537320
0.0123993141
0.0089901761
0.0087493312
0.0085761063
0.0085862245
0.0088540400
0.0094632624
0.0105478566
0.0123304613
0.0220400130
0.0563875709
0.0711968088
0.0507377695
0.0518300822
0.1673791998
0.0668440353
0.0126945167
0.0102017455
0.0087125054
0.0078502240
0.0045144841
0.0045210576
0.0046280640
0.0048369494
0.0051734741
0.0056886850
0.0184315784
0.0216922203
0.0125196924
0.0169115574
0.0208864985
0.0329353307
0.0069276413
0.0067362030
0.0066864316
0.0068422504
0.0072565291
0.0080057155
0.0149879451
0.0782427063
0.0568126722
0.0401242873
0.0536829974
0.0580874739
0.0601626031
0.0077480628
0.0063076612
0.0054188600
0.0049030783
0.0046276117
0.0041660880
0.0042449090
0.0045425790
0.0050611566
0.0057282132
0.0102012262
0.0436596690
0.0207507051
0.0257919479
0.0280713677
0.0421160102
64.1896665869
0.0262620903
0.0401597765
0.0616262108
0.0464143317
0.0372742190
0.0525741393
0.0360901992
0.0445764842
0.0069354537
0.0055540570
0.0047341225
0.0043110946
0.0040138318
0.0040642051
0.0042843695
0.0046576964
0.0051652309
0.0058265828
0.0425147778
0.0415052254
0.0168415910
0.0372233833
0.0327341875
0.0280416943
0.0554258565
0.0403524352
0.0387231208
0.0341408343
0.0438051842
0.0418646919
0.0582385991
0.0075921559
0.0061899265
0.0051716374
0.0045168413
0.0041520461
0.0040137973
0.0040590090
0.0043261633
0.0048083860
0.0055494561
0.0397720432
0.0447344818
0.0220779197
0.0240736143
0.0385820459
0.0396196539
0.0214987707
0.0472080070
0.0608120504
0.0069615019
0.0056556714
0.0047492123
0.0042249434
0.0042078290
0.0042832753
0.0047408041
0.0106796925
0.0341346104
0.0312110601
0.0426107852
0.0484266727
0.0364767244
0.0286287675
0.0053644569
0.0045465608
0.0046724544
0.0049730146
0.0252878406
0.0567379342
0.0449435187
0.0053200052
0.0055408532
0.0040137973
64.1896665869