135.1013058895
133.1517819931
134.0719400866
137.4045038769
143.1947484019
151.8463948474
227.1527163653
177.4169868807
177.5661055869
185.6160303193
212.5919707561
169.1390381056
165.4705536477
162.6350829259
162.6641308486
166.8380016137
176.4481003032
193.4155746877
220.8023745368
376.4976560093
826.1282578331
944.6763208691
697.3676475100
795.5118540569
1834.7135999438
886.4727177435
206.7880801786
172.7040836793
152.4589949351
140.9396330438
87.3137768935
87.5271934347
89.5094261018
93.3091970295
99.4001886174
108.7294484035
335.1716158013
382.8134784839
217.4907117276
305.7296186157
363.7634537627
588.6729543114
135.8003035198
132.9245412895
132.3277871292
135.2826605833
142.7564364220
155.9798509597
286.5819134122
1452.1306092109
1036.1517811668
738.5394570184
974.1013234178
1101.6694084432
1047.5369101891
142.4022304636
117.6340007693
102.5411734871
93.8146760613
89.1750851372
77.8435431381
78.8441264521
83.3272328423
91.4811416662
103.0329290985
192.2780428517
851.2669375859
387.7613780536
499.3159049658
541.5125732921
817.7991593580
1188.2528529210
529.7969559233
812.3554233161
1227.3917174633
922.1234977958
733.3140606306
1042.1520176243
725.9185873228
865.9182983506
127.0102456597
102.2336114868
87.8823024651
80.5063500343
74.0200624548
74.5700865594
78.0218850085
84.3335653993
93.7481089572
107.2217542601
885.4232648742
850.7879912134
335.4483335189
769.2698997233
673.3371658192
576.7526865666
1152.3294426723
838.5622150324
807.6665174044
709.2646918301
908.1427832263
879.8570988985
1206.9729644085
141.7464734727
114.3733455986
95.2745313739
83.3111507746
76.6789139944
74.1605357706
74.7425346617
79.5537099452
89.0314228833
104.6942405948
857.0409904046
955.3840472618
467.9731685648
509.0343208675
828.1525523603
852.8805298217
451.9186402684
1022.2919734620
1310.1548465601
132.5284830183
105.9197091149
88.2315169971
78.2541660096
78.6664570607
80.1136737177
89.5916173269
220.2224065677
747.0676819318
677.5740379829
935.4783562278
1066.8911363754
796.7594619838
621.5671856013
101.9618430849
85.3969253584
89.0885412354
95.7435637390
551.8323369298
1265.2932381474
997.9886465883
102.6184305479
108.3563467603
74.0200624548
1834.7135999438