239.9844402013
239.4060916334
242.6174186882
249.2185280428
259.4595620576
273.9866763479
347.5855460102
308.5183588900
315.8395889313
319.7642282278
350.6791692192
309.0653449556
304.2990806564
300.1576491562
300.0227552835
306.0220238369
319.9767036552
344.2081123805
382.0309810375
605.9295806561
1056.9623330880
1102.9995500315
812.2932982369
1067.3563280890
1702.2217216473
895.5918167521
318.5002781258
280.1861402537
257.7154935413
245.4342278950
164.3605147194
164.8732506493
168.3819465519
175.0120527832
185.5957584897
201.8032902809
582.5093298591
636.8491541256
354.1220900915
526.4553910076
593.1493845858
996.9290613400
258.7545433678
255.1347656517
254.8198861748
260.3037551632
273.3111717215
295.6556635180
531.8505158916
2593.8586590927
1809.3111432457
1307.4459719616
1691.0823670309
2026.6042003781
1712.1292898986
254.1178650407
213.4012030123
188.9091804810
174.7846492942
167.2976613651
141.8900533515
142.8479816548
149.0593730105
161.1718608707
180.6792808236
354.3364991390
1618.2254445663
702.5712166987
942.1005210631
1015.7246961193
1544.8432217474
185.9397824343
1042.2527969866
1601.8913673786
2382.7906280467
1785.3285494381
1406.0788695817
2014.3877450353
1424.1374799739
1637.8424743437
226.2125234902
183.2665839925
159.0516363980
146.6426079351
133.2743057713
133.5863021734
138.7196515841
149.1205985941
166.3602669297
193.3132724497
1795.2116463507
1700.6686390432
653.3201858582
1548.5502885777
1349.3188646871
1155.6437009392
2330.7191986727
1694.8534910534
1637.7021113838
1432.8459868069
1832.0351555352
1795.0500352952
2435.0672002530
258.0262581855
206.0024688574
171.1619067525
149.9385919855
138.2349905572
133.9072707754
134.5435606096
143.0993319426
161.4584251000
193.7166721404
1784.7823519655
1976.4964328047
961.8832588109
1044.2759221150
1719.2220712741
1773.8082407710
921.7160474852
2135.1727405624
2727.3964731131
246.3979917862
193.7076943015
160.0896230790
141.6044875663
143.8658360922
146.6757622180
165.8819047388
442.3808689702
1572.6821402175
1418.0354191019
1973.6402311084
2256.0630391645
1674.1069724941
1299.8138019316
189.4415090763
156.8392638873
166.2333537483
180.4721726136
1158.3983921761
2698.2031462493
2121.4379346406
193.5661890545
207.2024942125
133.2743057713
2727.3964731131