0.0037110580
0.0036210595
0.0036255715
0.0037069109
0.0038640370
0.0041085684
0.0068804187
0.0050246459
0.0048482267
0.0052756648
0.0061716814
0.0045301632
0.0044128148
0.0043278122
0.0043326922
0.0044644071
0.0047639959
0.0052965472
0.0061696694
0.0109387048
0.0274963642
0.0345301267
0.0246363151
0.0253644947
0.0803865389
0.0322738784
0.0062795294
0.0050711643
0.0043496143
0.0039324997
0.0022846266
0.0022881867
0.0023418449
0.0024464035
0.0026147634
0.0028724975
0.0092162457
0.0107938611
0.0062246914
0.0084499412
0.0103796758
0.0164162871
0.0035117762
0.0034188457
0.0033955300
0.0034742407
0.0036814181
0.0040546715
0.0075618485
0.0392165347
0.0284045579
0.0200990726
0.0268316972
0.0292250860
0.0298625277
0.0038904659
0.0031745714
0.0027333510
0.0024773475
0.0023406512
0.0020985425
0.0021365097
0.0022824664
0.0025380226
0.0028705601
0.0051433862
0.0220942636
0.0104302862
0.0130319608
0.0141788107
0.0212827816
43.6225909890
0.0133732629
0.0204410877
0.0312869906
0.0235468699
0.0188851741
0.0266663139
0.0183625922
0.0225286078
0.0034817695
0.0027909793
0.0023821788
0.0021713222
0.0020185909
0.0020425759
0.0021511098
0.0023368412
0.0025924393
0.0029300309
0.0217733308
0.0212031045
0.0085657322
0.0190375162
0.0167262681
0.0143431605
0.0283978735
0.0206568900
0.0198408911
0.0174707052
0.0224081635
0.0214843153
0.0297836942
0.0038230529
0.0031126256
0.0025998367
0.0022713115
0.0020884086
0.0020195395
0.0020414574
0.0021755925
0.0024206861
0.0028015978
0.0205370510
0.0230373871
0.0113642078
0.0123805126
0.0198910871
0.0204401760
0.0110432684
0.0243889742
0.0313837594
0.0035173896
0.0028506178
0.0023910936
0.0021263763
0.0021212002
0.0021595958
0.0023942295
0.0054685498
0.0176743434
0.0161356033
0.0220797463
0.0251165881
0.0188806137
0.0148020428
0.0027106887
0.0022933741
0.0023627969
0.0025188577
0.0130944101
0.0294878852
0.0233344431
0.0026949829
0.0028134104
0.0020185909
43.6225909890