0.7618718234
0.7465217851
0.7491810063
0.7666619055
0.7989379162
0.8483299806
1.3552503180
1.0193519499
0.9966320289
1.0682180836
1.2369961051
0.9394049137
0.9170078301
0.9004054191
0.9011827214
0.9267472676
0.9850172852
1.0882259128
1.2563067366
2.1853274617
5.2157232863
6.3673797663
4.5839425657
4.8748221251
14.0691746637
5.9293904955
1.2367385292
1.0125265994
0.8788761586
0.8020324835
0.4788649610
0.4797745416
0.4908127552
0.5121882857
0.5465451642
0.5991365573
1.8810999605
2.1786553762
1.2506500486
1.7215986535
2.0850159401
3.3276627504
0.7395290492
0.7219259091
0.7178975995
0.7343012771
0.7765641340
0.8520208265
1.5750715601
8.0673593443
5.8042860196
4.1224693807
5.4689261487
6.0647864814
5.9925437127
0.7996229727
0.6562007229
0.5681683018
0.5171430462
0.4899330128
0.4343187249
0.4412083245
0.4691923887
0.5189109703
0.5858045216
1.0666013710
4.6337197310
2.1518645213
2.7275793066
2.9618105039
4.4569321496
227.4845443080
2.8452441161
4.3565598457
6.6203073253
4.9815954374
3.9793681248
5.6359025190
3.9066371641
4.7215814731
0.7148714635
0.5742524518
0.4917602038
0.4492641969
0.4158265936
0.4199964999
0.4411069825
0.4781918758
0.5309599161
0.6031436872
4.6996609524
4.5418674063
1.8136672189
4.0938655882
3.5899393851
3.0755652458
6.1159029448
4.4536369665
4.2845062591
3.7698525058
4.8287714685
4.6573432357
6.4157084108
0.7909017337
0.6414561233
0.5352384454
0.4678574097
0.4304150753
0.4164017247
0.4204154882
0.4478384527
0.4995911462
0.5823001186
4.4960218365
5.0251043607
2.4710229098
2.6889088849
4.3489049028
4.4751468233
2.3942610486
5.3539910729
6.8701772348
0.7334016404
0.5906654319
0.4939671920
0.4388071720
0.4393906762
0.4474532605
0.4980483716
1.1775457685
3.8997131002
3.5465057821
4.8765005407
5.5550608999
4.1623701591
3.2552470118
0.5650174122
0.4758733110
0.4932108696
0.5277949990
2.8851429388
6.5613566142
5.1839228338
0.5650767097
0.5931507784
0.4158265936
227.4845443080