4.6869578974
4.5974312617
4.6166853105
4.7257902541
4.9249099162
5.2283060418
8.2613688132
6.2566526079
6.1379225747
6.5533307113
7.5789411184
5.7955281602
5.6593266027
5.5577049723
5.5617894062
5.7169284882
6.0711585730
6.6982865732
7.7182142773
13.3837753344
31.4958728118
38.1848139219
27.5151759259
29.6131635811
83.1603944725
35.4340952289
7.5299823062
6.1860544570
5.3854560572
4.9259376907
2.9612288234
2.9671289946
3.0352034800
3.1668018589
3.3782207213
3.7018880114
11.5855695172
13.3898572112
7.6768254788
10.5984128919
12.8023169352
20.4712831305
4.5785171426
4.4715914701
4.4474930674
4.5487164036
4.8086798140
5.2721126410
9.7339550946
49.7597848991
35.7537878271
25.4100763228
33.6754725595
37.4648214076
36.7937739145
4.9247825828
4.0459945988
3.5072617134
3.1951267919
3.0287540438
2.6779803332
2.7189487903
2.8881356951
3.1899431704
3.5997378590
6.5814742584
28.6789911452
13.2771726754
16.8730107816
18.3182125154
27.5793163462
456.8209807496
17.6532147868
27.0372568318
41.0413272789
30.8749818296
24.6444696568
34.9200260392
24.2317291181
29.2160028661
4.4014477141
3.5369130589
3.0307900023
2.7701222258
2.5611016786
2.5855467143
2.7136321008
2.9402174221
3.2653489216
3.7137786871
29.2242950213
28.2122444533
11.2408428567
25.4440777778
22.3042709687
19.1077846439
38.0264432690
27.6895867222
26.6460267087
23.4376557215
30.0172112561
28.9788181818
39.8804033252
4.8768607080
3.9520042768
3.2967075266
2.8818635748
2.6513947662
2.5649851951
2.5888483182
2.7572770633
3.0776094557
3.5926669925
28.0256353983
31.3066146720
15.3843313982
16.7386863453
27.1027131931
27.8936212939
14.8982294128
33.3869717613
42.8301613206
4.5289289562
3.6427617631
3.0443836184
2.7036702061
2.7091182020
2.7588079766
3.0732361355
7.3155345567
24.3361379612
22.1177775778
30.4396240031
34.6841989041
25.9709872532
20.3036626383
3.4884725139
2.9352684354
3.0456769659
3.2616518153
18.0010790757
41.0009868034
32.3840132190
3.4927313516
3.6700846812
2.5611016786
456.8209807496