13.0943060606
12.8504471919
12.9052637727
13.2069623270
13.7559639636
14.5910628136
22.8494297679
17.4265224535
17.0944052629
18.2481449499
21.0153258783
16.1826186451
15.8183252559
15.5474434200
15.5641929322
15.9932901115
16.9660911328
18.6827253746
21.4667322627
36.8342307608
86.1629680451
104.5420172652
75.4506490992
80.7047860405
228.5924065761
96.9744474026
20.8785425420
17.1990024798
15.0064749274
13.7481451864
8.2963670294
8.3125121138
8.5006130776
8.8644653371
9.4489222265
10.3429529680
31.8501892488
36.6916111536
21.1447225989
29.1680600447
35.0973105082
56.0617036283
12.8203242391
12.5381421897
12.4804210747
12.7650952543
13.4843716070
14.7595154293
27.0381658556
136.7968442731
98.1636125459
69.9269221770
92.3754392713
103.4372040862
100.3792589518
13.7091404430
11.2886568015
9.8036532482
8.9424974595
8.4830640466
7.4893680137
7.6016235385
8.0684407215
8.9028127935
10.0393435812
18.3369684840
79.6307009971
36.6722576272
46.8500162399
50.7856105314
76.4594263526
485.2852562692
49.4286549163
75.6786436305
114.3701131069
86.1244312384
68.6762468481
97.3742616111
67.9483936363
81.0801729762
12.2614763058
9.8669796469
8.4665171077
7.7450291575
7.1610105388
7.2279888458
7.5831328247
8.2136888663
9.1228510346
10.3837781044
82.5909040074
79.3221849573
31.4941714513
71.7030711293
62.7804508981
53.8002446393
107.2151595455
78.1431491462
75.3312871722
66.2712994469
84.7542283954
82.2489814384
112.4846468030
13.6275827155
11.0356957015
9.2077107719
8.0533472719
7.4125093954
7.1791895034
7.2458164434
7.7183435551
8.6218286924
10.0834145940
80.1360468663
89.1392874395
43.8341277199
47.6093838248
77.3419137893
79.7074932152
42.3894432747
95.6481855853
122.3237827748
12.7085171386
10.2023715396
8.5209287520
7.5670363422
7.5981547163
7.7404341930
8.6351135946
20.8073468013
70.0421540860
63.4598073185
87.6142877485
99.9558070001
74.7169028668
58.3656587935
9.8002740208
8.2348283096
8.5684673602
9.1905656727
51.8258168339
118.6938852196
93.6835076151
9.8407560840
10.3661349953
7.1610105388
485.2852562692