18.0582936813
17.7140219674
17.7888161868
18.2098204221
18.9777443528
20.1475830815
31.8205631432
24.0698472072
23.6547838346
25.2165681890
29.1703507262
22.3346556508
21.8090297783
21.4163611843
21.4312017285
22.0283926094
23.3929915705
25.8093453031
29.7393849288
51.6014561067
121.2557534253
146.1795682011
105.7222617790
114.1437092362
314.6635432713
136.6716687537
29.0055789168
23.8304231569
20.7475629142
18.9782351372
11.4098459642
11.4328964038
11.6955168603
12.2029641805
13.0181370949
14.2662330025
44.7008036968
51.6624748725
29.5947108885
40.8856942178
49.3826376576
79.0029606639
17.6459436102
17.2327053887
17.1389890311
17.5286890087
18.5306190208
20.3172871756
37.5352941498
192.0195220683
137.9662522103
98.0311778230
129.9531703462
144.5314123238
142.0020140896
18.9737447566
15.5876988813
13.5124462847
12.3102907705
11.6696729261
10.3139728067
10.4714617532
11.1222123624
12.2831862339
13.8602982726
25.3565297064
110.5998033852
51.2003327863
65.0620974204
70.6444014339
106.3769574274
737.1655206075
68.0520769157
104.2277872005
158.2588685238
119.0470325757
95.0230545516
134.6532979740
93.3942942054
112.6716432199
16.9529591177
13.6219934587
11.6725776259
10.6687993585
9.8614262208
9.9551879158
10.4477125239
11.3192884679
12.5704454043
14.2968548374
112.5984566019
108.7244830758
43.3182648239
98.0512127146
85.9568495117
73.6341458013
146.5506238802
106.7051701877
102.6689043446
90.3011348498
115.6625844124
111.6317890603
153.6924892368
18.7829284081
15.2193238511
12.6947557367
11.0968679041
10.2092666409
9.8752590909
9.9667209443
10.6146286074
11.8474757101
13.8305373200
107.9213758904
120.5749295544
59.2446565388
64.4704319854
104.3783189786
107.4206271270
57.3735139741
128.5537573311
164.9361709225
17.4403555888
14.0267815818
11.7218487797
10.4095371639
10.4297062389
10.6205906595
11.8308334982
28.1664923227
93.6842898488
85.1600542700
117.1807896699
133.5148747173
99.9819699655
78.1580202182
13.4315127303
11.3008703407
11.7253275101
12.5564885753
69.2902838672
157.8093984677
124.6415418958
13.4470748380
14.1293323833
9.8614262208
737.1655206075