747.6839767428
742.0818509541
750.3935915689
770.7897453119
803.8825386583
851.9203581871
1174.3438982945
972.4306796535
992.3124877255
1011.3575012763
1143.3707428868
955.4108074200
936.0645245496
920.1122160168
919.0086526084
939.7640468588
988.9276039728
1075.7967295174
1214.7578727718
2045.4278043309
3987.6585732195
4275.5768666596
3149.2088534509
4023.1871344724
7102.0083708168
3797.5555503877
1065.1379668381
912.1420142430
821.9480793709
771.6557183664
499.3378264719
500.8765905102
512.1592543908
533.5275447432
567.6794301987
620.0840714225
1909.9618019316
2149.5679543721
1190.0754888442
1730.2818571825
2017.5188971132
3340.5394834875
783.5240608058
768.0885108901
764.8846605741
781.4470168156
823.2636287369
896.9483379053
1652.5696155055
8378.6159673721
5927.8219414616
4231.7493601691
5566.5253617139
6390.2345746310
5886.0760058786
798.0312633505
662.6551127532
581.0142129187
534.0069985015
509.1323941560
437.2278002669
441.3069491382
463.1639076760
504.3745080193
567.1486832085
1093.0088499656
4967.4112807522
2230.5867887464
2903.7306970914
3149.5942239980
4774.9307369645
1446.6480715100
3105.0556963689
4769.4113960663
7199.8558337461
5392.9123691164
4272.2002769724
6090.5214603915
4235.7360128373
5043.3837446752
709.2887301672
571.4052721371
492.6707160657
452.2974625639
412.5105103009
414.2815906750
431.5714254719
464.9965243976
517.8433810658
597.2292247913
5200.8666692356
4995.6637472872
1951.8936437803
4520.7162163812
3954.5499479326
3384.9688180939
6786.3349100748
4929.9463563639
4744.2623283604
4157.0279827271
5328.2892012492
5158.7645205928
7092.3840981569
796.9744547271
639.7226165373
531.7442953199
464.9008239475
427.8803551913
413.1340871887
415.4482456475
441.7037894572
495.9727835140
588.5038892028
5036.7392649367
5622.0342091828
2741.3959198556
2985.3793518891
4870.6171789809
5013.7360035423
2640.7563421043
6006.7256486638
7709.1700202995
748.8497295541
594.4756271602
493.2959042277
436.6956342993
440.0325864202
447.9730356712
503.0546647119
1275.3296202799
4386.6814107726
3978.7795198254
5500.0293595801
6272.8462578190
4676.3646864907
3640.9595260725
574.5832356298
478.8492869229
501.8891796804
541.1993938435
3233.8762565361
7441.8176866752
5863.1866987524
580.7449546952
615.8262491616
412.5105103009
8378.6159673721