188.1862714333
185.8468743260
187.3248934777
192.0379727668
200.0698867733
211.9706588200
308.8728394928
245.7575552275
247.2127428591
256.7324111459
292.1876550846
236.6105847537
231.7742354205
227.9856565400
228.0273541455
233.6555228004
246.5999581243
269.3809001948
305.9632552170
514.7425554319
1093.7165650596
1230.1772548464
911.4778974847
1060.1675894606
2311.3810735671
1146.1858996891
281.4641238008
236.9945555403
210.6131466009
195.6646700445
122.8296326719
123.1436956041
125.8962716726
131.1602939400
139.5919491477
152.5028654668
463.0845482637
525.2182927016
298.2182350714
422.0970223678
497.9383060814
809.3650322139
191.3909527103
187.6326367389
186.9317811982
191.0839038645
201.4316534640
219.6287914315
401.1789253640
2014.3617723168
1431.9547907032
1023.4355145702
1344.5475082759
1537.1394529035
1431.2431725989
198.2474546688
164.2988950292
143.6488378181
131.7115538064
125.3667173422
108.8742284867
110.1590136604
116.1623605283
127.1866720051
143.1080373203
269.0613043247
1196.0371390595
539.7459591795
700.6557371529
758.8300294885
1147.3170939787
1407.2436942769
750.5300743486
1151.1689200565
1732.4822072546
1301.3934346069
1032.9756693206
1470.2123809563
1028.3621880133
1215.4680078310
176.7940349939
142.5050677763
122.7330923452
112.5761652990
103.3137426304
103.9928139347
108.6646886004
117.3406366068
130.5106615097
149.6666096109
1264.1762265899
1209.9777610370
474.4503016556
1096.0513641437
958.3272548301
820.9095746781
1643.4476803370
1196.1595186785
1153.3209855841
1012.2041515920
1295.1922323374
1259.1254404631
1720.8618139013
198.1649353748
159.5916019489
132.8923041865
116.2546623846
107.0415790023
103.5843741367
104.3450710260
111.0514278048
124.4663433996
146.9079874202
1233.2910108975
1371.6905175376
671.2506033091
729.5537129658
1190.4576698791
1226.8365854558
647.1200897185
1472.6447583571
1884.7342863913
186.1285876271
148.2791923916
123.3353933807
109.3389125463
110.1649214021
112.2218939981
125.7743981954
314.4717390875
1078.9314816567
976.7656260401
1351.6209817121
1542.5947076755
1150.2076926351
896.3794999834
143.2253143465
119.6836235093
125.2743564854
134.9127215862
796.6238814593
1834.2529948328
1445.6787691743
144.6186222697
153.1519767810
103.3137426304
2311.3810735671