17.5465684867
17.2130182120
17.2862110265
17.6954938759
18.4416107246
19.5779702968
30.8997191693
23.3852404563
22.9843359665
24.4980904248
28.3347347968
21.7044681368
21.1943585175
20.8131531125
20.8275244672
21.4072951838
22.7321074033
25.0778678685
28.8926875357
50.1161633604
117.6763089860
141.8409299835
102.5781188928
110.7960046252
305.3690830831
132.5662721834
28.1670910517
23.1461281913
20.1552020200
18.4387813486
11.0897098886
11.1121467608
11.3673120395
11.8603245200
12.6522925299
13.8648531520
43.4276943933
50.1815859925
28.7448665087
39.7194022527
47.9637691738
76.7424126485
17.1517127829
16.7507410313
16.6599724273
17.0387205280
18.0121433155
19.7477266781
36.4765196634
186.5662803456
134.0372287246
95.2464391848
126.2483724677
140.4463528439
137.9216113701
18.4364325724
15.1475087240
13.1318735407
11.9642592687
11.3420517404
10.0230478428
10.1758065560
10.8075483892
11.9348656093
13.4670014722
24.6421601937
107.4943597351
49.7517827004
63.2336073375
68.6573097512
103.3855281749
719.6813241447
66.1547275126
101.3233775042
153.8324585646
115.7182842863
92.3617413410
130.8850223595
90.7908262800
109.5061133359
16.4728153357
13.2366490716
11.3429210470
10.3678245295
9.5827598574
9.6736522175
10.1519094619
10.9985585448
12.2145001540
13.8930911972
109.4831317750
105.7074326943
42.1092127486
95.3324099431
83.5708992164
71.5906010606
142.4912751162
103.7510237250
99.8272011277
87.8009299149
112.4604954059
108.5476955033
149.4327237271
18.2529438446
14.7891783717
12.3358451046
10.7832453762
9.9208208244
9.5963852045
9.6851388607
10.3147333562
11.5132368397
13.4417237047
104.9594085107
117.2588298958
57.6126411345
62.6933426969
101.5096691273
104.4696332684
55.7907939023
125.0287772218
160.4076938860
16.9502551336
13.6314733379
11.3910692338
10.1156686786
10.1358609135
10.3214483381
11.4982913311
27.3871444015
91.1220021621
82.8270266619
113.9769622142
129.8667123534
97.2459231899
76.0177008234
13.0541311356
10.9827027893
11.3962034184
12.2047200706
67.3941316661
153.5091571789
121.2434421150
13.0703761469
13.7345941560
9.5827598574
719.6813241447