1.7164303196
1.6814641608
1.6864636627
1.7242538337
1.7946204287
1.9025224604
3.0298450817
2.2895565617
2.2277216465
2.3998167651
2.7654904979
2.1058648140
2.0591122203
2.0252164950
2.0289478183
2.0864336762
2.2149869089
2.4411656945
2.8080918431
4.7969356023
11.5223170098
14.2711472832
10.2620485949
10.6447704774
32.4183999467
13.2582561116
2.7757819899
2.2763418395
1.9782558730
1.8065438146
1.0787995863
1.0805928448
1.1047668074
1.1517572096
1.2272951961
1.3426748790
4.0754153341
4.7098078325
2.7509575228
3.7462129551
4.5268610244
7.1617544199
1.6599508623
1.6244607840
1.6179573325
1.6553601916
1.7484866699
1.9129724747
3.4725155253
17.3939258344
12.5163212686
8.9276975277
11.7756474782
13.1666514216
12.8297299434
1.7849614630
1.4702543096
1.2763891089
1.1637164558
1.1034581601
0.9787384856
0.9942326200
1.0569094854
1.1681613462
1.3171294585
2.3738548157
10.1587195891
4.6910790689
5.9892264460
6.4837945052
9.7411505450
137.1357936291
6.3441729484
9.7007612641
14.6038009288
11.0243077546
8.7976016271
12.4609029118
8.7504855079
10.3467237776
1.5997795648
1.2888004784
1.1061300869
1.0118822704
0.9383772667
0.9479111430
0.9955000903
1.0790364713
1.1978640031
1.3606375302
10.6917985558
10.2141536502
4.0596158366
9.2529398380
8.0940587714
6.9411465287
13.8276315972
10.0973273239
9.7581153046
8.5962975494
10.9677945015
10.7129312299
14.5260771938
1.7788596563
1.4425118145
1.2048242191
1.0543819796
0.9708493948
0.9419779268
0.9513548543
1.0138594116
1.1320830052
1.3221758611
10.5197080673
11.6329791571
5.7398326900
6.2168653129
10.1251643482
10.4553193320
5.5486434295
12.5911451481
16.0258522388
1.6631805532
1.3360510449
1.1167175525
0.9922951733
0.9977001953
1.0168223778
1.1342885842
2.7342372103
9.2797610442
8.3719972285
11.6013348345
13.2581406701
9.8971679391
7.7320775825
1.2857037098
1.0807459343
1.1259293921
1.2081127460
6.8774647387
15.8363046451
12.4960684132
1.2930404252
1.3635339163
0.9383772667
137.1357936291