1.4468526887
1.4193942623
1.4249430826
1.4577232970
1.5177138948
1.6091276089
2.5233592521
1.9296361380
1.8832752824
2.0201717686
2.3203469091
1.7841296476
1.7448392944
1.7158457986
1.7182799648
1.7658308308
1.8729484341
2.0615841916
2.3671589477
4.0372435679
9.5083447272
11.7075324551
8.3961355255
8.8311753185
26.3483093078
10.7454256638
2.3107487465
1.9027111476
1.6594417533
1.5196757620
0.9155358617
0.9172016944
0.9377733365
0.9776550947
1.0417416749
1.1397072780
3.4751105516
3.9978119427
2.3149614060
3.1851962807
3.8278676104
6.1023099339
1.4130077957
1.3828612304
1.3771001550
1.4086567317
1.4876407919
1.6272487573
2.9673115398
14.9177506526
10.7010845938
7.6348879799
10.0666850797
11.3094767157
10.9091618596
1.5106539684
1.2449110553
1.0816122180
0.9868146521
0.9361780362
0.8274514503
0.8399966945
0.8918386055
0.9843865047
1.1099704132
2.0205349024
8.7336978092
4.0144554942
5.1398305815
5.5656908881
8.3755789501
195.2921334607
5.4436866742
8.3315961444
12.5616023825
9.4660274376
7.5467575296
10.7019976246
7.4918618544
8.8907058549
1.3525030461
1.0891958216
0.9350397542
0.8555714575
0.7918369856
0.7994142239
0.8389098915
0.9088783851
1.0095286132
1.1488817062
9.1389398988
8.7549571720
3.4729745306
7.9220688323
6.9319580617
5.9419532487
11.8453015036
8.6385160456
8.3357951605
7.3349231900
9.3730527381
9.1201340527
12.4317630851
1.5048289242
1.2188527332
1.0173443876
0.8901060821
0.8194826379
0.7943769522
0.8019454851
0.8544697388
0.9547115599
1.1168244023
8.9164065092
9.8974545684
4.8706826034
5.2850310658
8.5965110690
8.8652334987
4.7073321272
10.6511769736
13.6011090426
1.4058603299
1.1282967706
0.9424324089
0.8371060444
0.8413332309
0.8573436851
0.9568599235
2.3125403603
7.8172263367
7.0721971994
9.7773045117
11.1609654798
8.3372981322
6.5116508219
1.0851827793
0.9116974977
0.9496223552
1.0191257379
5.7860052908
13.2795239961
10.4790697069
1.0908771785
1.1501387453
0.7918369856
195.2921334607