0.0082764039
0.0080693234
0.0080732751
0.0082480767
0.0085905556
0.0091258502
0.0153747490
0.0111833622
0.0107526953
0.0117473320
0.0137389556
0.0100492798
0.0097960657
0.0096163700
0.0096343656
0.0099305147
0.0105952937
0.0117726241
0.0137010600
0.0241081063
0.0613591236
0.0776340490
0.0554458896
0.0562239097
0.1830341423
0.0729485241
0.0140557560
0.0113406495
0.0097177099
0.0087777250
0.0050785806
0.0050854716
0.0052028273
0.0054322147
0.0058016007
0.0063661575
0.0200235582
0.0235138922
0.0137458856
0.0184363779
0.0227134412
0.0355950379
0.0077745200
0.0075783633
0.0075338894
0.0077105832
0.0081658325
0.0089811399
0.0165287169
0.0846296515
0.0614539869
0.0435522900
0.0579728168
0.0631468580
0.0646725423
0.0086168846
0.0070436954
0.0060711165
0.0055056961
0.0052031610
0.0046747407
0.0047605974
0.0050875167
0.0056582072
0.0063943625
0.0113161820
0.0478861097
0.0226467362
0.0283304863
0.0307676173
0.0460748322
17.0086970678
0.0292741384
0.0447241337
0.0679986445
0.0513657888
0.0411953241
0.0581163062
0.0404123654
0.0488733903
0.0077260995
0.0062044321
0.0053015846
0.0048352575
0.0045046317
0.0045595597
0.0048030914
0.0052180357
0.0057858520
0.0065319503
0.0483770701
0.0466690811
0.0188310092
0.0420772928
0.0369132621
0.0316531351
0.0627018677
0.0457874806
0.0441367913
0.0389536851
0.0497658752
0.0482234305
0.0659433571
0.0085041146
0.0069280650
0.0057920133
0.0050640070
0.0046587002
0.0045149231
0.0045653702
0.0048666044
0.0054155180
0.0062692602
0.0467332732
0.0519237002
0.0257134159
0.0278901272
0.0450790692
0.0464869152
0.0249672358
0.0558284105
0.0711830193
0.0078664423
0.0063687278
0.0053421280
0.0047521879
0.0047533907
0.0048416568
0.0053730675
0.0124097459
0.0409289907
0.0370632190
0.0511021396
0.0583199517
0.0437044724
0.0342382555
0.0060805207
0.0051393128
0.0053126562
0.0056721960
0.0303867216
0.0692883233
0.0547826560
0.0060685921
0.0063548671
0.0045046317
17.0086970678