0.0000683799
0.0000665738
0.0000665691
0.0000680187
0.0000708932
0.0000754079
0.0001294609
0.0000928382
0.0000891303
0.0000976111
0.0001149070
0.0000828887
0.0000806547
0.0000790610
0.0000791712
0.0000816664
0.0000873218
0.0000973869
0.0001139485
0.0002040110
0.0005266316
0.0006658433
0.0004752055
0.0004834553
0.0015665328
0.0006286550
0.0001180697
0.0000947354
0.0000807882
0.0000727039
0.0000416404
0.0000416966
0.0000426787
0.0000445985
0.0000476913
0.0000524230
0.0001693427
0.0001999449
0.0001159240
0.0001556824
0.0001929573
0.0003031204
0.0000636728
0.0000619058
0.0000614526
0.0000628888
0.0000666955
0.0000735783
0.0001371298
0.0007147314
0.0005204272
0.0003673188
0.0004920037
0.0005287019
0.0005538135
0.0000714779
0.0000582040
0.0000500007
0.0000452360
0.0000426889
0.0000385170
0.0000392557
0.0000420261
0.0000468390
0.0000529841
0.0000934350
0.0003958996
0.0001897831
0.0002346371
0.0002555797
0.0003825128
0.0209968972
0.0002379397
0.0003631813
0.0005577920
0.0004205618
0.0003383097
0.0004761747
0.0003271749
0.0004045640
0.0000640299
0.0000513227
0.0000437598
0.0000398533
0.0000371677
0.0000376418
0.0000396881
0.0000431427
0.0000478070
0.0000538355
0.0003854748
0.0003753766
0.0001531740
0.0003371577
0.0002966788
0.0002540809
0.0005011898
0.0003660571
0.0003516195
0.0003108802
0.0003972235
0.0003822947
0.0005278231
0.0000700833
0.0000572163
0.0000478465
0.0000418080
0.0000384406
0.0000372156
0.0000376387
0.0000401117
0.0000445545
0.0000513568
0.0003682444
0.0004089875
0.0002035533
0.0002208870
0.0003555553
0.0003666721
0.0001982870
0.0004406762
0.0005606237
0.0000644600
0.0000523892
0.0000440138
0.0000391666
0.0000390777
0.0000397795
0.0000440275
0.0000991478
0.0003249578
0.0002930139
0.0004049818
0.0004631810
0.0003468472
0.0002727117
0.0000498404
0.0000422253
0.0000435022
0.0000463317
0.0002422036
0.0005553899
0.0004391717
0.0000495922
0.0000517870
0.0000371677
0.0209968972