0.0000077325
0.0000075251
0.0000075230
0.0000076863
0.0000080116
0.0000085233
0.0000146918
0.0000105193
0.0000100795
0.0000110584
0.0000130244
0.0000093660
0.0000091119
0.0000089310
0.0000089437
0.0000092274
0.0000098703
0.0000110150
0.0000128992
0.0000231275
0.0000599507
0.0000760776
0.0000542129
0.0000549283
0.0001804636
0.0000717249
0.0000134050
0.0000107419
0.0000091499
0.0000082268
0.0000046987
0.0000047049
0.0000048160
0.0000050334
0.0000053836
0.0000059195
0.0000191706
0.0000226479
0.0000131297
0.0000176176
0.0000218566
0.0000343005
0.0000071848
0.0000069837
0.0000069317
0.0000070940
0.0000075252
0.0000083055
0.0000155074
0.0000809245
0.0000589362
0.0000415950
0.0000557217
0.0000598543
0.0000627882
0.0000080839
0.0000065782
0.0000056474
0.0000051068
0.0000048177
0.0000043515
0.0000044359
0.0000047514
0.0000052988
0.0000059960
0.0000105717
0.0000448171
0.0000214854
0.0000265402
0.0000289143
0.0000432790
0.0283582649
0.0000268890
0.0000410563
0.0000630632
0.0000475653
0.0000382636
0.0000538590
0.0000369669
0.0000458019
0.0000072419
0.0000058025
0.0000049453
0.0000045026
0.0000042003
0.0000042548
0.0000044875
0.0000048796
0.0000054075
0.0000060878
0.0000434734
0.0000424113
0.0000173098
0.0000380569
0.0000334927
0.0000286993
0.0000566066
0.0000412980
0.0000396750
0.0000350365
0.0000448391
0.0000430654
0.0000594826
0.0000079197
0.0000064673
0.0000054081
0.0000047250
0.0000043440
0.0000042044
0.0000042528
0.0000045327
0.0000050339
0.0000057991
0.0000413133
0.0000460692
0.0000228841
0.0000248486
0.0000399337
0.0000411530
0.0000222928
0.0000493503
0.0000629327
0.0000072738
0.0000059158
0.0000049714
0.0000044244
0.0000044110
0.0000044902
0.0000049675
0.0000111470
0.0000362131
0.0000327770
0.0000451587
0.0000515592
0.0000387093
0.0000304099
0.0000056210
0.0000047652
0.0000049035
0.0000052195
0.0000269741
0.0000614968
0.0000486908
0.0000055856
0.0000058260
0.0000042003
0.0283582649