0.0005374025
0.0005232346
0.0005231636
0.0005344677
0.0005569062
0.0005921530
0.0010148318
0.0007291763
0.0006993689
0.0007663485
0.0009013362
0.0006508259
0.0006335003
0.0006211925
0.0006221691
0.0006417346
0.0006859286
0.0007644941
0.0008937048
0.0015946436
0.0041167332
0.0052213147
0.0037222141
0.0037727398
0.0123508134
0.0049205563
0.0009264303
0.0007437778
0.0006345844
0.0005712768
0.0003274255
0.0003278543
0.0003355287
0.0003505385
0.0003747152
0.0004116859
0.0013210168
0.0015594875
0.0009069186
0.0012152989
0.0015060430
0.0023606496
0.0005001866
0.0004865743
0.0004831930
0.0004945141
0.0005242781
0.0005779716
0.0010722550
0.0055615487
0.0040517082
0.0028624271
0.0038308025
0.0041178249
0.0043107531
0.0005606880
0.0004569850
0.0003928498
0.0003555769
0.0003356404
0.0003028096
0.0003085954
0.0003303091
0.0003680356
0.0004161868
0.0007313561
0.0030879883
0.0014810709
0.0018313201
0.0019938316
0.0029817621
0.4597594117
0.0018617775
0.0028423215
0.0043526059
0.0032849860
0.0026446774
0.0037188176
0.0025642777
0.0031560458
0.0005025167
0.0004030794
0.0003438757
0.0003132812
0.0002922737
0.0002959930
0.0003120550
0.0003391845
0.0003758370
0.0004232502
0.0030351103
0.0029458592
0.0012007876
0.0026497123
0.0023298581
0.0019972303
0.0039417686
0.0028806683
0.0027717226
0.0024509978
0.0031297588
0.0030241108
0.0041436701
0.0005506998
0.0004495817
0.0003760459
0.0003286773
0.0003022619
0.0002928341
0.0002961690
0.0003156518
0.0003507080
0.0004045130
0.0029310920
0.0032473820
0.0016167071
0.0017508135
0.0028250983
0.0029177880
0.0015734951
0.0035131761
0.0044589477
0.0005076847
0.0004122912
0.0003463073
0.0003081740
0.0003078023
0.0003133848
0.0003470729
0.0007873252
0.0025972657
0.0023386619
0.0032378550
0.0037044520
0.0027746084
0.0021781459
0.0003928714
0.0003326356
0.0003431722
0.0003657705
0.0019364588
0.0044485800
0.0035186001
0.0003915040
0.0004093392
0.0002922737
0.4597594117