2.4353130922
2.3900282282
2.4003827078
2.4567428171
2.5592099547
2.7150404680
4.2526746669
3.2481357799
3.1818144011
3.3997781365
3.9157360603
3.0113370521
2.9430302005
2.8921268585
2.8949468400
2.9747835917
3.1561615651
3.4764671903
3.9961549238
6.8688148055
16.0660599041
19.5896983517
14.0683979080
15.0520775623
43.2993412375
18.0152143534
3.8846707386
3.1994298626
2.7911937102
2.5569601893
1.5432146232
1.5462223876
1.5812929108
1.6491311913
1.7581079827
1.9248427903
5.9478418906
6.8520131760
3.9409871518
5.4437163258
6.5506818333
10.4750147460
2.3854049630
2.3323029711
2.3211846096
2.3740835647
2.5082255576
2.7463109242
5.0410065378
25.5625690678
18.3422032892
13.0615678088
17.2642407081
19.3186077948
18.7664575972
2.5532695068
2.1014986276
1.8243993016
1.6637384885
1.5780372329
1.3935324997
1.4144299354
1.5014155979
1.6569380318
1.8689415520
3.4170335622
14.8587609173
6.8479793993
8.7410244100
9.4773330104
14.2696339447
301.3657956125
9.2047459019
14.0946931368
21.3230563116
16.0513235348
12.8012880578
18.1505759080
12.6473210165
15.1287651202
2.2834226295
1.8369364538
1.5757749672
1.4412242146
1.3324635390
1.3449264977
1.4110785959
1.5285488086
1.6979372829
1.9328058992
15.3459669599
14.7584811187
5.8641011876
13.3328417629
11.6766170518
10.0054460141
19.9337338427
14.5238440460
13.9943420700
12.3093914619
15.7493108734
15.2618593629
20.9101283208
2.5363050928
2.0541277752
1.7137730590
1.4987414114
1.3793371286
1.3355547046
1.3479367573
1.4358329260
1.6038139095
1.8752755129
14.8404852641
16.5282192064
8.1250176386
8.8295856144
14.3309985453
14.7632071637
7.8589006279
17.7015094686
22.6605913117
2.3629686237
1.8977507265
1.5851971056
1.4077412188
1.4128682182
1.4392339662
1.6051926169
3.8574639132
12.9454093977
11.7398252403
16.1930379853
18.4670230332
13.8101597465
10.7896887573
1.8216596415
1.5311532829
1.5921939968
1.7072564455
9.5766986035
21.9000602011
17.2878583481
1.8279505204
1.9244687139
1.3324635390
301.3657956125