0.0000255941
0.0000249173
0.0000249151
0.0000254575
0.0000265335
0.0000282237
0.0000484646
0.0000347502
0.0000333617
0.0000365292
0.0000430100
0.0000310213
0.0000301841
0.0000295870
0.0000296279
0.0000305619
0.0000326793
0.0000364483
0.0000426508
0.0000763864
0.0001972102
0.0002492151
0.0001779320
0.0001809961
0.0005866099
0.0002354679
0.0000442077
0.0000354669
0.0000302424
0.0000272140
0.0000155828
0.0000156038
0.0000159714
0.0000166899
0.0000178475
0.0000196188
0.0000634236
0.0000748896
0.0000434084
0.0000582914
0.0000722572
0.0001134594
0.0000238254
0.0000231630
0.0000229927
0.0000235299
0.0000249546
0.0000275312
0.0000513344
0.0002676260
0.0001948573
0.0001375609
0.0001842492
0.0001980052
0.0002074806
0.0000267519
0.0000217830
0.0000187122
0.0000169286
0.0000159752
0.0000144147
0.0000146914
0.0000157287
0.0000175305
0.0000198304
0.0000349639
0.0001482517
0.0000710787
0.0000878305
0.0000956890
0.0001432120
0.0101688877
0.0000890047
0.0001358873
0.0002086744
0.0001573878
0.0001266204
0.0001782039
0.0001223177
0.0001515361
0.0000239623
0.0000192071
0.0000163767
0.0000149148
0.0000139102
0.0000140878
0.0000148538
0.0000161466
0.0000178914
0.0000201454
0.0001438922
0.0001403386
0.0000573080
0.0001259842
0.0001108714
0.0000950388
0.0001874227
0.0001367416
0.0001313747
0.0001160900
0.0001484743
0.0001427456
0.0001968851
0.0000262216
0.0000214107
0.0000179058
0.0000156465
0.0000143865
0.0000139287
0.0000140870
0.0000150121
0.0000166735
0.0000192157
0.0001374331
0.0001528356
0.0000760367
0.0000824754
0.0001327200
0.0001369378
0.0000740631
0.0001646454
0.0002091815
0.0000241183
0.0000196049
0.0000164722
0.0000146587
0.0000146266
0.0000148889
0.0000164777
0.0000370815
0.0001216585
0.0001095544
0.0001516298
0.0001735662
0.0001300329
0.0001020834
0.0000186545
0.0000158047
0.0000162853
0.0000173443
0.0000908160
0.0002090336
0.0001654472
0.0000185670
0.0000193929
0.0000139102
0.0101688877