27.0862378376
26.5879314348
26.7091045306
27.3431254465
28.4919645725
30.2373489704
47.3421889753
36.0365113072
35.4635995561
37.7387327108
43.5488954120
33.5431975943
32.7699306244
32.1905615293
32.2138971982
33.1004903795
35.1242254680
38.7035117050
44.5158045713
76.8654978791
179.0580329874
215.0982778188
155.7517943798
168.6709497569
461.2414087144
200.4888314812
43.1806100409
35.5677262284
31.0338000627
28.4340797076
17.1733651539
17.2086058456
17.6017338913
18.3608452907
19.5799603784
21.4461419338
66.7804607635
77.0043002196
44.1239180703
61.0759004128
73.5600419908
117.8151305276
26.5722882732
25.9666517980
25.8338664157
26.4204674401
27.9191674567
30.5853393156
56.3490906294
287.1597617576
206.0849758332
146.5811722947
194.0262501854
216.5959621300
211.3114210285
28.4466964793
23.3988855820
20.3064506080
18.5149702483
17.5602808780
15.4934172903
15.7246262958
16.6894325147
18.4151021063
20.7718378223
38.0743635920
166.1886844038
76.6852534820
97.7312049346
106.0580878672
159.7511075507
748.6810310532
102.6168967404
157.1756071053
238.2337862555
179.2263314942
142.9592123967
202.6805144336
140.8599715584
169.2470856926
25.4185910313
20.4361524363
17.5242140397
16.0249646872
14.8042293816
14.9409221727
15.6734593798
16.9755398398
18.8549493118
21.4627723128
170.4123677534
164.2327601939
65.2948594824
148.2415596882
129.8933532766
111.2803793769
221.6519230305
161.4174030986
155.4022904747
136.6636786261
174.9738961494
169.1848749313
232.4379132537
28.2087977673
22.8422630497
19.0516178477
16.6567059166
15.3269052800
14.8301010678
14.9651797223
15.9378533515
17.7983788487
20.8050452039
164.0342167746
183.0145320514
89.9080215098
97.7872863969
158.5486645102
163.2402336859
87.0072018034
195.5281730387
250.6279579191
26.2426235318
21.0807456709
17.6074851146
15.6339921202
15.6790389239
15.9679608384
17.8024407184
42.6750281099
142.7190841044
129.5877422639
178.5389796102
203.5179141549
152.2808173332
118.9907983531
20.2148424198
16.9933899100
17.6557683726
18.9230571974
105.5517373755
240.9395697249
190.2350075597
20.2661234818
21.3204984331
14.8042293816
748.6810310532