105.7576559756
106.1775820602
107.5455317202
109.8140252083
113.0630804902
117.4147567465
124.9941827289
127.2379603322
130.2325229956
131.7183471364
134.3787425624
133.1757874591
133.5459873610
133.8703534076
134.8386886154
137.0220936691
140.7898198198
146.3042702113
153.4622568332
182.4369995268
217.8650388973
214.9093850741
181.7541194323
204.7758902732
245.5438411338
151.3878683143
119.8594647933
112.8067046248
108.6312615551
106.4650996264
75.1245462644
75.2698869639
76.4514637044
78.7192040016
82.3169360105
87.6908774497
164.1244360082
162.7692247606
114.4726941899
156.4666085247
157.9244171708
243.9332637094
115.9199307696
117.0206910093
118.5133245098
121.2512574841
125.7638117153
132.2552175358
198.7753511740
713.9867967525
480.7616982434
375.7820256885
433.0599304285
634.7050356971
350.0059589337
103.0656835169
90.7419681158
83.1335079726
78.6087183911
76.1346614508
63.4983559502
63.6326101682
65.5644481000
69.6378970547
76.8257911074
142.9201049962
585.8382898893
224.9661187184
343.1330943065
357.0196881734
539.1822349118
29.1609203600
452.7004540449
690.0475638516
935.6714542124
719.5944290941
556.5380803807
804.2911786891
640.7359202429
587.3774608416
93.6398144480
78.2371737966
69.7226527919
65.3051297817
59.7761888881
59.7586080282
61.6699633171
65.9016235401
73.5043128709
86.2484607504
917.6765943043
796.6528561111
289.4838521375
754.6850034082
644.7011573572
556.1455034027
1142.2457897875
845.7649622640
843.3810482297
742.3274760821
924.9430481629
985.4470210432
1203.9109684955
113.6323492577
89.8329422986
75.0842776789
66.4975720815
61.8231290731
61.3889132083
61.6955123514
65.7950920442
75.1466988245
92.6789661995
1081.1269355925
1129.6214352280
558.8293329314
590.8465796398
1014.0785598067
1065.9627907263
527.6292213019
1327.4836971450
1626.9380954746
117.4967336069
89.5764894996
73.2866812178
64.8312184261
68.4780659508
70.2698823741
81.2822064236
254.5937857447
1033.6269061480
897.7785935977
1296.2319307917
1503.1453859269
1096.2831964968
846.3398172609
92.5479340011
74.9786812480
83.2513591982
92.5272433840
766.7961045827
1885.1679510893
1474.2191134571
99.1140144635
110.0255713993
29.1609203600
1885.1679510893