1.6192426228
1.5859913498
1.5905824864
1.6262110455
1.6926651824
1.7946353995
2.8634069186
2.1613033859
2.1019404152
2.2656344202
2.6114882503
1.9863027918
1.9420140984
1.9098913906
1.9133699346
1.9677213534
2.0893479204
2.3034133864
2.6507699719
4.5318360007
10.9088384399
13.5218378948
9.7228492294
10.0682962000
30.7642242709
12.5690973204
2.6234706900
2.1500777442
1.8675245387
1.7047285718
1.0168277690
1.0185117076
1.0413365582
1.0857140382
1.1570626736
1.2660569705
3.8505019340
4.4495247327
2.5972171775
3.5382234039
4.2760782014
6.7681407119
1.5648810895
1.5311715542
1.5248797036
1.5601244790
1.6480880198
1.8035744165
3.2787871514
16.4467384715
11.8323499356
8.4387642235
11.1330597247
12.4483937562
12.1282511551
1.6842837666
1.3868215190
1.2035761943
1.0970841146
1.0401349000
0.9229060256
0.9376137248
0.9969436187
1.1021934888
1.2429572886
2.2413383420
9.6005817474
4.4330461557
5.6585408351
6.1265454368
9.2060251519
127.6384016092
5.9876105901
9.1570240790
13.7950308527
10.4104714562
8.3085848239
11.7690226801
8.2560011232
9.7782873475
1.5094358278
1.2157347203
1.0431897920
0.9541771500
0.8849071805
0.8939752132
0.9389850356
1.0179060765
1.1300262683
1.2834231156
10.0728826985
9.6336329089
3.8302708720
8.7225632875
7.6316609313
6.5439964526
13.0343297360
9.5153768537
9.1912936223
8.0954699394
10.3337316479
10.0796669601
13.6914268636
1.6775897602
1.3605102237
1.1362951386
0.9943351984
0.9155153949
0.8881198731
0.8970121517
0.9559728528
1.0673348238
1.2461617062
9.8794421228
10.9383710592
5.3948233837
5.8463552198
9.5140257679
9.8200472970
5.2161695014
11.8172755230
15.0555169680
1.5672046636
1.2593928046
1.0527869825
0.9355255945
0.9402524802
0.9582517945
1.0686909600
2.5701031200
8.6973475947
7.8539019989
10.8734991704
12.4212354552
9.2764467870
7.2480374444
1.2111794587
1.0184095112
1.0603999316
1.1374790967
6.4444947768
14.8169554395
11.6933535544
1.2173539467
1.2830709651
0.8849071805
127.6384016092