0.2230125898
0.2180159923
0.2183765252
0.2230998077
0.2321238491
0.2460893517
0.4008655623
0.2982288512
0.2884604948
0.3129514310
0.3624504430
0.2717343126
0.2655828102
0.2612274210
0.2618474689
0.2695265054
0.2865557311
0.3164995347
0.3651958104
0.6263860021
1.5469087503
1.9412762084
1.3939520017
1.4193312666
4.5076901068
1.8190373673
0.3674465086
0.2995084699
0.2589076661
0.2354413223
0.1387785321
0.1389770650
0.1420823958
0.1481427472
0.1578912484
0.1727676942
0.5226464896
0.6082341449
0.3591508511
0.4822884225
0.5876046614
0.9200895185
0.2126652813
0.2080515186
0.2072361173
0.2120872700
0.2241148680
0.2453598892
0.4433187022
2.2132776612
1.5999286581
1.1404139173
1.5057274843
1.6708300563
1.6543402876
0.2308914721
0.1899490133
0.1646435969
0.1499145504
0.1420246873
0.1266592981
0.1287900534
0.1371722578
0.1519373022
0.1713520549
0.3047349138
1.2866255499
0.5984514181
0.7604376891
0.8230105217
1.2335495245
45.6699796452
0.8044513554
1.2286127939
1.8469729718
1.3974477417
1.1169068682
1.5793568432
1.1128929669
1.3114174093
0.2072358529
0.1669786224
0.1432149713
0.1309387709
0.1217707761
0.1231134177
0.1294455473
0.1404194762
0.1557804110
0.1764880411
1.3606138204
1.2963016222
0.5169145758
1.1755091429
1.0280267510
0.8820672119
1.7550984853
1.2836538554
1.2424653983
1.0961208120
1.3961760398
1.3689871163
1.8461424003
0.2300799275
0.1869111359
0.1562488722
0.1367645271
0.1259376514
0.1223148920
0.1236080520
0.1317667815
0.1469901640
0.1712323175
1.3492714868
1.4865578123
0.7357905057
0.7954406952
1.2964732705
1.3404538200
0.7116764115
1.6178757704
2.0526768654
0.2151095615
0.1731094367
0.1448530759
0.1287855344
0.1294846699
0.1319836767
0.1470842795
0.3521751513
1.1968287700
1.0771625087
1.4953561685
1.7105277625
1.2765323547
0.9978295087
0.1665654314
0.1401755506
0.1459606787
0.1565129539
0.8882625788
2.0497186604
1.6176155871
0.1674756864
0.1765221849
0.1217707761
45.6699796452