303.9477399672
304.1092865583
308.4154461450
316.5119435573
328.7305301639
345.7786553188
412.8019612608
385.1813737506
394.6589526955
398.6626255580
426.6295445076
391.4452587678
387.3060173561
383.5461839468
383.9480312173
391.0075918739
406.7105283407
433.2663603498
473.4603524519
701.9199839782
1112.0859335723
1137.9290674043
850.9181877842
1111.0588266620
1646.2157401137
865.2984888542
382.7327827789
343.9163024079
321.2027851197
308.9947691303
211.3371363257
211.9589562446
216.1838085127
224.1794845965
236.9331218660
256.3923916893
680.7135824045
724.2762653928
414.0782227283
617.4001300239
674.4339927543
1134.8782732187
332.4904045857
329.8034825368
330.4763917290
337.6434587423
353.3904956055
379.5884094444
660.8515218667
3060.0523874966
2107.9914159325
1545.9332031099
1957.9730166931
2457.2307941875
1890.4306005307
316.8113242191
269.0951359066
240.3439981834
223.6931131780
214.8274090066
180.7961751004
181.7164912670
188.8417305824
203.0992197643
226.9213722978
446.7145454233
2022.6567319528
848.9773936966
1174.6429961842
1257.0305785328
1915.0470654264
117.1514508682
1349.9653081075
2073.9826181767
3030.3164496285
2276.2652815119
1783.6080145545
2565.3756695412
1853.4719127985
2041.6962155566
283.0035010611
230.7805512158
201.5989641955
186.6351171752
169.5195176750
169.7302548780
175.8829104429
188.7607820576
210.7848217432
246.1445248256
2402.5859039730
2238.1122993687
846.5424058822
2053.0219261285
1781.2470607760
1527.1762853091
3096.1382054874
2256.8449654842
2192.8816675868
1918.0786639678
2442.7896105182
2430.2368218868
3237.7902141382
327.7430406844
260.6194232649
216.6541671722
190.2415267948
175.7395104154
171.0476414924
171.8264973013
182.8803378833
207.1687582615
250.7760638177
2465.8615465001
2702.4179290879
1315.8901632084
1422.3179337953
2363.3013657008
2446.1451523546
1255.2607184789
2962.6309490150
3758.4450700430
318.5090991911
248.2592289825
204.5230111745
180.8586098884
185.3821615284
189.3214564421
215.4748201684
600.9060027797
2205.3934780976
1974.2911847620
2768.5451638404
3173.4761636103
2344.6967503903
1816.6487363614
245.8300495467
202.3515636223
216.8888026395
236.9555382775
1624.9497140706
3831.7779248574
3007.6498421291
253.9760829172
274.3552057150
117.1514508682
3831.7779248574