0.0054433937
0.0053010888
0.0053019383
0.0054185404
0.0056487315
0.0060097364
0.0102813514
0.0074043904
0.0071052754
0.0077806897
0.0091457897
0.0066125311
0.0064351835
0.0063081268
0.0063163788
0.0065146721
0.0069648620
0.0077660918
0.0090832476
0.0162374899
0.0417538149
0.0528949633
0.0376741308
0.0382864953
0.1250259876
0.0496837108
0.0093822734
0.0075319010
0.0064261813
0.0057855882
0.0033184889
0.0033231330
0.0034017253
0.0035552945
0.0038027534
0.0041815333
0.0135346696
0.0159389908
0.0092171144
0.0124231003
0.0153589669
0.0241798969
0.0050885673
0.0049478278
0.0049114482
0.0050262036
0.0053309203
0.0058818996
0.0109988587
0.0574126191
0.0416948515
0.0294670285
0.0394071750
0.0426104496
0.0441930597
0.0057013203
0.0046404695
0.0039854266
0.0036051774
0.0034020215
0.0030661464
0.0031248197
0.0033453186
0.0037289368
0.0042206751
0.0074998493
0.0320192088
0.0152407010
0.0189273674
0.0206101184
0.0308755759
39.1883935672
0.0192644124
0.0294559313
0.0451819734
0.0340426881
0.0273462778
0.0385655429
0.0264904261
0.0326938319
0.0051049259
0.0040883604
0.0034844296
0.0031727761
0.0029557087
0.0029933765
0.0031563502
0.0034320348
0.0038056447
0.0042908765
0.0312027861
0.0304522162
0.0123599777
0.0273072320
0.0240140022
0.0205760270
0.0406648193
0.0296164784
0.0284172544
0.0250555651
0.0321453021
0.0307340516
0.0427236800
0.0055867636
0.0045564741
0.0038075909
0.0033256923
0.0030572011
0.0029560277
0.0029897703
0.0031868333
0.0035415104
0.0040853853
0.0292097204
0.0328459704
0.0162169208
0.0176784497
0.0283321242
0.0291038666
0.0157940432
0.0346793875
0.0446526404
0.0051225173
0.0041631529
0.0034967389
0.0031111483
0.0030985611
0.0031542992
0.0034906260
0.0078530393
0.0250898592
0.0229373046
0.0313175426
0.0355918446
0.0268077552
0.0210486975
0.0039486225
0.0033474747
0.0034398003
0.0036606492
0.0185941523
0.0417205883
0.0330480398
0.0039156262
0.0040777337
0.0029557087
39.1883935672