0.0000000187
0.0000000188
0.0000000188
0.0000000189
0.0000000191
0.0000000192
0.0000000195
0.0000000196
0.0000000198
0.0000000201
0.0000000203
0.0000000205
0.0000000208
0.0000000210
0.0000000213
0.0000000216
0.0000000218
0.0000000220
0.0000000221
0.0000000222
0.0000000229
0.0000000231
0.0000000222
0.0000000214
0.0000000243
0.0000000210
0.0000000194
0.0000000191
0.0000000189
0.0000000188
0.0000000136
0.0000000136
0.0000000136
0.0000000138
0.0000000140
0.0000000142
0.0000000148
0.0000000152
0.0000000155
0.0000000160
0.0000000165
0.0000000172
0.0000000171
0.0000000176
0.0000000179
0.0000000183
0.0000000186
0.0000000188
0.0000000191
0.0000000206
0.0000000196
0.0000000189
0.0000000185
0.0000000183
0.0000000169
0.0000000153
0.0000000147
0.0000000143
0.0000000139
0.0000000137
0.0000000120
0.0000000119
0.0000000121
0.0000000123
0.0000000128
0.0000000136
0.0000000157
0.0000000154
0.0000000165
0.0000000174
0.0000000187
0.0000000029
0.0000000198
0.0000000210
0.0000000220
0.0000000214
0.0000000205
0.0000000205
0.0000000188
0.0000000171
0.0000000144
0.0000000134
0.0000000127
0.0000000122
0.0000000121
0.0000000120
0.0000000122
0.0000000126
0.0000000132
0.0000000142
0.0000000211
0.0000000194
0.0000000186
0.0000000223
0.0000000227
0.0000000233
0.0000000271
0.0000000270
0.0000000281
0.0000000288
0.0000000278
0.0000000320
0.0000000254
0.0000000174
0.0000000154
0.0000000140
0.0000000130
0.0000000124
0.0000000137
0.0000000136
0.0000000142
0.0000000154
0.0000000175
0.0000000744
0.0000000428
0.0000000438
0.0000000381
0.0000000669
0.0000000915
0.0000000459
0.0000001710
0.0000000836
0.0000000230
0.0000000185
0.0000000159
0.0000000144
0.0000000175
0.0000000177
0.0000000201
0.0000000361
0.0000003566
0.0000001648
0.0000004362
0.0000006622
0.0000004016
0.0000003107
0.0000000241
0.0000000193
0.0000000253
0.0000000285
0.0000003666
0.0000018869
0.0000014831
0.0000000323
0.0000000411
0.0000000029
0.0000018869