16.8464470153
16.5355888364
16.6094234173
17.0015869762
17.7130811499
18.7943728134
29.4133191034
22.4250917245
22.0326914041
23.4799280086
27.0669342120
20.8486766068
20.3727988063
20.0170684569
20.0341104683
20.5854484868
21.8408842029
24.0593892653
27.6598446820
47.6317509949
111.0706096362
134.1674591302
96.8860584684
104.3906208451
290.8384925742
124.5625434983
26.8502766579
22.1193332317
19.3013015234
17.6850024273
10.6801186567
10.7015729766
10.9451119107
11.4157193961
12.1715891825
13.3283770512
41.3262418805
47.6204939877
27.3383480090
37.8094431395
45.5069005112
72.8353972484
16.5188362973
16.1475397097
16.0681246939
16.4335314472
17.3632405812
19.0149747480
34.9632665987
177.6893437059
127.4927982508
90.7394269385
120.0100247862
134.1806677374
130.5333548027
17.6739835928
14.5439021032
12.6253146020
11.5134251612
10.9206281727
9.6370867348
9.7809123320
10.3808734792
11.4539947780
12.9189304400
23.6585676091
103.1030895001
47.5256742081
60.6367464428
65.7731627908
99.0595592431
628.1209722523
63.7860140576
97.6899186450
147.9095266670
111.3033153354
88.7669746683
125.8642876209
87.5981469632
104.9871122939
15.7983420126
12.7058929279
10.8981594821
9.9671876835
9.2105181249
9.2958340394
9.7518251697
10.5622955595
11.7321744678
13.3558349645
106.1577094803
102.1890614178
40.6044418848
92.2838990813
80.8384549427
69.2619495991
137.9874242225
100.5104124123
96.8088122150
85.1406532755
108.9717459657
105.4866850553
144.7211735866
17.5427289418
14.2052580247
11.8494115290
10.3613512706
9.5351444942
9.2292475396
9.3138662768
9.9200807663
11.0797794671
12.9548608466
102.4349883631
114.1871882390
56.1080292263
61.0007848302
98.9637616417
101.9210944327
54.2817130136
122.1429445442
156.4696100802
16.3340741496
13.1180100852
10.9564034668
9.7289337776
9.7612750741
9.9423179505
11.0873981173
26.6286359926
89.2387561640
80.9786485427
111.6344245430
127.2821404497
95.2099530943
74.3861412490
12.5868486380
10.5793565180
10.9975296601
11.7903594679
66.0046786898
150.8146500639
119.0618882993
12.6257571113
13.2887011289
9.2105181249
628.1209722523