0.9621919345
0.9434958773
0.9469890900
0.9687666702
1.0087970802
1.0699056241
1.6872764439
1.2858193384
1.2531844236
1.3463524802
1.5482465955
1.1858288027
1.1592812122
1.1396899739
1.1412245422
1.1730618437
1.2449220402
1.3716160934
1.5770802231
2.6996461609
6.3962266460
7.8980602244
5.6564228924
5.9319578297
17.8744742722
7.2506152846
1.5449596708
1.2697955362
1.1057283778
1.0114165354
0.6074171096
0.6085123100
0.6222297631
0.6488354582
0.6916005836
0.7569914962
2.3222469925
2.6742756286
1.5457411571
2.1274206625
2.5601312633
4.0832774663
0.9375369630
0.9170446547
0.9129465637
0.9338704152
0.9865770718
1.0799478353
1.9759071610
9.9734639651
7.1571557688
5.1024448373
6.7350007679
7.5511231572
7.3107093004
1.0055002217
0.8277395491
0.7184955051
0.6550894292
0.6212261274
0.5497192062
0.5582013910
0.5930007906
0.6550195430
0.7388865557
1.3450164424
5.8197443295
2.6796193065
3.4244214110
3.7097907437
5.5832968533
200.8832769138
3.6146360628
5.5332485426
8.3577126862
6.2952127940
5.0210637236
7.1190867131
4.9717739601
5.9252242880
0.9000812322
0.7244186412
0.6214974930
0.5684468553
0.5262306041
0.5313786073
0.5578244898
0.6045288575
0.6714624148
0.7637801514
6.0437582553
5.8034634719
2.3056976748
5.2455558220
4.5923357818
3.9358368316
7.8414282948
5.7158954815
5.5108305596
4.8483726481
6.2003863598
6.0146465214
8.2286883680
1.0000348922
0.8103084935
0.6763261069
0.5916202597
0.5445954142
0.5276853608
0.5327788745
0.5676920575
0.6340637306
0.7410093999
5.8612433659
6.5191469971
3.2073011906
3.4833386824
5.6564807189
5.8289317554
3.1015611781
6.9933443204
8.9455467189
0.9324140509
0.7490711492
0.6259266547
0.5560288364
0.5582993711
0.5688688775
0.6344637664
1.5240709277
5.1197497805
4.6398580198
6.4031406922
7.3040460513
5.4611693144
4.2667317073
0.7193812847
0.6048437276
0.6291513660
0.6746967042
3.7883700581
8.6687390459
6.8426936546
0.7221247015
0.7604246118
0.5262306041
200.8832769138