0.3826710479
0.3744666371
0.3755289547
0.3841867130
0.4003969747
0.4253359464
0.6898538362
0.5140847642
0.5003851301
0.5390502758
0.6261527474
0.4703567036
0.4588366421
0.4503627216
0.4507902283
0.4638685871
0.4936564517
0.5464786542
0.6326922919
1.1073027896
2.6892583987
3.3155073028
2.3786985658
2.5013394056
7.4595377577
3.0887310390
0.6295001562
0.5130981033
0.4436720563
0.4036822735
0.2389683176
0.2393963905
0.2449372811
0.2556886836
0.2729792800
0.2994468738
0.9466105051
1.1002964667
0.6325318618
0.8668480196
1.0545971931
1.6782483560
0.3685003288
0.3594235273
0.3572798154
0.3654813940
0.3867561532
0.4248489378
0.7874688320
4.0499634003
2.9198567221
2.0714618404
2.7530288006
3.0361152173
3.0318386496
0.4015209314
0.3289085526
0.2842794896
0.2584028102
0.2445976998
0.2176089187
0.2212134550
0.2355857279
0.2609973521
0.2948166462
0.5339781203
2.3115248740
1.0791203280
1.3617793997
1.4795095873
2.2245677652
410.5671044589
1.4130926091
2.1630426482
3.2936345896
2.4789396957
1.9826878529
2.8052947538
1.9407900709
2.3566447125
0.3590894706
0.2882597382
0.2465912627
0.2251166768
0.2086534597
0.2108678190
0.2216583561
0.2404527470
0.2669105191
0.3027076947
2.3241948573
2.2509400596
0.9020380866
2.0268134721
1.7784031450
1.5235307765
3.0255827686
2.2034173192
2.1185833980
1.8647921906
2.3894466382
2.3002869864
3.1748256927
0.3963297115
0.3218328264
0.2686265703
0.2347680074
0.2159416928
0.2088819946
0.2109749393
0.2247672808
0.2505326109
0.2913556512
2.2132862999
2.4769280483
1.2189742906
1.3269352859
2.1420823885
2.2033368672
1.1823437543
2.6338545591
3.3824246563
0.3666031834
0.2958386418
0.2476411678
0.2200622192
0.2200911845
0.2241111933
0.2491365437
0.5827667566
1.9156391690
1.7440304488
2.3945829266
2.7264720039
2.0450339119
1.6005869827
0.2824614137
0.2382366057
0.2464512112
0.2634149173
1.4177078882
3.2150120887
2.5413108126
0.2819654108
0.2954653344
0.2086534597
410.5671044589